avgTJ:  18.39584799437016
stdDvTJ:  18.968265573748795
avgTJ without 0:  19.39206231454006
stdDvTJ without 0:  18.972635594056015
maxTJ:  25.56
minTJ:  11.348837209302326

avgTT:  25.92752562225476
stdDvTT:  24.25474587960447
avgTT without 0:  25.92752562225476
stdDvTT without 0:  24.25474587960447
maxTT:  53.07692307692308
minTT:  14.235294117647058

avgTotT:  27.696254792096727
stdDvTotT:  26.54961549062526
avgTotT without 0:  28.314139282484174
stdDvTotT without 0:  26.516271458396364
maxTotT:  37.96969696969697
minTotT:  20.238095238095237

avgMGT:  18.39584799437016
stdDvMGT:  18.968265573748795
avgMGT without 0:  19.39206231454006
stdDvMGT without 0:  18.972635594056015
maxMGT:  25.56
minMGT:  11.348837209302326

avgSGT:  25.92752562225476
stdDvSGT:  24.25474587960447
avgSGT without 0:  25.92752562225476
stdDvSGT without 0:  24.25474587960447
maxSGT:  53.07692307692308
minSGT:  14.235294117647058

free lanes %:  35.80071174377224 %, number of free traverse:  2515 num of traverse 7025
number of times in traffic %:  19.444839857651246 %, numero di volte nel traffico:  1366 num of traverse 7025
not free passage %:  64.5693950177936 %, number of not free passage:  4536 num of traverse 7025
junction times
 [49.0, 21.0, 11.0, 25.0, 63.0, 45.0, 1.0, 10.0, 10.0, 36.0, 24.0, 1.0, 18.0, 4.0, 10.0, 39.0, 27.0, 5.0, 9.0, 29.0, 11.0, 6.0, 3.0, 5.0, 3.0, 5.0, 12.0, 23.0, 6.0, 1.0, 10.0, 3.0, 6.0, 3.0, 22.0, 35.0, 22.0, 14.0, 21.0, 17.0, 19.0, 20.0, 4.0, 10.0, 5.0, 8.0, 10.0, 2.0, 22.0, 91.0, 10.0, 13.0, 26.0, 29.0, 8.0, 6.0, 8.0, 1.0, 36.0, 21.0, 9.0, 50.0, 23.0, 25.0, 7.0, 25.0, 21.0, 37.0, 1.0, 89.0, 9.0, 37.0, 2.0, 21.0, 17.0, 57.0, 10.0, 18.0, 11.0, 55.0, 4.0, 18.0, 1.0, 78.0, 1.0, 13.0, 16.0, 2.0, 1.0, 30.0, 20.0, 41.0, 17.0, 31.0, 50.0, 3.0, 19.0, 12.0, 14.0, 6.0, 14.0, 39.0, 10.0, 44.0, 19.0, 9.0, 31.0, 2.0, 1.0, 11.0, 19.0, 28.0, 4.0, 19.0, 1.0, 2.0, 6.0, 39.0, 18.0, 2.0, 18.0, 16.0, 62.0, 14.0, 55.0, 3.0, 11.0, 14.0, 24.0, 6.0, 1.0, 9.0, 49.0, 1.0, 25.0, 24.0, 8.0, 10.0, 24.0, 8.0, 5.0, 11.0, 12.0, 28.0, 4.0, 27.0, 9.0, 19.0, 2.0, 2.0, 5.0, 29.0, 8.0, 12.0, 4.0, 13.0, 11.0, 8.0, 7.0, 19.0, 12.0, 43.0, 19.0, 17.0, 5.0, 23.0, 48.0, 7.0, 10.0, 33.0, 12.0, 9.0, 13.0, 5.0, 4.0, 20.0, 4.0, 3.0, 9.0, 27.0, 17.0, 10.0, 1.0, 1.0, 73.0, 10.0, 12.0, 31.0, 8.0, 4.0, 14.0, 53.0, 13.0, 12.0, 45.0, 1.0, 5.0, 12.0, 9.0, 19.0, 8.0, 6.0, 1.0, 41.0, 38.0, 12.0, 13.0, 8.0, 14.0, 14.0, 1.0, 4.0, 11.0, 30.0, 15.0, 11.0, 16.0, 9.0, 7.0, 17.0, 21.0, 14.0, 14.0, 1.0, 9.0, 10.0, 55.0, 1.0, 41.0, 16.0, 34.0, 6.0, 15.0, 10.0, 4.0, 2.0, 2.0, 22.0, 5.0, 27.0, 2.0, 15.0, 16.0, 19.0, 10.0, 1.0, 4.0, 11.0, 3.0, 8.0, 7.0, 41.0, 22.0, 80.0, 41.0, 15.0, 17.0, 10.0, 12.0, 38.0, 21.0, 30.0, 2.0, 40.0, 3.0, 9.0, 9.0, 14.0, 5.0, 9.0, 13.0, 25.0, 26.0, 20.0, 13.0, 32.0, 32.0, 16.0, 21.0, 4.0, 28.0, 8.0, 10.0, 38.0, 5.0, 27.0, 3.0, 12.0, 18.0, 3.0, 2.0, 11.0, 163.0, 75.0, 76.0, 15.0, 7.0, 29.0, 19.0, 32.0, 56.0, 3.0, 2.0, 12.0, 11.0, 5.0, 42.0, 8.0, 3.0, 25.0, 22.0, 31.0, 4.0, 25.0, 18.0, 18.0, 22.0, 4.0, 48.0, 25.0, 7.0, 15.0, 10.0, 5.0, 44.0, 2.0, 3.0, 20.0, 30.0, 18.0, 19.0, 30.0, 19.0, 3.0, 25.0, 2.0, 4.0, 9.0, 39.0, 2.0, 12.0, 34.0, 5.0, 17.0, 33.0, 17.0, 5.0, 10.0, 8.0, 33.0, 10.0, 19.0, 10.0, 11.0, 10.0, 109.0, 3.0, 4.0, 72.0, 13.0, 30.0, 14.0, 10.0, 38.0, 30.0, 2.0, 10.0, 1.0, 46.0, 9.0, 39.0, 1.0, 5.0, 19.0, 1.0, 7.0, 11.0, 3.0, 46.0, 19.0, 25.0, 9.0, 28.0, 18.0, 2.0, 38.0, 2.0, 8.0, 4.0, 25.0, 25.0, 1.0, 21.0, 44.0, 6.0, 7.0, 2.0, 26.0, 8.0, 33.0, 23.0, 35.0, 2.0, 17.0, 10.0, 1.0, 8.0, 18.0, 21.0, 10.0, 6.0, 8.0, 17.0, 5.0, 2.0, 10.0, 17.0, 18.0, 20.0, 41.0, 12.0, 21.0, 46.0, 34.0, 18.0, 33.0, 81.0, 8.0, 3.0, 70.0, 1.0, 11.0, 33.0, 9.0, 32.0, 4.0, 44.0, 29.0, 9.0, 23.0, 74.0, 1.0, 57.0, 2.0, 2.0, 3.0, 1.0, 1.0, 15.0, 21.0, 64.0, 22.0, 10.0, 9.0, 9.0, 13.0, 41.0, 18.0, 14.0, 6.0, 31.0, 45.0, 3.0, 14.0, 17.0, 14.0, 13.0, 10.0, 8.0, 10.0, 21.0, 5.0, 4.0, 18.0, 1.0, 9.0, 21.0, 32.0, 51.0, 26.0, 23.0, 46.0, 28.0, 8.0, 1.0, 6.0, 12.0, 31.0, 5.0, 3.0, 35.0, 22.0, 3.0, 23.0, 20.0, 18.0, 20.0, 10.0, 1.0, 4.0, 21.0, 6.0, 7.0, 39.0, 34.0, 2.0, 45.0, 53.0, 23.0, 10.0, 26.0, 4.0, 12.0, 34.0, 21.0, 91.0, 8.0, 10.0, 28.0, 70.0, 37.0, 65.0, 62.0, 8.0, 21.0, 2.0, 10.0, 29.0, 11.0, 2.0, 14.0, 28.0, 6.0, 9.0, 2.0, 39.0, 10.0, 11.0, 48.0, 50.0, 20.0, 14.0, 85.0, 3.0, 24.0, 32.0, 19.0, 3.0, 22.0, 17.0, 19.0, 9.0, 13.0, 4.0, 43.0, 13.0, 19.0, 38.0, 19.0, 16.0, 8.0, 16.0, 2.0, 15.0, 24.0, 45.0, 3.0, 15.0, 20.0, 64.0, 6.0, 9.0, 4.0, 1.0, 39.0, 1.0, 19.0, 4.0, 28.0, 18.0, 27.0, 28.0, 22.0, 51.0, 8.0, 60.0, 7.0, 9.0, 19.0, 53.0, 12.0, 15.0, 19.0, 22.0, 3.0, 8.0, 2.0, 10.0, 70.0, 4.0, 53.0, 5.0, 2.0, 25.0, 9.0, 4.0, 20.0, 2.0, 9.0, 5.0, 11.0, 13.0, 4.0, 4.0, 62.0, 19.0, 30.0, 3.0, 4.0, 1.0, 43.0, 19.0, 5.0, 2.0, 10.0, 1.0, 26.0, 6.0, 51.0, 5.0, 16.0, 39.0, 7.0, 39.0, 28.0, 7.0, 7.0, 55.0, 9.0, 10.0, 52.0, 38.0, 9.0, 4.0, 15.0, 1.0, 45.0, 31.0, 2.0, 3.0, 5.0, 13.0, 11.0, 28.0, 4.0, 9.0, 13.0, 10.0, 62.0, 2.0, 13.0, 4.0, 6.0, 11.0, 25.0, 1.0, 10.0, 45.0, 5.0, 1.0, 20.0, 10.0, 2.0, 9.0, 7.0, 9.0, 34.0, 8.0, 50.0, 48.0, 6.0, 26.0, 3.0, 12.0, 12.0, 59.0, 27.0, 2.0, 1.0, 9.0, 28.0, 4.0, 29.0, 20.0, 6.0, 11.0, 4.0, 26.0, 10.0, 30.0, 3.0, 10.0, 4.0, 6.0, 9.0, 2.0, 18.0, 19.0, 18.0, 33.0, 24.0, 6.0, 9.0, 42.0, 10.0, 9.0, 13.0, 21.0, 6.0, 4.0, 4.0, 3.0, 3.0, 3.0, 35.0, 31.0, 2.0, 2.0, 23.0, 25.0, 40.0, 2.0, 9.0, 5.0, 29.0, 4.0, 4.0, 32.0, 8.0, 4.0, 8.0, 8.0, 9.0, 26.0, 32.0, 2.0, 8.0, 27.0, 37.0, 25.0, 8.0, 10.0, 12.0, 43.0, 16.0, 12.0, 3.0, 4.0, 29.0, 9.0, 3.0, 10.0, 2.0, 8.0, 20.0, 6.0, 16.0, 46.0, 81.0, 24.0, 26.0, 82.0, 58.0, 11.0, 12.0, 1.0, 5.0, 1.0, 23.0, 91.0, 22.0, 10.0, 47.0, 48.0, 24.0, 15.0, 8.0, 12.0, 6.0, 12.0, 3.0, 54.0, 22.0, 29.0, 29.0, 10.0, 10.0, 20.0, 12.0, 9.0, 15.0, 45.0, 32.0, 15.0, 8.0, 21.0, 7.0, 1.0, 12.0, 17.0, 25.0, 27.0, 30.0, 41.0, 23.0, 27.0, 21.0, 61.0, 36.0, 4.0, 26.0, 23.0, 18.0, 2.0, 6.0, 12.0, 3.0, 12.0, 20.0, 19.0, 27.0, 15.0, 33.0, 7.0, 22.0, 8.0, 9.0, 11.0, 62.0, 9.0, 26.0, 18.0, 1.0, 4.0, 1.0, 25.0, 2.0, 27.0, 8.0, 32.0, 53.0, 7.0, 1.0, 14.0, 1.0, 24.0, 52.0, 5.0, 18.0, 11.0, 13.0, 4.0, 21.0, 10.0, 10.0, 49.0, 45.0, 4.0, 15.0, 23.0, 3.0, 8.0, 15.0, 6.0, 29.0, 7.0, 9.0, 11.0, 10.0, 9.0, 3.0, 8.0, 67.0, 40.0, 1.0, 39.0, 17.0, 9.0, 3.0, 7.0, 15.0, 92.0, 11.0, 27.0, 25.0, 7.0, 6.0, 5.0, 8.0, 13.0, 16.0, 47.0, 11.0, 12.0, 14.0, 11.0, 7.0, 16.0, 33.0, 22.0, 10.0, 11.0, 18.0, 15.0, 25.0, 19.0, 25.0, 63.0, 9.0, 27.0, 5.0, 25.0, 5.0, 1.0, 14.0, 2.0, 18.0, 31.0, 29.0, 6.0, 85.0, 2.0, 20.0, 11.0, 55.0, 1.0, 11.0, 46.0, 19.0, 19.0, 33.0, 1.0, 6.0, 26.0, 18.0, 2.0, 11.0, 2.0, 9.0, 9.0, 19.0, 18.0, 8.0, 10.0, 20.0, 53.0, 1.0, 13.0, 26.0, 26.0, 13.0, 22.0, 10.0, 2.0, 5.0, 16.0, 18.0, 5.0, 24.0, 12.0, 21.0, 5.0, 30.0, 9.0, 32.0, 5.0, 10.0, 4.0, 8.0, 7.0, 13.0, 15.0, 7.0, 9.0, 11.0, 34.0, 9.0, 1.0, 14.0, 1.0, 19.0, 2.0, 12.0, 82.0, 2.0, 17.0, 9.0, 2.0, 5.0, 47.0, 53.0, 16.0, 1.0, 39.0, 5.0, 22.0, 7.0, 102.0, 2.0, 46.0, 34.0, 16.0, 12.0, 6.0, 26.0, 56.0, 4.0, 24.0, 1.0, 5.0, 11.0, 25.0, 14.0, 10.0, 60.0, 9.0, 1.0, 20.0, 11.0, 100.0, 9.0, 8.0, 7.0, 11.0, 3.0, 5.0, 18.0, 12.0, 26.0, 8.0, 9.0, 3.0, 6.0, 63.0, 6.0, 53.0, 6.0, 8.0, 9.0, 6.0, 14.0, 11.0, 27.0, 4.0, 4.0, 14.0, 17.0, 2.0, 2.0, 2.0, 10.0, 12.0, 11.0, 37.0, 4.0, 32.0, 24.0, 9.0, 33.0, 24.0, 1.0, 13.0, 19.0, 12.0, 8.0, 28.0, 10.0, 4.0, 31.0, 11.0, 16.0, 55.0, 1.0, 6.0, 21.0, 22.0, 15.0, 25.0, 18.0, 29.0, 33.0, 20.0, 60.0, 14.0, 21.0, 4.0, 4.0, 33.0, 21.0, 8.0, 44.0, 11.0, 19.0, 26.0, 1.0, 44.0, 18.0, 10.0, 42.0, 2.0, 19.0, 44.0, 19.0, 11.0, 24.0, 43.0, 10.0, 47.0, 16.0, 28.0, 10.0, 56.0, 21.0, 16.0, 32.0, 20.0, 12.0, 10.0, 28.0, 2.0, 1.0, 7.0, 4.0, 21.0, 10.0, 89.0, 13.0, 22.0, 8.0, 15.0, 7.0, 9.0, 1.0, 1.0, 21.0, 9.0, 5.0, 2.0, 24.0, 11.0, 27.0, 4.0, 52.0, 19.0, 24.0, 3.0, 38.0, 11.0, 1.0, 9.0, 32.0, 3.0, 35.0, 20.0, 89.0, 4.0, 3.0, 5.0, 77.0, 9.0, 1.0, 7.0, 4.0, 12.0, 42.0, 11.0, 8.0, 8.0, 2.0, 57.0, 7.0, 20.0, 7.0, 26.0, 34.0, 19.0, 16.0, 12.0, 2.0, 6.0, 35.0, 3.0, 9.0, 10.0, 62.0, 15.0, 57.0, 24.0, 13.0, 29.0, 21.0, 3.0, 8.0, 38.0, 16.0, 19.0, 4.0, 27.0, 25.0, 20.0, 8.0, 13.0, 8.0, 10.0, 11.0, 18.0, 38.0, 6.0, 29.0, 5.0, 38.0, 64.0, 10.0, 30.0, 21.0, 3.0, 35.0, 19.0, 11.0, 36.0, 25.0, 8.0, 108.0, 20.0, 19.0, 3.0, 8.0, 26.0, 51.0, 34.0, 22.0, 10.0, 3.0, 2.0, 49.0, 70.0, 79.0, 8.0, 24.0, 7.0, 8.0, 28.0, 3.0, 19.0, 59.0, 8.0, 25.0, 35.0, 33.0, 29.0, 11.0, 15.0, 74.0, 16.0, 8.0, 8.0, 9.0, 21.0, 4.0, 18.0, 10.0, 38.0, 17.0, 13.0, 9.0, 61.0, 4.0, 41.0, 9.0, 20.0, 4.0, 85.0, 9.0, 11.0, 25.0, 55.0, 31.0, 4.0, 16.0, 10.0, 22.0, 26.0, 14.0, 8.0, 24.0, 23.0, 3.0, 3.0, 11.0, 11.0, 12.0, 29.0, 11.0, 12.0, 60.0, 31.0, 10.0, 39.0, 20.0, 1.0, 6.0, 1.0, 35.0, 9.0, 9.0, 3.0, 4.0, 17.0, 39.0, 40.0, 10.0, 15.0, 8.0, 8.0, 23.0, 18.0, 28.0, 42.0, 25.0, 23.0, 10.0, 27.0, 7.0, 25.0, 17.0, 3.0, 8.0, 8.0, 5.0, 8.0, 28.0, 22.0, 21.0, 33.0, 17.0, 9.0, 10.0, 63.0, 6.0, 8.0, 31.0, 31.0, 11.0, 1.0, 8.0, 18.0, 3.0, 22.0, 44.0, 14.0, 19.0, 9.0, 1.0, 20.0, 34.0, 29.0, 69.0, 10.0, 7.0, 1.0, 36.0, 6.0, 9.0, 25.0, 8.0, 1.0, 20.0, 47.0, 9.0, 18.0, 1.0, 21.0, 12.0, 9.0, 6.0, 42.0, 11.0, 63.0, 7.0, 12.0, 8.0, 48.0, 5.0, 28.0, 11.0, 3.0, 5.0, 10.0, 17.0, 30.0, 6.0, 44.0, 79.0, 10.0, 35.0, 51.0, 18.0, 24.0, 9.0, 28.0, 43.0, 4.0, 17.0, 27.0, 8.0, 11.0, 4.0, 81.0, 16.0, 59.0, 20.0, 19.0, 66.0, 11.0, 18.0, 15.0, 37.0, 17.0, 3.0, 53.0, 53.0, 6.0, 60.0, 4.0, 37.0, 5.0, 3.0, 38.0, 26.0, 3.0, 7.0, 36.0, 11.0, 48.0, 4.0, 8.0, 18.0, 8.0, 36.0, 29.0, 4.0, 10.0, 9.0, 57.0, 37.0, 9.0, 15.0, 32.0, 11.0, 5.0, 20.0, 22.0, 1.0, 19.0, 19.0, 21.0, 45.0, 21.0, 19.0, 9.0, 16.0, 17.0, 25.0, 7.0, 24.0, 44.0, 20.0, 18.0, 13.0, 23.0, 14.0, 24.0, 14.0, 49.0, 1.0, 38.0, 17.0, 4.0, 4.0, 6.0, 4.0, 22.0, 35.0, 3.0, 7.0, 12.0, 11.0, 6.0, 4.0, 1.0, 21.0, 3.0, 10.0, 2.0, 8.0, 12.0, 3.0, 1.0, 9.0, 8.0, 9.0, 26.0, 7.0, 5.0, 3.0, 3.0, 28.0, 14.0, 20.0, 6.0, 2.0, 1.0, 9.0, 20.0, 46.0, 55.0, 4.0, 20.0, 13.0, 75.0, 8.0, 12.0, 5.0, 60.0, 1.0, 20.0, 18.0, 9.0, 4.0, 18.0, 12.0, 32.0, 33.0, 11.0, 13.0, 9.0, 2.0, 50.0, 1.0, 5.0, 12.0, 23.0, 10.0, 12.0, 10.0, 1.0, 27.0, 14.0, 9.0, 3.0, 30.0, 9.0, 11.0, 9.0, 5.0, 44.0, 20.0, 5.0, 9.0, 65.0, 13.0, 31.0, 11.0, 41.0, 47.0, 5.0, 8.0, 41.0, 20.0, 1.0, 3.0, 21.0, 10.0, 33.0, 14.0, 5.0, 8.0, 2.0, 25.0, 144.0, 3.0, 14.0, 16.0, 8.0, 3.0, 9.0, 44.0, 4.0, 2.0, 10.0, 13.0, 61.0, 11.0, 1.0, 10.0, 31.0, 9.0, 6.0, 2.0, 27.0, 10.0, 6.0, 12.0, 17.0, 38.0, 5.0, 14.0, 8.0, 38.0, 40.0, 23.0, 12.0, 15.0, 2.0, 2.0, 11.0, 13.0, 30.0, 5.0, 45.0, 9.0, 15.0, 12.0, 20.0, 2.0, 3.0, 41.0, 65.0, 54.0, 9.0, 8.0, 4.0, 15.0, 21.0, 41.0, 1.0, 8.0, 18.0, 10.0, 62.0, 25.0, 6.0, 11.0, 4.0, 1.0, 26.0, 33.0, 11.0, 2.0, 29.0, 4.0, 9.0, 35.0, 1.0, 85.0, 5.0, 19.0, 19.0, 9.0, 28.0, 16.0, 40.0, 21.0, 40.0, 45.0, 9.0, 75.0, 17.0, 23.0, 4.0, 31.0, 1.0, 18.0, 39.0, 4.0, 8.0, 48.0, 1.0, 22.0, 57.0, 5.0, 1.0, 10.0, 9.0, 1.0, 28.0, 16.0, 17.0, 10.0, 4.0, 43.0, 3.0, 20.0, 10.0, 14.0, 21.0, 6.0, 6.0, 5.0, 4.0, 8.0, 4.0, 7.0, 4.0, 12.0, 8.0, 4.0, 14.0, 31.0, 4.0, 18.0, 39.0, 42.0, 33.0, 33.0, 24.0, 82.0, 55.0, 37.0, 70.0, 8.0, 21.0, 4.0, 7.0, 4.0, 6.0, 3.0, 10.0, 20.0, 1.0, 52.0, 19.0, 72.0, 57.0, 19.0, 1.0, 4.0, 19.0, 23.0, 4.0, 83.0, 34.0, 4.0, 18.0, 19.0, 9.0, 3.0, 3.0, 20.0, 4.0, 86.0, 45.0, 10.0, 3.0, 64.0, 10.0, 26.0, 44.0, 4.0, 3.0, 4.0, 17.0, 4.0, 20.0, 17.0, 17.0, 16.0, 38.0, 8.0, 22.0, 18.0, 7.0, 13.0, 41.0, 21.0, 59.0, 10.0, 6.0, 85.0, 11.0, 25.0, 10.0, 13.0, 7.0, 5.0, 23.0, 1.0, 33.0, 11.0, 76.0, 10.0, 1.0, 23.0, 4.0, 22.0, 50.0, 4.0, 12.0, 35.0, 10.0, 18.0, 2.0, 16.0, 20.0, 11.0, 53.0, 9.0, 46.0, 9.0, 11.0, 6.0, 98.0, 88.0, 17.0, 2.0, 20.0, 37.0, 9.0, 10.0, 33.0, 41.0, 2.0, 25.0, 24.0, 8.0, 54.0, 15.0, 5.0, 11.0, 4.0, 33.0, 40.0, 3.0, 4.0, 14.0, 10.0, 23.0, 31.0, 19.0, 2.0, 9.0, 9.0, 31.0, 29.0, 4.0, 1.0, 17.0, 45.0, 2.0, 6.0, 33.0, 24.0, 29.0, 26.0, 12.0, 40.0, 8.0, 20.0, 4.0, 36.0, 4.0, 5.0, 91.0, 27.0, 16.0, 2.0, 18.0, 10.0, 4.0, 11.0, 4.0, 11.0, 38.0, 1.0, 19.0, 27.0, 18.0, 9.0, 26.0, 16.0, 26.0, 23.0, 28.0, 13.0, 5.0, 6.0, 28.0, 8.0, 1.0, 12.0, 33.0, 13.0, 10.0, 25.0, 6.0, 18.0, 19.0, 13.0, 4.0, 16.0, 9.0, 22.0, 57.0, 4.0, 41.0, 106.0, 16.0, 9.0, 3.0, 13.0, 9.0, 6.0, 6.0, 25.0, 3.0, 21.0, 10.0, 10.0, 15.0, 9.0, 1.0, 16.0, 22.0, 45.0, 11.0, 25.0, 63.0, 55.0, 6.0, 36.0, 5.0, 4.0, 9.0, 20.0, 2.0, 105.0, 24.0, 13.0, 10.0, 42.0, 27.0, 133.0, 21.0, 22.0, 31.0, 10.0, 12.0, 12.0, 18.0, 19.0, 8.0, 6.0, 19.0, 1.0, 5.0, 48.0, 31.0, 8.0, 19.0, 18.0, 7.0, 1.0, 102.0, 2.0, 3.0, 22.0, 7.0, 19.0, 1.0, 10.0, 10.0, 4.0, 31.0, 7.0, 10.0, 24.0, 34.0, 15.0, 27.0, 1.0, 25.0, 4.0, 9.0, 14.0, 43.0, 22.0, 1.0, 9.0, 11.0, 6.0, 10.0, 13.0, 3.0, 42.0, 9.0, 5.0, 24.0, 33.0, 20.0, 40.0, 21.0, 4.0, 3.0, 19.0, 50.0, 29.0, 19.0, 22.0, 9.0, 9.0, 40.0, 3.0, 6.0, 9.0, 63.0, 14.0, 17.0, 23.0, 10.0, 18.0, 5.0, 10.0, 13.0, 6.0, 45.0, 9.0, 29.0, 15.0, 4.0, 39.0, 3.0, 6.0, 20.0, 3.0, 60.0, 12.0, 4.0, 3.0, 3.0, 11.0, 46.0, 4.0, 3.0, 55.0, 9.0, 24.0, 22.0, 11.0, 9.0, 23.0, 14.0, 20.0, 18.0, 5.0, 37.0, 10.0, 179.0, 7.0, 23.0, 23.0, 9.0, 12.0, 60.0, 17.0, 10.0, 17.0, 1.0, 9.0, 10.0, 52.0, 11.0, 29.0, 5.0, 24.0, 9.0, 2.0, 1.0, 11.0, 8.0, 2.0, 9.0, 3.0, 53.0, 6.0, 3.0, 30.0, 19.0, 7.0, 66.0, 32.0, 5.0, 8.0, 23.0, 56.0, 3.0, 12.0, 30.0, 5.0, 46.0, 10.0, 20.0, 1.0, 4.0, 1.0, 48.0, 2.0, 60.0, 4.0, 47.0, 4.0, 35.0, 21.0, 51.0, 21.0, 31.0, 12.0, 4.0, 2.0, 73.0, 9.0, 34.0, 6.0, 29.0, 5.0, 19.0, 10.0, 3.0, 9.0, 8.0, 18.0, 23.0, 27.0, 38.0, 8.0, 28.0, 27.0, 30.0, 8.0, 32.0, 22.0, 1.0, 19.0, 4.0, 25.0, 24.0, 13.0, 5.0, 34.0, 16.0, 9.0, 18.0, 11.0, 10.0, 28.0, 1.0, 20.0, 9.0, 5.0, 51.0, 9.0, 24.0, 19.0, 3.0, 15.0, 4.0, 40.0, 81.0, 8.0, 6.0, 9.0, 8.0, 99.0, 63.0, 31.0, 3.0, 75.0, 10.0, 9.0, 32.0, 26.0, 1.0, 3.0, 126.0, 6.0, 2.0, 41.0, 3.0, 38.0, 38.0, 7.0, 63.0, 22.0, 34.0, 8.0, 4.0, 16.0, 1.0, 9.0, 5.0, 42.0, 110.0, 64.0, 36.0, 23.0, 7.0, 3.0, 20.0, 8.0, 75.0, 3.0, 7.0, 1.0, 9.0, 4.0, 10.0, 62.0, 19.0, 33.0, 21.0, 8.0, 8.0, 11.0, 19.0, 14.0, 44.0, 14.0, 38.0, 7.0, 2.0, 8.0, 3.0, 2.0, 6.0, 14.0, 7.0, 2.0, 1.0, 37.0, 8.0, 51.0, 14.0, 41.0, 3.0, 19.0, 1.0, 3.0, 30.0, 3.0, 20.0, 75.0, 32.0, 24.0, 22.0, 19.0, 52.0, 70.0, 6.0, 20.0, 16.0, 40.0, 92.0, 1.0, 28.0, 52.0, 5.0, 1.0, 4.0, 16.0, 40.0, 27.0, 20.0, 8.0, 4.0, 27.0, 69.0, 2.0, 10.0, 17.0, 19.0, 68.0, 29.0, 20.0, 12.0, 10.0, 73.0, 60.0, 63.0, 7.0, 10.0, 2.0, 26.0, 15.0, 8.0, 9.0, 20.0, 26.0, 25.0, 45.0, 20.0, 10.0, 19.0, 8.0, 7.0, 8.0, 11.0, 3.0, 46.0, 21.0, 31.0, 24.0, 8.0, 10.0, 57.0, 11.0, 6.0, 19.0, 9.0, 48.0, 43.0, 7.0, 30.0, 9.0, 32.0, 8.0, 26.0, 6.0, 130.0, 25.0, 5.0, 13.0, 18.0, 54.0, 19.0, 3.0, 8.0, 7.0, 5.0, 5.0, 23.0, 44.0, 7.0, 23.0, 2.0, 20.0, 51.0, 42.0, 15.0, 20.0, 11.0, 2.0, 62.0, 8.0, 16.0, 7.0, 12.0, 2.0, 19.0, 42.0, 1.0, 11.0, 11.0, 6.0, 19.0, 40.0, 17.0, 1.0, 4.0, 32.0, 12.0, 27.0, 3.0, 45.0, 14.0, 1.0, 2.0, 14.0, 18.0, 12.0, 12.0, 9.0, 13.0, 29.0, 20.0, 22.0, 56.0, 10.0, 10.0, 47.0, 1.0, 58.0, 31.0, 44.0, 27.0, 41.0, 7.0, 2.0, 16.0, 51.0, 11.0, 4.0, 3.0, 12.0, 52.0, 44.0, 12.0, 4.0, 9.0, 2.0, 25.0, 29.0, 11.0, 3.0, 9.0, 19.0, 24.0, 6.0, 31.0, 5.0, 59.0, 3.0, 1.0, 20.0, 54.0, 12.0, 1.0, 1.0, 33.0, 13.0, 16.0, 29.0, 54.0, 30.0, 3.0, 13.0, 11.0, 5.0, 10.0, 24.0, 2.0, 8.0, 23.0, 5.0, 25.0, 9.0, 34.0, 26.0, 91.0, 16.0, 10.0, 4.0, 22.0, 49.0, 43.0, 1.0, 7.0, 48.0, 33.0, 7.0, 8.0, 3.0, 9.0, 71.0, 11.0, 14.0, 34.0, 2.0, 19.0, 8.0, 11.0, 61.0, 21.0, 1.0, 16.0, 33.0, 60.0, 9.0, 9.0, 56.0, 11.0, 15.0, 36.0, 4.0, 21.0, 21.0, 25.0, 9.0, 2.0, 3.0, 21.0, 9.0, 1.0, 12.0, 6.0, 22.0, 9.0, 1.0, 1.0, 74.0, 7.0, 9.0, 25.0, 25.0, 17.0, 18.0, 5.0, 65.0, 28.0, 11.0, 29.0, 27.0, 13.0, 6.0, 10.0, 64.0, 22.0, 28.0, 38.0, 12.0, 34.0, 5.0, 9.0, 13.0, 20.0, 1.0, 5.0, 10.0, 4.0, 9.0, 14.0, 7.0, 4.0, 18.0, 4.0, 7.0, 9.0, 20.0, 66.0, 19.0, 3.0, 18.0, 27.0, 9.0, 19.0, 7.0, 5.0, 4.0, 2.0, 4.0, 38.0, 29.0, 21.0, 10.0, 10.0, 3.0, 29.0, 26.0, 6.0, 3.0, 5.0, 17.0, 29.0, 32.0, 18.0, 16.0, 25.0, 61.0, 49.0, 20.0, 21.0, 2.0, 60.0, 1.0, 34.0, 9.0, 9.0, 8.0, 4.0, 35.0, 11.0, 56.0, 35.0, 21.0, 7.0, 5.0, 8.0, 21.0, 10.0, 12.0, 22.0, 28.0, 43.0, 3.0, 8.0, 39.0, 5.0, 12.0, 14.0, 19.0, 34.0, 90.0, 15.0, 14.0, 58.0, 18.0, 38.0, 31.0, 8.0, 5.0, 6.0, 1.0, 37.0, 4.0, 1.0, 21.0, 1.0, 4.0, 27.0, 3.0, 18.0, 67.0, 3.0, 29.0, 8.0, 60.0, 17.0, 22.0, 3.0, 10.0, 7.0, 2.0, 8.0, 4.0, 12.0, 6.0, 25.0, 10.0, 48.0, 21.0, 5.0, 14.0, 24.0, 16.0, 28.0, 4.0, 23.0, 12.0, 9.0, 14.0, 10.0, 58.0, 15.0, 17.0, 4.0, 8.0, 14.0, 20.0, 26.0, 14.0, 22.0, 5.0, 8.0, 22.0, 2.0, 48.0, 33.0, 6.0, 13.0, 8.0, 36.0, 3.0, 24.0, 33.0, 48.0, 25.0, 21.0, 42.0, 2.0, 21.0, 19.0, 9.0, 12.0, 119.0, 19.0, 9.0, 13.0, 7.0] 

traffic times
 [20.0, 37.0, 11.0, 63.0, 7.0, 1.0, 34.0, 84.0, 35.0, 56.0, 25.0, 22.0, 7.0, 29.0, 28.0, 52.0, 12.0, 6.0, 25.0, 19.0, 8.0, 12.0, 43.0, 8.0, 18.0, 71.0, 30.0, 25.0, 53.0, 30.0, 12.0, 38.0, 2.0, 15.0, 13.0, 26.0, 5.0, 10.0, 26.0, 16.0, 23.0, 40.0, 33.0, 1.0, 64.0, 20.0, 7.0, 29.0, 30.0, 8.0, 10.0, 82.0, 29.0, 97.0, 57.0, 8.0, 4.0, 17.0, 9.0, 10.0, 15.0, 4.0, 15.0, 23.0, 12.0, 21.0, 48.0, 24.0, 3.0, 9.0, 18.0, 33.0, 2.0, 11.0, 16.0, 10.0, 6.0, 10.0, 13.0, 2.0, 22.0, 10.0, 25.0, 20.0, 2.0, 33.0, 10.0, 19.0, 24.0, 36.0, 5.0, 54.0, 1.0, 9.0, 52.0, 65.0, 8.0, 31.0, 22.0, 2.0, 38.0, 7.0, 23.0, 20.0, 33.0, 33.0, 44.0, 40.0, 14.0, 8.0, 4.0, 57.0, 2.0, 61.0, 64.0, 16.0, 16.0, 7.0, 16.0, 4.0, 18.0, 14.0, 23.0, 8.0, 55.0, 10.0, 72.0, 16.0, 10.0, 57.0, 18.0, 3.0, 2.0, 31.0, 2.0, 15.0, 2.0, 54.0, 45.0, 34.0, 13.0, 5.0, 7.0, 8.0, 16.0, 1.0, 37.0, 8.0, 62.0, 11.0, 5.0, 12.0, 22.0, 31.0, 28.0, 27.0, 30.0, 12.0, 48.0, 19.0, 21.0, 14.0, 66.0, 17.0, 19.0, 19.0, 3.0, 1.0, 4.0, 16.0, 39.0, 31.0, 19.0, 1.0, 35.0, 14.0, 90.0, 30.0, 14.0, 6.0, 13.0, 64.0, 14.0, 14.0, 6.0, 26.0, 6.0, 13.0, 1.0, 22.0, 11.0, 61.0, 4.0, 39.0, 20.0, 63.0, 10.0, 7.0, 10.0, 16.0, 6.0, 1.0, 30.0, 8.0, 28.0, 64.0, 31.0, 15.0, 28.0, 21.0, 25.0, 76.0, 3.0, 19.0, 38.0, 21.0, 21.0, 18.0, 38.0, 44.0, 5.0, 75.0, 46.0, 61.0, 7.0, 23.0, 5.0, 8.0, 110.0, 96.0, 13.0, 7.0, 15.0, 52.0, 37.0, 4.0, 10.0, 4.0, 28.0, 53.0, 22.0, 30.0, 20.0, 9.0, 12.0, 1.0, 27.0, 44.0, 20.0, 3.0, 29.0, 7.0, 32.0, 7.0, 2.0, 9.0, 11.0, 6.0, 13.0, 72.0, 26.0, 44.0, 20.0, 59.0, 3.0, 16.0, 15.0, 13.0, 7.0, 24.0, 22.0, 53.0, 8.0, 4.0, 72.0, 9.0, 7.0, 16.0, 2.0, 26.0, 3.0, 48.0, 10.0, 106.0, 9.0, 4.0, 30.0, 50.0, 8.0, 1.0, 15.0, 8.0, 16.0, 79.0, 28.0, 47.0, 58.0, 75.0, 26.0, 1.0, 14.0, 31.0, 16.0, 8.0, 49.0, 12.0, 36.0, 1.0, 28.0, 18.0, 21.0, 45.0, 11.0, 86.0, 5.0, 19.0, 14.0, 32.0, 17.0, 29.0, 14.0, 87.0, 27.0, 1.0, 22.0, 1.0, 8.0, 40.0, 32.0, 2.0, 67.0, 24.0, 24.0, 17.0, 133.0, 31.0, 74.0, 84.0, 9.0, 1.0, 23.0, 14.0, 83.0, 26.0, 17.0, 70.0, 21.0, 5.0, 26.0, 11.0, 11.0, 8.0, 8.0, 33.0, 9.0, 35.0, 11.0, 14.0, 2.0, 8.0, 18.0, 1.0, 6.0, 26.0, 48.0, 11.0, 34.0, 35.0, 20.0, 12.0, 58.0, 1.0, 5.0, 11.0, 27.0, 10.0, 1.0, 16.0, 24.0, 20.0, 42.0, 15.0, 21.0, 38.0, 7.0, 51.0, 40.0, 37.0, 15.0, 20.0, 9.0, 34.0, 14.0, 52.0, 7.0, 8.0, 60.0, 40.0, 17.0, 5.0, 12.0, 17.0, 6.0, 56.0, 3.0, 16.0, 10.0, 33.0, 31.0, 5.0, 10.0, 33.0, 19.0, 14.0, 8.0, 13.0, 24.0, 3.0, 1.0, 7.0, 9.0, 6.0, 25.0, 6.0, 14.0, 20.0, 11.0, 48.0, 6.0, 6.0, 10.0, 36.0, 34.0, 62.0, 2.0, 45.0, 9.0, 104.0, 15.0, 17.0, 38.0, 2.0, 48.0, 13.0, 22.0, 54.0, 39.0, 127.0, 119.0, 13.0, 14.0, 16.0, 7.0, 42.0, 3.0, 28.0, 39.0, 4.0, 25.0, 2.0, 43.0, 99.0, 12.0, 61.0, 68.0, 19.0, 2.0, 5.0, 1.0, 22.0, 4.0, 15.0, 4.0, 22.0, 8.0, 17.0, 6.0, 2.0, 12.0, 31.0, 71.0, 5.0, 6.0, 1.0, 14.0, 23.0, 35.0, 6.0, 13.0, 9.0, 20.0, 6.0, 55.0, 17.0, 7.0, 11.0, 40.0, 35.0, 80.0, 59.0, 97.0, 13.0, 5.0, 9.0, 47.0, 11.0, 4.0, 5.0, 5.0, 4.0, 9.0, 11.0, 7.0, 48.0, 43.0, 76.0, 3.0, 8.0, 14.0, 20.0, 21.0, 14.0, 51.0, 7.0, 1.0, 67.0, 23.0, 5.0, 42.0, 12.0, 13.0, 5.0, 18.0, 38.0, 8.0, 6.0, 10.0, 7.0, 48.0, 21.0, 27.0, 47.0, 73.0, 26.0, 4.0, 3.0, 13.0, 20.0, 16.0, 20.0, 39.0, 42.0, 29.0, 6.0, 70.0, 29.0, 61.0, 8.0, 6.0, 28.0, 1.0, 25.0, 44.0, 82.0, 20.0, 2.0, 6.0, 20.0, 51.0, 24.0, 10.0, 82.0, 8.0, 75.0, 24.0, 9.0, 5.0, 19.0, 9.0, 20.0, 6.0, 44.0, 15.0, 2.0, 24.0, 3.0, 3.0, 19.0, 2.0, 29.0, 133.0, 13.0, 108.0, 23.0, 1.0, 6.0, 21.0, 24.0, 47.0, 1.0, 16.0, 30.0, 1.0, 14.0, 22.0, 57.0, 52.0, 1.0, 29.0, 3.0, 2.0, 27.0, 48.0, 43.0, 5.0, 22.0, 9.0, 10.0, 20.0, 76.0, 41.0, 10.0, 11.0, 12.0, 8.0, 12.0, 37.0, 21.0, 20.0, 41.0, 16.0, 18.0, 5.0, 22.0, 43.0, 9.0, 21.0, 12.0, 74.0, 12.0, 23.0, 10.0, 13.0, 16.0, 16.0, 18.0, 20.0, 23.0, 3.0, 4.0, 11.0, 8.0, 27.0, 6.0, 88.0, 2.0, 30.0, 12.0, 33.0, 25.0, 5.0, 8.0, 35.0, 6.0, 16.0, 32.0, 9.0, 26.0, 17.0, 37.0, 21.0, 2.0, 10.0, 6.0, 21.0, 4.0, 12.0, 9.0, 21.0, 33.0, 11.0, 49.0, 15.0, 53.0, 20.0, 7.0, 8.0, 14.0, 31.0, 21.0, 20.0, 20.0, 5.0, 8.0, 17.0, 12.0, 46.0, 15.0, 16.0, 25.0, 81.0, 22.0, 42.0, 29.0, 13.0, 8.0, 22.0, 22.0, 3.0, 72.0, 11.0, 39.0, 26.0, 20.0, 10.0, 8.0, 5.0, 15.0, 37.0, 20.0, 63.0, 22.0, 10.0, 4.0, 5.0, 13.0, 13.0, 62.0, 8.0, 26.0, 3.0, 19.0, 87.0, 37.0, 39.0, 40.0, 29.0, 14.0, 77.0, 64.0, 1.0, 22.0, 1.0, 24.0, 17.0, 4.0, 23.0, 23.0, 10.0, 4.0, 58.0, 39.0, 3.0, 3.0, 3.0, 8.0, 40.0, 11.0, 11.0, 11.0, 5.0, 43.0, 12.0, 20.0, 17.0, 34.0, 10.0, 8.0, 200.0, 30.0, 17.0, 36.0, 6.0, 28.0, 31.0, 57.0, 67.0, 2.0, 48.0, 35.0, 27.0, 18.0, 46.0, 1.0, 14.0, 3.0, 22.0, 79.0, 12.0, 12.0, 15.0, 4.0, 7.0, 1.0, 24.0, 98.0, 3.0, 8.0, 17.0, 51.0, 73.0, 87.0, 6.0, 18.0, 25.0, 14.0, 25.0, 25.0, 2.0, 24.0, 41.0, 10.0, 16.0, 19.0, 15.0, 12.0, 12.0, 32.0, 3.0, 9.0, 1.0, 37.0, 36.0, 19.0, 11.0, 23.0, 1.0, 24.0, 66.0, 19.0, 7.0, 6.0, 14.0, 19.0, 29.0, 21.0, 5.0, 10.0, 9.0, 74.0, 26.0, 9.0, 27.0, 3.0, 27.0, 30.0, 11.0, 17.0, 27.0, 44.0, 30.0, 60.0, 12.0, 8.0, 11.0, 6.0, 39.0, 81.0, 14.0, 7.0, 15.0, 23.0, 13.0, 21.0, 7.0, 35.0, 37.0, 8.0, 2.0, 7.0, 29.0, 19.0, 8.0, 1.0, 12.0, 23.0, 82.0, 27.0, 47.0, 22.0, 17.0, 47.0, 7.0, 7.0, 35.0, 12.0, 39.0, 8.0, 4.0, 34.0, 14.0, 16.0, 42.0, 19.0, 12.0, 25.0, 42.0, 14.0, 4.0, 29.0, 16.0, 79.0, 6.0, 9.0, 7.0, 38.0, 23.0, 28.0, 21.0, 11.0, 8.0, 62.0, 10.0, 15.0, 13.0, 42.0, 14.0, 26.0, 5.0, 19.0, 40.0, 1.0, 47.0, 32.0, 33.0, 55.0, 40.0, 10.0, 20.0, 10.0, 25.0, 19.0, 3.0, 47.0, 30.0, 20.0, 22.0, 43.0, 19.0, 5.0, 68.0, 23.0, 15.0, 30.0, 37.0, 17.0, 13.0, 55.0, 12.0, 93.0, 40.0, 88.0, 94.0, 20.0, 16.0, 23.0, 17.0, 87.0, 31.0, 28.0, 4.0, 35.0, 49.0, 14.0, 78.0, 26.0, 32.0, 32.0, 1.0, 16.0, 22.0, 1.0, 1.0, 94.0, 37.0, 6.0, 4.0, 75.0, 77.0, 35.0, 5.0, 12.0, 52.0, 11.0, 13.0, 11.0, 9.0, 8.0, 3.0, 11.0, 26.0, 19.0, 3.0, 44.0, 13.0, 27.0, 12.0, 28.0, 10.0, 72.0, 13.0, 34.0, 44.0, 10.0, 79.0, 3.0, 10.0, 9.0, 103.0, 12.0, 10.0, 69.0, 42.0, 4.0, 20.0, 40.0, 2.0, 18.0, 46.0, 43.0, 2.0, 12.0, 7.0, 5.0, 29.0, 9.0, 33.0, 23.0, 31.0, 24.0, 31.0, 20.0, 22.0, 9.0, 23.0, 1.0, 8.0, 7.0, 25.0, 21.0, 65.0, 32.0, 21.0, 30.0, 10.0, 24.0, 39.0, 75.0, 25.0, 18.0, 79.0, 26.0, 15.0, 85.0, 36.0, 7.0, 37.0, 2.0, 22.0, 36.0, 59.0, 13.0, 9.0, 18.0, 15.0, 25.0, 7.0, 14.0, 87.0, 9.0, 24.0, 21.0, 106.0, 32.0, 2.0, 6.0, 24.0, 18.0, 87.0, 76.0, 55.0, 33.0, 21.0, 9.0, 26.0, 20.0, 5.0, 12.0, 11.0, 60.0, 5.0, 25.0, 44.0, 42.0, 83.0, 128.0, 18.0, 199.0, 26.0, 32.0, 18.0, 37.0, 32.0, 52.0, 50.0, 34.0, 24.0, 40.0, 34.0, 51.0, 21.0, 1.0, 22.0, 62.0, 7.0, 7.0, 24.0, 65.0, 12.0, 4.0, 13.0, 39.0, 22.0, 39.0, 22.0, 44.0, 5.0, 1.0, 45.0, 9.0, 63.0, 19.0, 3.0, 38.0, 51.0, 40.0, 35.0, 68.0, 10.0, 40.0, 38.0, 25.0, 1.0, 33.0, 41.0, 54.0, 3.0, 68.0, 37.0, 24.0, 69.0, 5.0, 17.0, 3.0, 8.0, 6.0, 60.0, 16.0, 24.0, 189.0, 25.0, 57.0, 18.0, 14.0, 11.0, 42.0, 7.0, 33.0, 9.0, 25.0, 8.0, 31.0, 123.0, 9.0, 41.0, 1.0, 18.0, 6.0, 55.0, 23.0, 47.0, 54.0, 29.0, 11.0, 11.0, 13.0, 73.0, 2.0, 8.0, 18.0, 12.0, 26.0, 29.0, 5.0, 48.0, 4.0, 68.0, 12.0, 41.0, 74.0, 13.0, 29.0, 32.0, 17.0, 58.0, 35.0, 7.0, 16.0, 45.0, 5.0, 27.0, 1.0, 21.0, 1.0, 47.0, 36.0, 64.0, 7.0, 78.0, 61.0, 11.0, 2.0, 34.0, 8.0, 16.0, 2.0, 18.0, 9.0, 111.0, 28.0, 27.0, 24.0, 12.0, 55.0, 48.0, 68.0, 19.0, 28.0, 13.0, 10.0, 12.0, 4.0, 12.0, 25.0, 37.0, 14.0, 6.0, 62.0, 68.0, 57.0, 16.0, 94.0, 16.0, 21.0, 16.0, 12.0, 85.0, 11.0, 17.0, 73.0, 5.0, 8.0, 16.0, 58.0, 1.0, 56.0, 40.0, 32.0, 30.0, 36.0, 35.0, 13.0, 1.0, 63.0, 3.0, 18.0, 4.0, 17.0, 31.0, 25.0, 31.0, 6.0, 14.0, 24.0, 12.0, 56.0, 51.0, 61.0, 61.0, 4.0, 14.0, 89.0, 22.0, 21.0, 21.0, 9.0, 63.0, 51.0, 13.0, 7.0, 73.0, 15.0, 42.0, 16.0, 35.0, 15.0, 13.0, 2.0, 48.0, 5.0, 13.0, 18.0, 34.0, 89.0, 5.0, 51.0, 1.0, 2.0, 23.0, 13.0, 1.0, 18.0, 29.0, 6.0, 32.0, 109.0, 18.0, 16.0, 22.0, 35.0, 14.0, 12.0, 7.0, 29.0, 13.0, 20.0, 41.0, 2.0, 41.0, 39.0, 15.0, 45.0, 30.0, 4.0, 31.0, 26.0, 100.0, 5.0, 113.0, 39.0, 5.0, 26.0, 16.0, 17.0, 45.0, 8.0, 1.0, 15.0, 71.0, 4.0, 5.0, 77.0, 30.0, 26.0, 42.0, 2.0] 

total times
 [49.0, 27.0, 58.0, 11.0, 25.0, 63.0, 45.0, 15.0, 73.0, 10.0, 11.0, 10.0, 36.0, 33.0, 41.0, 1.0, 18.0, 96.0, 10.0, 39.0, 68.0, 5.0, 9.0, 29.0, 76.0, 6.0, 3.0, 29.0, 26.0, 5.0, 3.0, 5.0, 12.0, 30.0, 31.0, 6.0, 37.0, 10.0, 3.0, 60.0, 6.0, 3.0, 22.0, 35.0, 22.0, 14.0, 21.0, 17.0, 19.0, 32.0, 10.0, 27.0, 10.0, 5.0, 8.0, 36.0, 12.0, 2.0, 22.0, 91.0, 10.0, 33.0, 26.0, 29.0, 8.0, 58.0, 10.0, 26.0, 73.0, 40.0, 25.0, 98.0, 58.0, 9.0, 70.0, 23.0, 25.0, 46.0, 11.0, 7.0, 25.0, 21.0, 37.0, 17.0, 13.0, 30.0, 1.0, 89.0, 5.0, 9.0, 47.0, 2.0, 56.0, 16.0, 17.0, 57.0, 10.0, 18.0, 11.0, 55.0, 4.0, 25.0, 42.0, 51.0, 1.0, 78.0, 4.0, 72.0, 13.0, 16.0, 2.0, 21.0, 43.0, 20.0, 41.0, 17.0, 32.0, 31.0, 80.0, 3.0, 33.0, 12.0, 19.0, 14.0, 6.0, 14.0, 88.0, 39.0, 10.0, 44.0, 19.0, 9.0, 31.0, 2.0, 1.0, 11.0, 19.0, 28.0, 4.0, 19.0, 1.0, 2.0, 35.0, 98.0, 39.0, 61.0, 18.0, 2.0, 34.0, 7.0, 16.0, 62.0, 14.0, 22.0, 55.0, 9.0, 3.0, 11.0, 14.0, 24.0, 6.0, 1.0, 19.0, 49.0, 1.0, 25.0, 24.0, 23.0, 22.0, 24.0, 32.0, 5.0, 42.0, 12.0, 28.0, 4.0, 39.0, 25.0, 9.0, 67.0, 2.0, 2.0, 5.0, 26.0, 29.0, 8.0, 24.0, 4.0, 13.0, 29.0, 8.0, 19.0, 7.0, 37.0, 21.0, 18.0, 36.0, 53.0, 33.0, 17.0, 12.0, 5.0, 23.0, 17.0, 48.0, 6.0, 26.0, 14.0, 32.0, 39.0, 33.0, 12.0, 11.0, 55.0, 10.0, 32.0, 4.0, 20.0, 4.0, 3.0, 27.0, 9.0, 27.0, 38.0, 17.0, 25.0, 54.0, 11.0, 1.0, 73.0, 14.0, 71.0, 12.0, 96.0, 8.0, 8.0, 4.0, 52.0, 22.0, 53.0, 24.0, 42.0, 10.0, 23.0, 23.0, 12.0, 45.0, 44.0, 33.0, 5.0, 12.0, 9.0, 63.0, 8.0, 6.0, 1.0, 41.0, 38.0, 60.0, 17.0, 11.0, 13.0, 8.0, 14.0, 14.0, 6.0, 67.0, 6.0, 63.0, 11.0, 64.0, 55.0, 15.0, 11.0, 16.0, 9.0, 20.0, 7.0, 17.0, 28.0, 14.0, 14.0, 1.0, 9.0, 16.0, 24.0, 73.0, 1.0, 41.0, 16.0, 34.0, 29.0, 15.0, 10.0, 27.0, 12.0, 2.0, 64.0, 14.0, 22.0, 81.0, 28.0, 27.0, 2.0, 15.0, 16.0, 19.0, 10.0, 1.0, 24.0, 61.0, 11.0, 3.0, 26.0, 7.0, 7.0, 41.0, 22.0, 80.0, 41.0, 26.0, 56.0, 22.0, 12.0, 38.0, 21.0, 30.0, 2.0, 17.0, 40.0, 3.0, 22.0, 9.0, 14.0, 5.0, 9.0, 13.0, 25.0, 26.0, 54.0, 75.0, 57.0, 32.0, 45.0, 5.0, 16.0, 21.0, 4.0, 28.0, 8.0, 10.0, 38.0, 20.0, 12.0, 52.0, 3.0, 12.0, 18.0, 3.0, 12.0, 56.0, 171.0, 146.0, 76.0, 15.0, 7.0, 48.0, 19.0, 37.0, 56.0, 20.0, 25.0, 41.0, 12.0, 11.0, 5.0, 42.0, 8.0, 3.0, 25.0, 22.0, 31.0, 4.0, 60.0, 18.0, 18.0, 22.0, 31.0, 4.0, 48.0, 25.0, 7.0, 15.0, 40.0, 5.0, 12.0, 97.0, 2.0, 3.0, 20.0, 19.0, 30.0, 18.0, 21.0, 19.0, 30.0, 19.0, 3.0, 25.0, 2.0, 4.0, 9.0, 16.0, 39.0, 2.0, 66.0, 12.0, 20.0, 58.0, 27.0, 3.0, 5.0, 7.0, 21.0, 33.0, 17.0, 5.0, 10.0, 33.0, 33.0, 10.0, 19.0, 10.0, 43.0, 32.0, 11.0, 29.0, 118.0, 3.0, 4.0, 72.0, 40.0, 18.0, 13.0, 30.0, 111.0, 48.0, 38.0, 30.0, 2.0, 10.0, 15.0, 12.0, 68.0, 9.0, 103.0, 24.0, 28.0, 33.0, 1.0, 7.0, 28.0, 11.0, 3.0, 46.0, 19.0, 10.0, 45.0, 10.0, 28.0, 49.0, 2.0, 38.0, 2.0, 15.0, 69.0, 8.0, 39.0, 25.0, 53.0, 66.0, 20.0, 21.0, 60.0, 6.0, 18.0, 7.0, 2.0, 26.0, 19.0, 8.0, 33.0, 23.0, 51.0, 2.0, 17.0, 10.0, 2.0, 32.0, 14.0, 31.0, 64.0, 8.0, 33.0, 17.0, 18.0, 49.0, 10.0, 6.0, 8.0, 17.0, 5.0, 2.0, 10.0, 25.0, 17.0, 18.0, 20.0, 33.0, 125.0, 12.0, 9.0, 21.0, 46.0, 61.0, 18.0, 33.0, 81.0, 8.0, 3.0, 108.0, 1.0, 11.0, 33.0, 9.0, 32.0, 4.0, 44.0, 58.0, 9.0, 23.0, 31.0, 74.0, 1.0, 20.0, 57.0, 2.0, 2.0, 3.0, 1.0, 1.0, 15.0, 45.0, 48.0, 21.0, 64.0, 22.0, 24.0, 84.0, 9.0, 13.0, 41.0, 18.0, 53.0, 14.0, 6.0, 92.0, 45.0, 3.0, 14.0, 17.0, 11.0, 26.0, 14.0, 13.0, 23.0, 8.0, 10.0, 21.0, 23.0, 113.0, 96.0, 4.0, 17.0, 18.0, 1.0, 9.0, 21.0, 44.0, 66.0, 54.0, 73.0, 37.0, 46.0, 28.0, 8.0, 13.0, 1.0, 6.0, 12.0, 8.0, 32.0, 31.0, 5.0, 56.0, 22.0, 3.0, 35.0, 22.0, 3.0, 23.0, 38.0, 20.0, 22.0, 18.0, 20.0, 10.0, 1.0, 21.0, 42.0, 6.0, 7.0, 39.0, 34.0, 2.0, 45.0, 53.0, 57.0, 60.0, 26.0, 4.0, 12.0, 34.0, 21.0, 91.0, 8.0, 10.0, 28.0, 70.0, 37.0, 65.0, 82.0, 11.0, 38.0, 21.0, 2.0, 10.0, 29.0, 11.0, 2.0, 14.0, 28.0, 6.0, 9.0, 2.0, 15.0, 81.0, 10.0, 10.0, 13.0, 48.0, 67.0, 13.0, 111.0, 14.0, 85.0, 3.0, 13.0, 24.0, 17.0, 32.0, 73.0, 19.0, 3.0, 22.0, 17.0, 45.0, 48.0, 9.0, 42.0, 61.0, 7.0, 19.0, 21.0, 43.0, 13.0, 19.0, 38.0, 19.0, 15.0, 16.0, 8.0, 16.0, 7.0, 2.0, 15.0, 24.0, 54.0, 45.0, 3.0, 62.0, 18.0, 15.0, 4.0, 20.0, 64.0, 6.0, 90.0, 4.0, 1.0, 39.0, 19.0, 11.0, 19.0, 4.0, 28.0, 43.0, 27.0, 39.0, 22.0, 51.0, 30.0, 8.0, 72.0, 64.0, 14.0, 9.0, 19.0, 53.0, 12.0, 15.0, 114.0, 19.0, 31.0, 3.0, 12.0, 32.0, 56.0, 10.0, 70.0, 16.0, 5.0, 53.0, 5.0, 2.0, 47.0, 27.0, 20.0, 20.0, 81.0, 2.0, 44.0, 61.0, 11.0, 58.0, 79.0, 46.0, 5.0, 4.0, 22.0, 62.0, 50.0, 30.0, 26.0, 12.0, 1.0, 57.0, 43.0, 38.0, 5.0, 2.0, 44.0, 10.0, 10.0, 62.0, 24.0, 81.0, 53.0, 19.0, 86.0, 5.0, 16.0, 39.0, 14.0, 35.0, 39.0, 28.0, 7.0, 21.0, 55.0, 9.0, 10.0, 52.0, 40.0, 38.0, 9.0, 4.0, 32.0, 1.0, 29.0, 67.0, 94.0, 30.0, 32.0, 22.0, 2.0, 3.0, 5.0, 12.0, 5.0, 62.0, 36.0, 6.0, 70.0, 24.0, 11.0, 28.0, 4.0, 9.0, 29.0, 17.0, 13.0, 10.0, 205.0, 42.0, 96.0, 4.0, 86.0, 6.0, 11.0, 34.0, 1.0, 11.0, 45.0, 28.0, 1.0, 22.0, 20.0, 90.0, 45.0, 2.0, 9.0, 23.0, 77.0, 22.0, 9.0, 34.0, 5.0, 8.0, 33.0, 50.0, 48.0, 6.0, 26.0, 3.0, 12.0, 12.0, 12.0, 13.0, 10.0, 59.0, 40.0, 2.0, 43.0, 9.0, 12.0, 28.0, 4.0, 29.0, 39.0, 31.0, 6.0, 34.0, 4.0, 28.0, 10.0, 30.0, 11.0, 3.0, 10.0, 25.0, 10.0, 20.0, 6.0, 35.0, 2.0, 48.0, 18.0, 40.0, 18.0, 33.0, 34.0, 24.0, 6.0, 37.0, 39.0, 42.0, 10.0, 21.0, 80.0, 22.0, 22.0, 15.0, 4.0, 3.0, 3.0, 30.0, 3.0, 50.0, 31.0, 3.0, 25.0, 26.0, 23.0, 25.0, 69.0, 50.0, 2.0, 20.0, 30.0, 5.0, 29.0, 4.0, 4.0, 32.0, 8.0, 4.0, 8.0, 40.0, 15.0, 9.0, 26.0, 83.0, 2.0, 56.0, 27.0, 37.0, 25.0, 8.0, 41.0, 10.0, 37.0, 70.0, 11.0, 58.0, 14.0, 12.0, 61.0, 10.0, 12.0, 60.0, 43.0, 29.0, 26.0, 3.0, 5.0, 30.0, 19.0, 8.0, 26.0, 6.0, 16.0, 59.0, 46.0, 81.0, 24.0, 26.0, 82.0, 3.0, 25.0, 14.0, 41.0, 98.0, 25.0, 30.0, 1.0, 38.0, 1.0, 23.0, 118.0, 22.0, 10.0, 18.0, 47.0, 11.0, 48.0, 24.0, 15.0, 8.0, 15.0, 12.0, 28.0, 6.0, 25.0, 3.0, 54.0, 22.0, 30.0, 42.0, 10.0, 16.0, 10.0, 26.0, 12.0, 9.0, 29.0, 15.0, 45.0, 32.0, 31.0, 22.0, 21.0, 7.0, 30.0, 15.0, 51.0, 12.0, 6.0, 31.0, 45.0, 71.0, 30.0, 41.0, 23.0, 27.0, 21.0, 95.0, 62.0, 38.0, 4.0, 26.0, 23.0, 18.0, 56.0, 24.0, 124.0, 18.0, 37.0, 20.0, 42.0, 31.0, 27.0, 15.0, 55.0, 33.0, 7.0, 35.0, 8.0, 9.0, 11.0, 62.0, 31.0, 89.0, 47.0, 18.0, 1.0, 4.0, 1.0, 25.0, 128.0, 2.0, 119.0, 27.0, 8.0, 32.0, 75.0, 7.0, 24.0, 14.0, 1.0, 24.0, 52.0, 16.0, 5.0, 18.0, 11.0, 13.0, 11.0, 21.0, 10.0, 10.0, 100.0, 45.0, 4.0, 3.0, 28.0, 64.0, 23.0, 5.0, 3.0, 8.0, 15.0, 29.0, 6.0, 6.0, 29.0, 43.0, 7.0, 9.0, 108.0, 14.0, 11.0, 68.0, 85.0, 19.0, 20.0, 3.0, 19.0, 67.0, 5.0, 40.0, 1.0, 39.0, 17.0, 9.0, 3.0, 7.0, 15.0, 92.0, 11.0, 27.0, 25.0, 38.0, 10.0, 27.0, 21.0, 25.0, 13.0, 16.0, 47.0, 19.0, 12.0, 14.0, 11.0, 7.0, 24.0, 30.0, 33.0, 22.0, 10.0, 11.0, 18.0, 26.0, 25.0, 39.0, 56.0, 63.0, 9.0, 27.0, 71.0, 5.0, 25.0, 5.0, 14.0, 28.0, 1.0, 2.0, 18.0, 53.0, 29.0, 6.0, 85.0, 25.0, 20.0, 35.0, 11.0, 55.0, 1.0, 25.0, 66.0, 28.0, 19.0, 23.0, 33.0, 7.0, 57.0, 32.0, 42.0, 18.0, 2.0, 11.0, 2.0, 28.0, 9.0, 19.0, 67.0, 52.0, 90.0, 20.0, 53.0, 1.0, 80.0, 26.0, 97.0, 45.0, 9.0, 13.0, 14.0, 22.0, 10.0, 57.0, 17.0, 8.0, 14.0, 5.0, 29.0, 18.0, 18.0, 24.0, 12.0, 11.0, 21.0, 5.0, 50.0, 7.0, 9.0, 32.0, 5.0, 10.0, 52.0, 51.0, 83.0, 13.0, 15.0, 7.0, 7.0, 12.0, 14.0, 9.0, 11.0, 34.0, 20.0, 9.0, 1.0, 14.0, 1.0, 19.0, 2.0, 21.0, 18.0, 12.0, 133.0, 2.0, 24.0, 9.0, 3.0, 5.0, 47.0, 129.0, 16.0, 1.0, 39.0, 5.0, 22.0, 7.0, 102.0, 2.0, 46.0, 34.0, 16.0, 12.0, 36.0, 40.0, 56.0, 4.0, 44.0, 46.0, 14.0, 5.0, 26.0, 25.0, 14.0, 10.0, 18.0, 105.0, 9.0, 1.0, 20.0, 11.0, 100.0, 9.0, 16.0, 7.0, 11.0, 8.0, 3.0, 5.0, 18.0, 12.0, 26.0, 27.0, 9.0, 3.0, 6.0, 63.0, 6.0, 9.0, 53.0, 6.0, 56.0, 38.0, 6.0, 27.0, 14.0, 11.0, 27.0, 4.0, 4.0, 14.0, 17.0, 2.0, 2.0, 2.0, 10.0, 12.0, 11.0, 37.0, 4.0, 32.0, 52.0, 24.0, 9.0, 33.0, 24.0, 1.0, 13.0, 19.0, 12.0, 87.0, 28.0, 30.0, 10.0, 8.0, 31.0, 11.0, 29.0, 16.0, 55.0, 1.0, 6.0, 21.0, 22.0, 16.0, 42.0, 15.0, 73.0, 18.0, 80.0, 33.0, 20.0, 60.0, 14.0, 50.0, 16.0, 4.0, 33.0, 21.0, 70.0, 37.0, 44.0, 11.0, 19.0, 95.0, 8.0, 1.0, 44.0, 24.0, 32.0, 10.0, 42.0, 2.0, 20.0, 44.0, 19.0, 11.0, 24.0, 43.0, 10.0, 47.0, 16.0, 29.0, 28.0, 10.0, 109.0, 21.0, 107.0, 32.0, 20.0, 41.0, 5.0, 10.0, 10.0, 28.0, 2.0, 1.0, 7.0, 24.0, 58.0, 28.0, 21.0, 10.0, 89.0, 23.0, 104.0, 8.0, 15.0, 13.0, 7.0, 75.0, 9.0, 1.0, 35.0, 21.0, 9.0, 23.0, 7.0, 22.0, 42.0, 24.0, 11.0, 27.0, 4.0, 52.0, 19.0, 37.0, 3.0, 38.0, 11.0, 45.0, 24.0, 32.0, 5.0, 24.0, 3.0, 35.0, 20.0, 89.0, 7.0, 3.0, 5.0, 77.0, 12.0, 1.0, 24.0, 2.0, 7.0, 4.0, 32.0, 12.0, 182.0, 11.0, 21.0, 110.0, 30.0, 8.0, 2.0, 66.0, 7.0, 20.0, 7.0, 12.0, 53.0, 34.0, 43.0, 16.0, 12.0, 2.0, 6.0, 53.0, 35.0, 7.0, 19.0, 9.0, 10.0, 33.0, 62.0, 15.0, 58.0, 15.0, 55.0, 66.0, 74.0, 5.0, 67.0, 21.0, 3.0, 7.0, 10.0, 8.0, 27.0, 38.0, 16.0, 19.0, 54.0, 56.0, 42.0, 25.0, 20.0, 8.0, 13.0, 8.0, 10.0, 11.0, 50.0, 38.0, 6.0, 18.0, 12.0, 29.0, 20.0, 5.0, 38.0, 64.0, 10.0, 30.0, 97.0, 3.0, 35.0, 19.0, 51.0, 11.0, 36.0, 44.0, 25.0, 108.0, 20.0, 31.0, 12.0, 14.0, 37.0, 3.0, 24.0, 8.0, 25.0, 26.0, 100.0, 34.0, 22.0, 20.0, 37.0, 3.0, 2.0, 49.0, 70.0, 79.0, 8.0, 24.0, 7.0, 13.0, 30.0, 43.0, 28.0, 3.0, 19.0, 59.0, 8.0, 34.0, 35.0, 54.0, 29.0, 11.0, 15.0, 86.0, 99.0, 30.0, 8.0, 26.0, 12.0, 15.0, 20.0, 25.0, 9.0, 21.0, 18.0, 24.0, 27.0, 18.0, 10.0, 38.0, 17.0, 13.0, 9.0, 72.0, 4.0, 41.0, 9.0, 24.0, 4.0, 12.0, 11.0, 29.0, 10.0, 85.0, 9.0, 92.0, 11.0, 25.0, 6.0, 55.0, 32.0, 31.0, 16.0, 60.0, 29.0, 9.0, 10.0, 22.0, 26.0, 14.0, 8.0, 37.0, 13.0, 16.0, 35.0, 8.0, 24.0, 40.0, 29.0, 20.0, 11.0, 11.0, 39.0, 26.0, 12.0, 6.0, 17.0, 29.0, 27.0, 12.0, 90.0, 35.0, 10.0, 12.0, 57.0, 21.0, 20.0, 1.0, 39.0, 16.0, 1.0, 35.0, 9.0, 9.0, 3.0, 53.0, 19.0, 17.0, 39.0, 40.0, 10.0, 15.0, 8.0, 61.0, 29.0, 39.0, 18.0, 28.0, 42.0, 25.0, 23.0, 10.0, 44.0, 23.0, 7.0, 64.0, 17.0, 3.0, 8.0, 21.0, 28.0, 5.0, 38.0, 28.0, 22.0, 21.0, 47.0, 34.0, 9.0, 10.0, 90.0, 16.0, 6.0, 46.0, 8.0, 31.0, 46.0, 35.0, 1.0, 8.0, 18.0, 28.0, 103.0, 44.0, 29.0, 45.0, 31.0, 14.0, 19.0, 22.0, 9.0, 22.0, 50.0, 34.0, 29.0, 72.0, 82.0, 7.0, 1.0, 55.0, 6.0, 46.0, 9.0, 25.0, 8.0, 26.0, 21.0, 14.0, 38.0, 6.0, 47.0, 9.0, 33.0, 1.0, 21.0, 12.0, 9.0, 6.0, 42.0, 11.0, 63.0, 7.0, 37.0, 12.0, 8.0, 48.0, 5.0, 57.0, 11.0, 3.0, 5.0, 55.0, 10.0, 17.0, 30.0, 6.0, 116.0, 79.0, 42.0, 35.0, 71.0, 8.0, 18.0, 24.0, 9.0, 28.0, 43.0, 9.0, 17.0, 27.0, 8.0, 32.0, 4.0, 81.0, 36.0, 59.0, 70.0, 20.0, 19.0, 8.0, 66.0, 11.0, 18.0, 47.0, 6.0, 21.0, 87.0, 37.0, 17.0, 49.0, 101.0, 101.0, 6.0, 60.0, 4.0, 74.0, 14.0, 5.0, 77.0, 73.0, 3.0, 39.0, 56.0, 3.0, 4.0, 26.0, 19.0, 7.0, 8.0, 36.0, 11.0, 31.0, 48.0, 27.0, 8.0, 18.0, 24.0, 36.0, 29.0, 8.0, 62.0, 50.0, 10.0, 9.0, 7.0, 57.0, 37.0, 10.0, 12.0, 15.0, 32.0, 25.0, 5.0, 60.0, 42.0, 1.0, 15.0, 19.0, 19.0, 38.0, 50.0, 21.0, 51.0, 41.0, 9.0, 16.0, 17.0, 25.0, 7.0, 44.0, 44.0, 20.0, 18.0, 38.0, 66.0, 14.0, 24.0, 14.0, 49.0, 1.0, 48.0, 17.0, 12.0, 200.0, 4.0, 4.0, 6.0, 34.0, 22.0, 61.0, 3.0, 43.0, 12.0, 11.0, 15.0, 6.0, 4.0, 35.0, 37.0, 21.0, 57.0, 3.0, 67.0, 22.0, 49.0, 2.0, 52.0, 12.0, 33.0, 21.0, 1.0, 9.0, 8.0, 9.0, 26.0, 53.0, 6.0, 3.0, 3.0, 28.0, 14.0, 20.0, 6.0, 2.0, 21.0, 9.0, 23.0, 46.0, 86.0, 82.0, 4.0, 47.0, 12.0, 32.0, 13.0, 75.0, 23.0, 12.0, 5.0, 64.0, 1.0, 20.0, 18.0, 9.0, 11.0, 28.0, 24.0, 12.0, 101.0, 32.0, 33.0, 11.0, 7.0, 13.0, 15.0, 9.0, 2.0, 75.0, 1.0, 5.0, 12.0, 23.0, 51.0, 83.0, 12.0, 107.0, 9.0, 1.0, 27.0, 41.0, 9.0, 3.0, 30.0, 9.0, 11.0, 42.0, 26.0, 44.0, 20.0, 5.0, 9.0, 90.0, 13.0, 31.0, 11.0, 29.0, 51.0, 47.0, 29.0, 44.0, 18.0, 67.0, 39.0, 1.0, 3.0, 36.0, 17.0, 10.0, 19.0, 33.0, 39.0, 10.0, 14.0, 5.0, 8.0, 13.0, 2.0, 25.0, 5.0, 144.0, 3.0, 14.0, 16.0, 8.0, 3.0, 9.0, 90.0, 4.0, 46.0, 10.0, 13.0, 61.0, 39.0, 1.0, 10.0, 31.0, 9.0, 6.0, 2.0, 27.0, 30.0, 6.0, 12.0, 49.0, 48.0, 5.0, 14.0, 8.0, 38.0, 40.0, 54.0, 12.0, 15.0, 71.0, 21.0, 9.0, 2.0, 11.0, 19.0, 16.0, 49.0, 5.0, 74.0, 9.0, 15.0, 12.0, 20.0, 2.0, 3.0, 41.0, 95.0, 59.0, 9.0, 8.0, 14.0, 12.0, 97.0, 21.0, 26.0, 9.0, 68.0, 14.0, 8.0, 18.0, 33.0, 50.0, 62.0, 36.0, 6.0, 11.0, 21.0, 1.0, 61.0, 33.0, 63.0, 2.0, 30.0, 29.0, 4.0, 63.0, 19.0, 26.0, 53.0, 17.0, 124.0, 5.0, 19.0, 108.0, 9.0, 28.0, 16.0, 40.0, 21.0, 16.0, 40.0, 45.0, 9.0, 11.0, 75.0, 17.0, 23.0, 27.0, 27.0, 54.0, 29.0, 1.0, 18.0, 56.0, 39.0, 8.0, 85.0, 1.0, 22.0, 57.0, 5.0, 1.0, 28.0, 9.0, 1.0, 30.0, 31.0, 56.0, 10.0, 23.0, 60.0, 8.0, 15.0, 23.0, 85.0, 56.0, 10.0, 14.0, 21.0, 6.0, 6.0, 47.0, 5.0, 26.0, 34.0, 4.0, 7.0, 47.0, 9.0, 11.0, 47.0, 30.0, 53.0, 14.0, 31.0, 4.0, 18.0, 39.0, 59.0, 37.0, 33.0, 24.0, 82.0, 89.0, 19.0, 37.0, 70.0, 8.0, 47.0, 4.0, 7.0, 46.0, 6.0, 3.0, 10.0, 20.0, 1.0, 52.0, 19.0, 99.0, 20.0, 57.0, 44.0, 1.0, 4.0, 19.0, 23.0, 44.0, 4.0, 83.0, 48.0, 8.0, 18.0, 19.0, 32.0, 33.0, 82.0, 3.0, 20.0, 10.0, 17.0, 86.0, 11.0, 89.0, 42.0, 3.0, 28.0, 64.0, 10.0, 26.0, 44.0, 4.0, 3.0, 4.0, 44.0, 4.0, 40.0, 17.0, 10.0, 17.0, 16.0, 63.0, 56.0, 23.0, 22.0, 18.0, 18.0, 49.0, 18.0, 32.0, 13.0, 41.0, 21.0, 59.0, 15.0, 6.0, 85.0, 25.0, 11.0, 25.0, 60.0, 2.0, 13.0, 7.0, 61.0, 64.0, 1.0, 33.0, 33.0, 55.0, 59.0, 10.0, 76.0, 10.0, 30.0, 33.0, 4.0, 47.0, 50.0, 4.0, 12.0, 35.0, 38.0, 21.0, 53.0, 2.0, 16.0, 50.0, 11.0, 81.0, 9.0, 46.0, 9.0, 11.0, 6.0, 30.0, 98.0, 88.0, 17.0, 2.0, 20.0, 89.0, 24.0, 9.0, 24.0, 33.0, 41.0, 70.0, 25.0, 53.0, 17.0, 38.0, 100.0, 15.0, 5.0, 36.0, 4.0, 20.0, 97.0, 18.0, 40.0, 3.0, 106.0, 14.0, 10.0, 40.0, 23.0, 31.0, 107.0, 2.0, 103.0, 9.0, 31.0, 49.0, 4.0, 1.0, 21.0, 49.0, 45.0, 17.0, 2.0, 6.0, 33.0, 24.0, 125.0, 26.0, 12.0, 40.0, 35.0, 8.0, 20.0, 4.0, 36.0, 4.0, 5.0, 28.0, 91.0, 27.0, 16.0, 2.0, 7.0, 18.0, 51.0, 54.0, 26.0, 11.0, 78.0, 30.0, 11.0, 38.0, 42.0, 51.0, 27.0, 18.0, 9.0, 26.0, 26.0, 26.0, 23.0, 26.0, 28.0, 13.0, 22.0, 5.0, 6.0, 10.0, 28.0, 4.0, 102.0, 1.0, 58.0, 33.0, 13.0, 10.0, 25.0, 10.0, 6.0, 4.0, 82.0, 18.0, 19.0, 99.0, 47.0, 16.0, 9.0, 35.0, 57.0, 16.0, 102.0, 106.0, 16.0, 9.0, 14.0, 23.0, 31.0, 9.0, 15.0, 11.0, 6.0, 36.0, 11.0, 3.0, 57.0, 22.0, 7.0, 48.0, 10.0, 23.0, 15.0, 29.0, 30.0, 1.0, 54.0, 22.0, 45.0, 30.0, 25.0, 145.0, 16.0, 89.0, 58.0, 55.0, 5.0, 79.0, 7.0, 9.0, 20.0, 2.0, 105.0, 24.0, 23.0, 10.0, 42.0, 27.0, 133.0, 21.0, 22.0, 40.0, 10.0, 12.0, 12.0, 18.0, 19.0, 111.0, 6.0, 19.0, 1.0, 26.0, 48.0, 41.0, 71.0, 48.0, 8.0, 6.0, 47.0, 18.0, 7.0, 43.0, 1.0, 104.0, 26.0, 46.0, 2.0, 3.0, 22.0, 50.0, 19.0, 1.0, 21.0, 10.0, 4.0, 31.0, 7.0, 14.0, 10.0, 40.0, 34.0, 15.0, 42.0, 1.0, 25.0, 33.0, 9.0, 14.0, 43.0, 22.0, 18.0, 9.0, 11.0, 6.0, 10.0, 55.0, 25.0, 3.0, 82.0, 42.0, 5.0, 24.0, 33.0, 58.0, 40.0, 20.0, 21.0, 4.0, 29.0, 3.0, 19.0, 50.0, 29.0, 19.0, 22.0, 9.0, 27.0, 68.0, 4.0, 6.0, 9.0, 14.0, 96.0, 14.0, 24.0, 87.0, 23.0, 10.0, 34.0, 18.0, 21.0, 34.0, 5.0, 10.0, 10.0, 13.0, 6.0, 45.0, 26.0, 57.0, 29.0, 99.0, 31.0, 18.0, 89.0, 30.0, 39.0, 26.0, 6.0, 20.0, 3.0, 145.0, 12.0, 4.0, 3.0, 3.0, 11.0, 91.0, 4.0, 10.0, 102.0, 11.0, 24.0, 52.0, 58.0, 9.0, 23.0, 63.0, 14.0, 20.0, 18.0, 20.0, 13.0, 26.0, 5.0, 61.0, 10.0, 204.0, 7.0, 30.0, 23.0, 9.0, 12.0, 20.0, 60.0, 104.0, 12.0, 10.0, 32.0, 17.0, 31.0, 9.0, 125.0, 92.0, 22.0, 29.0, 5.0, 15.0, 24.0, 9.0, 2.0, 32.0, 1.0, 11.0, 22.0, 8.0, 2.0, 106.0, 80.0, 3.0, 53.0, 6.0, 58.0, 72.0, 19.0, 7.0, 66.0, 23.0, 32.0, 5.0, 8.0, 23.0, 73.0, 26.0, 3.0, 40.0, 44.0, 5.0, 46.0, 31.0, 31.0, 68.0, 4.0, 6.0, 73.0, 2.0, 47.0, 111.0, 4.0, 47.0, 4.0, 35.0, 85.0, 21.0, 51.0, 21.0, 31.0, 12.0, 4.0, 2.0, 128.0, 99.0, 9.0, 34.0, 199.0, 6.0, 29.0, 5.0, 30.0, 60.0, 10.0, 28.0, 9.0, 8.0, 46.0, 34.0, 18.0, 23.0, 55.0, 27.0, 38.0, 58.0, 28.0, 27.0, 30.0, 42.0, 32.0, 25.0, 22.0, 1.0, 19.0, 4.0, 74.0, 24.0, 13.0, 5.0, 77.0, 16.0, 9.0, 18.0, 11.0, 10.0, 28.0, 60.0, 20.0, 9.0, 5.0, 51.0, 9.0, 24.0, 19.0, 3.0, 15.0, 4.0, 70.0, 81.0, 9.0, 6.0, 31.0, 8.0, 99.0, 133.0, 47.0, 10.0, 75.0, 29.0, 10.0, 74.0, 32.0, 26.0, 1.0, 16.0, 3.0, 126.0, 6.0, 2.0, 45.0, 3.0, 38.0, 17.0, 38.0, 7.0, 102.0, 28.0, 39.0, 53.0, 47.0, 34.0, 8.0, 9.0, 16.0, 1.0, 9.0, 5.0, 42.0, 5.0, 110.0, 64.0, 36.0, 78.0, 22.0, 3.0, 20.0, 64.0, 8.0, 94.0, 11.0, 3.0, 54.0, 55.0, 1.0, 40.0, 9.0, 39.0, 86.0, 62.0, 19.0, 33.0, 21.0, 8.0, 18.0, 11.0, 42.0, 19.0, 14.0, 44.0, 14.0, 38.0, 7.0, 2.0, 55.0, 3.0, 27.0, 6.0, 14.0, 7.0, 2.0, 9.0, 1.0, 37.0, 8.0, 37.0, 43.0, 63.0, 51.0, 14.0, 7.0, 118.0, 3.0, 62.0, 32.0, 72.0, 12.0, 3.0, 25.0, 30.0, 3.0, 31.0, 75.0, 8.0, 32.0, 9.0, 60.0, 19.0, 24.0, 22.0, 43.0, 52.0, 70.0, 6.0, 20.0, 16.0, 194.0, 40.0, 117.0, 58.0, 22.0, 1.0, 28.0, 52.0, 16.0, 13.0, 45.0, 5.0, 1.0, 4.0, 9.0, 16.0, 40.0, 27.0, 62.0, 8.0, 22.0, 27.0, 69.0, 25.0, 2.0, 27.0, 17.0, 38.0, 123.0, 19.0, 86.0, 29.0, 41.0, 20.0, 5.0, 12.0, 10.0, 73.0, 88.0, 63.0, 7.0, 10.0, 2.0, 32.0, 15.0, 8.0, 9.0, 85.0, 26.0, 25.0, 45.0, 52.0, 55.0, 64.0, 33.0, 30.0, 8.0, 7.0, 8.0, 28.0, 16.0, 3.0, 46.0, 73.0, 21.0, 41.0, 24.0, 23.0, 34.0, 57.0, 19.0, 33.0, 29.0, 11.0, 6.0, 19.0, 9.0, 48.0, 43.0, 12.0, 30.0, 66.0, 32.0, 8.0, 30.0, 6.0, 208.0, 43.0, 5.0, 13.0, 18.0, 104.0, 83.0, 19.0, 3.0, 8.0, 7.0, 5.0, 5.0, 13.0, 61.0, 44.0, 7.0, 62.0, 17.0, 2.0, 20.0, 115.0, 36.0, 42.0, 16.0, 15.0, 19.0, 20.0, 11.0, 2.0, 62.0, 8.0, 48.0, 16.0, 7.0, 9.0, 35.0, 5.0, 21.0, 21.0, 56.0, 2.0, 19.0, 41.0, 115.0, 11.0, 1.0, 11.0, 11.0, 83.0, 61.0, 20.0, 5.0, 6.0, 53.0, 40.0, 17.0, 1.0, 4.0, 32.0, 29.0, 27.0, 16.0, 5.0, 72.0, 32.0, 111.0, 38.0, 31.0, 2.0, 14.0, 28.0, 18.0, 12.0, 24.0, 64.0, 48.0, 13.0, 102.0, 45.0, 22.0, 93.0, 10.0, 10.0, 70.0, 10.0, 1.0, 58.0, 31.0, 44.0, 39.0, 54.0, 19.0, 27.0, 44.0, 16.0, 51.0, 11.0, 17.0, 4.0, 3.0, 27.0, 123.0, 44.0, 12.0, 4.0, 75.0, 9.0, 2.0, 57.0, 41.0, 98.0, 29.0, 11.0, 3.0, 16.0, 30.0, 19.0, 18.0, 24.0, 6.0, 31.0, 5.0, 59.0, 3.0, 1.0, 32.0, 54.0, 12.0, 86.0, 20.0, 24.0, 33.0, 78.0, 13.0, 16.0, 43.0, 69.0, 55.0, 3.0, 13.0, 11.0, 5.0, 10.0, 24.0, 2.0, 8.0, 23.0, 5.0, 92.0, 9.0, 45.0, 92.0, 91.0, 16.0, 10.0, 4.0, 22.0, 42.0, 49.0, 36.0, 43.0, 31.0, 42.0, 7.0, 48.0, 33.0, 7.0, 39.0, 8.0, 22.0, 9.0, 9.0, 71.0, 74.0, 14.0, 34.0, 5.0, 19.0, 8.0, 11.0, 25.0, 74.0, 21.0, 1.0, 16.0, 57.0, 60.0, 48.0, 9.0, 81.0, 11.0, 15.0, 31.0, 50.0, 4.0, 42.0, 21.0, 25.0, 9.0, 2.0, 3.0, 21.0, 9.0, 1.0, 12.0, 38.0, 41.0, 9.0, 66.0, 1.0, 59.0, 74.0, 7.0, 70.0, 25.0, 25.0, 17.0, 88.0, 5.0, 65.0, 28.0, 11.0, 29.0, 27.0, 25.0, 6.0, 10.0, 64.0, 22.0, 28.0, 38.0, 12.0, 48.0, 5.0, 9.0, 111.0, 20.0, 1.0, 23.0, 5.0, 41.0, 25.0, 9.0, 19.0, 14.0, 7.0, 4.0, 18.0, 72.0, 7.0, 57.0, 9.0, 20.0, 85.0, 34.0, 3.0, 91.0, 27.0, 9.0, 43.0, 7.0, 5.0, 42.0, 4.0, 2.0, 4.0, 38.0, 20.0, 29.0, 21.0, 10.0, 10.0, 3.0, 64.0, 26.0, 6.0, 3.0, 5.0, 17.0, 29.0, 17.0, 54.0, 18.0, 18.0, 82.0, 66.0, 16.0, 20.0, 49.0, 20.0, 21.0, 44.0, 60.0, 99.0, 34.0, 9.0, 14.0, 8.0, 51.0, 5.0, 35.0, 11.0, 56.0, 35.0, 3.0, 44.0, 7.0, 5.0, 27.0, 22.0, 10.0, 12.0, 22.0, 22.0, 38.0, 10.0, 28.0, 43.0, 3.0, 8.0, 39.0, 36.0, 109.0, 5.0, 12.0, 14.0, 19.0, 52.0, 21.0, 26.0, 90.0, 15.0, 14.0, 58.0, 18.0, 38.0, 31.0, 8.0, 37.0, 19.0, 5.0, 6.0, 1.0, 37.0, 4.0, 1.0, 21.0, 1.0, 14.0, 10.0, 33.0, 4.0, 27.0, 3.0, 15.0, 25.0, 18.0, 43.0, 78.0, 48.0, 3.0, 68.0, 19.0, 8.0, 60.0, 71.0, 22.0, 39.0, 3.0, 10.0, 7.0, 2.0, 8.0, 4.0, 26.0, 34.0, 6.0, 25.0, 45.0, 109.0, 48.0, 21.0, 5.0, 6.0, 14.0, 146.0, 16.0, 28.0, 4.0, 62.0, 12.0, 9.0, 14.0, 10.0, 58.0, 15.0, 17.0, 9.0, 8.0, 14.0, 55.0, 26.0, 14.0, 46.0, 5.0, 17.0, 8.0, 76.0, 2.0, 48.0, 12.0, 44.0, 6.0, 36.0, 87.0, 8.0, 7.0, 80.0, 36.0, 3.0, 24.0, 33.0, 35.0, 48.0, 25.0, 21.0, 32.0, 42.0, 2.0, 21.0, 42.0, 19.0, 9.0, 24.0, 119.0, 19.0, 9.0, 13.0, 7.0] 

MGT times
 [49.0, 21.0, 11.0, 25.0, 63.0, 45.0, 1.0, 10.0, 10.0, 36.0, 24.0, 1.0, 18.0, 4.0, 10.0, 39.0, 27.0, 5.0, 9.0, 29.0, 11.0, 6.0, 3.0, 5.0, 3.0, 5.0, 12.0, 23.0, 6.0, 1.0, 10.0, 3.0, 6.0, 3.0, 22.0, 35.0, 22.0, 14.0, 21.0, 17.0, 19.0, 20.0, 4.0, 10.0, 5.0, 8.0, 10.0, 2.0, 22.0, 91.0, 10.0, 13.0, 26.0, 29.0, 8.0, 6.0, 8.0, 1.0, 36.0, 21.0, 9.0, 50.0, 23.0, 25.0, 7.0, 25.0, 21.0, 37.0, 1.0, 89.0, 9.0, 37.0, 2.0, 21.0, 17.0, 57.0, 10.0, 18.0, 11.0, 55.0, 4.0, 18.0, 1.0, 78.0, 1.0, 13.0, 16.0, 2.0, 1.0, 30.0, 20.0, 41.0, 17.0, 31.0, 50.0, 3.0, 19.0, 12.0, 14.0, 6.0, 14.0, 39.0, 10.0, 44.0, 19.0, 9.0, 31.0, 2.0, 1.0, 11.0, 19.0, 28.0, 4.0, 19.0, 1.0, 2.0, 6.0, 39.0, 18.0, 2.0, 18.0, 16.0, 62.0, 14.0, 55.0, 3.0, 11.0, 14.0, 24.0, 6.0, 1.0, 9.0, 49.0, 1.0, 25.0, 24.0, 8.0, 10.0, 24.0, 8.0, 5.0, 11.0, 12.0, 28.0, 4.0, 27.0, 9.0, 19.0, 2.0, 2.0, 5.0, 29.0, 8.0, 12.0, 4.0, 13.0, 11.0, 8.0, 7.0, 19.0, 12.0, 43.0, 19.0, 17.0, 5.0, 23.0, 48.0, 7.0, 10.0, 33.0, 12.0, 9.0, 13.0, 5.0, 4.0, 20.0, 4.0, 3.0, 9.0, 27.0, 17.0, 10.0, 1.0, 1.0, 73.0, 10.0, 12.0, 31.0, 8.0, 4.0, 14.0, 53.0, 13.0, 12.0, 45.0, 1.0, 5.0, 12.0, 9.0, 19.0, 8.0, 6.0, 1.0, 41.0, 38.0, 12.0, 13.0, 8.0, 14.0, 14.0, 1.0, 4.0, 11.0, 30.0, 15.0, 11.0, 16.0, 9.0, 7.0, 17.0, 21.0, 14.0, 14.0, 1.0, 9.0, 10.0, 55.0, 1.0, 41.0, 16.0, 34.0, 6.0, 15.0, 10.0, 4.0, 2.0, 2.0, 22.0, 5.0, 27.0, 2.0, 15.0, 16.0, 19.0, 10.0, 1.0, 4.0, 11.0, 3.0, 8.0, 7.0, 41.0, 22.0, 80.0, 41.0, 15.0, 17.0, 10.0, 12.0, 38.0, 21.0, 30.0, 2.0, 40.0, 3.0, 9.0, 9.0, 14.0, 5.0, 9.0, 13.0, 25.0, 26.0, 20.0, 13.0, 32.0, 32.0, 16.0, 21.0, 4.0, 28.0, 8.0, 10.0, 38.0, 5.0, 27.0, 3.0, 12.0, 18.0, 3.0, 2.0, 11.0, 163.0, 75.0, 76.0, 15.0, 7.0, 29.0, 19.0, 32.0, 56.0, 3.0, 2.0, 12.0, 11.0, 5.0, 42.0, 8.0, 3.0, 25.0, 22.0, 31.0, 4.0, 25.0, 18.0, 18.0, 22.0, 4.0, 48.0, 25.0, 7.0, 15.0, 10.0, 5.0, 44.0, 2.0, 3.0, 20.0, 30.0, 18.0, 19.0, 30.0, 19.0, 3.0, 25.0, 2.0, 4.0, 9.0, 39.0, 2.0, 12.0, 34.0, 5.0, 17.0, 33.0, 17.0, 5.0, 10.0, 8.0, 33.0, 10.0, 19.0, 10.0, 11.0, 10.0, 109.0, 3.0, 4.0, 72.0, 13.0, 30.0, 14.0, 10.0, 38.0, 30.0, 2.0, 10.0, 1.0, 46.0, 9.0, 39.0, 1.0, 5.0, 19.0, 1.0, 7.0, 11.0, 3.0, 46.0, 19.0, 25.0, 9.0, 28.0, 18.0, 2.0, 38.0, 2.0, 8.0, 4.0, 25.0, 25.0, 1.0, 21.0, 44.0, 6.0, 7.0, 2.0, 26.0, 8.0, 33.0, 23.0, 35.0, 2.0, 17.0, 10.0, 1.0, 8.0, 18.0, 21.0, 10.0, 6.0, 8.0, 17.0, 5.0, 2.0, 10.0, 17.0, 18.0, 20.0, 41.0, 12.0, 21.0, 46.0, 34.0, 18.0, 33.0, 81.0, 8.0, 3.0, 70.0, 1.0, 11.0, 33.0, 9.0, 32.0, 4.0, 44.0, 29.0, 9.0, 23.0, 74.0, 1.0, 57.0, 2.0, 2.0, 3.0, 1.0, 1.0, 15.0, 21.0, 64.0, 22.0, 10.0, 9.0, 9.0, 13.0, 41.0, 18.0, 14.0, 6.0, 31.0, 45.0, 3.0, 14.0, 17.0, 14.0, 13.0, 10.0, 8.0, 10.0, 21.0, 5.0, 4.0, 18.0, 1.0, 9.0, 21.0, 32.0, 51.0, 26.0, 23.0, 46.0, 28.0, 8.0, 1.0, 6.0, 12.0, 31.0, 5.0, 3.0, 35.0, 22.0, 3.0, 23.0, 20.0, 18.0, 20.0, 10.0, 1.0, 4.0, 21.0, 6.0, 7.0, 39.0, 34.0, 2.0, 45.0, 53.0, 23.0, 10.0, 26.0, 4.0, 12.0, 34.0, 21.0, 91.0, 8.0, 10.0, 28.0, 70.0, 37.0, 65.0, 62.0, 8.0, 21.0, 2.0, 10.0, 29.0, 11.0, 2.0, 14.0, 28.0, 6.0, 9.0, 2.0, 39.0, 10.0, 11.0, 48.0, 50.0, 20.0, 14.0, 85.0, 3.0, 24.0, 32.0, 19.0, 3.0, 22.0, 17.0, 19.0, 9.0, 13.0, 4.0, 43.0, 13.0, 19.0, 38.0, 19.0, 16.0, 8.0, 16.0, 2.0, 15.0, 24.0, 45.0, 3.0, 15.0, 20.0, 64.0, 6.0, 9.0, 4.0, 1.0, 39.0, 1.0, 19.0, 4.0, 28.0, 18.0, 27.0, 28.0, 22.0, 51.0, 8.0, 60.0, 7.0, 9.0, 19.0, 53.0, 12.0, 15.0, 19.0, 22.0, 3.0, 8.0, 2.0, 10.0, 70.0, 4.0, 53.0, 5.0, 2.0, 25.0, 9.0, 4.0, 20.0, 2.0, 9.0, 5.0, 11.0, 13.0, 4.0, 4.0, 62.0, 19.0, 30.0, 3.0, 4.0, 1.0, 43.0, 19.0, 5.0, 2.0, 10.0, 1.0, 26.0, 6.0, 51.0, 5.0, 16.0, 39.0, 7.0, 39.0, 28.0, 7.0, 7.0, 55.0, 9.0, 10.0, 52.0, 38.0, 9.0, 4.0, 15.0, 1.0, 45.0, 31.0, 2.0, 3.0, 5.0, 13.0, 11.0, 28.0, 4.0, 9.0, 13.0, 10.0, 62.0, 2.0, 13.0, 4.0, 6.0, 11.0, 25.0, 1.0, 10.0, 45.0, 5.0, 1.0, 20.0, 10.0, 2.0, 9.0, 7.0, 9.0, 34.0, 8.0, 50.0, 48.0, 6.0, 26.0, 3.0, 12.0, 12.0, 59.0, 27.0, 2.0, 1.0, 9.0, 28.0, 4.0, 29.0, 20.0, 6.0, 11.0, 4.0, 26.0, 10.0, 30.0, 3.0, 10.0, 4.0, 6.0, 9.0, 2.0, 18.0, 19.0, 18.0, 33.0, 24.0, 6.0, 9.0, 42.0, 10.0, 9.0, 13.0, 21.0, 6.0, 4.0, 4.0, 3.0, 3.0, 3.0, 35.0, 31.0, 2.0, 2.0, 23.0, 25.0, 40.0, 2.0, 9.0, 5.0, 29.0, 4.0, 4.0, 32.0, 8.0, 4.0, 8.0, 8.0, 9.0, 26.0, 32.0, 2.0, 8.0, 27.0, 37.0, 25.0, 8.0, 10.0, 12.0, 43.0, 16.0, 12.0, 3.0, 4.0, 29.0, 9.0, 3.0, 10.0, 2.0, 8.0, 20.0, 6.0, 16.0, 46.0, 81.0, 24.0, 26.0, 82.0, 58.0, 11.0, 12.0, 1.0, 5.0, 1.0, 23.0, 91.0, 22.0, 10.0, 47.0, 48.0, 24.0, 15.0, 8.0, 12.0, 6.0, 12.0, 3.0, 54.0, 22.0, 29.0, 29.0, 10.0, 10.0, 20.0, 12.0, 9.0, 15.0, 45.0, 32.0, 15.0, 8.0, 21.0, 7.0, 1.0, 12.0, 17.0, 25.0, 27.0, 30.0, 41.0, 23.0, 27.0, 21.0, 61.0, 36.0, 4.0, 26.0, 23.0, 18.0, 2.0, 6.0, 12.0, 3.0, 12.0, 20.0, 19.0, 27.0, 15.0, 33.0, 7.0, 22.0, 8.0, 9.0, 11.0, 62.0, 9.0, 26.0, 18.0, 1.0, 4.0, 1.0, 25.0, 2.0, 27.0, 8.0, 32.0, 53.0, 7.0, 1.0, 14.0, 1.0, 24.0, 52.0, 5.0, 18.0, 11.0, 13.0, 4.0, 21.0, 10.0, 10.0, 49.0, 45.0, 4.0, 15.0, 23.0, 3.0, 8.0, 15.0, 6.0, 29.0, 7.0, 9.0, 11.0, 10.0, 9.0, 3.0, 8.0, 67.0, 40.0, 1.0, 39.0, 17.0, 9.0, 3.0, 7.0, 15.0, 92.0, 11.0, 27.0, 25.0, 7.0, 6.0, 5.0, 8.0, 13.0, 16.0, 47.0, 11.0, 12.0, 14.0, 11.0, 7.0, 16.0, 33.0, 22.0, 10.0, 11.0, 18.0, 15.0, 25.0, 19.0, 25.0, 63.0, 9.0, 27.0, 5.0, 25.0, 5.0, 1.0, 14.0, 2.0, 18.0, 31.0, 29.0, 6.0, 85.0, 2.0, 20.0, 11.0, 55.0, 1.0, 11.0, 46.0, 19.0, 19.0, 33.0, 1.0, 6.0, 26.0, 18.0, 2.0, 11.0, 2.0, 9.0, 9.0, 19.0, 18.0, 8.0, 10.0, 20.0, 53.0, 1.0, 13.0, 26.0, 26.0, 13.0, 22.0, 10.0, 2.0, 5.0, 16.0, 18.0, 5.0, 24.0, 12.0, 21.0, 5.0, 30.0, 9.0, 32.0, 5.0, 10.0, 4.0, 8.0, 7.0, 13.0, 15.0, 7.0, 9.0, 11.0, 34.0, 9.0, 1.0, 14.0, 1.0, 19.0, 2.0, 12.0, 82.0, 2.0, 17.0, 9.0, 2.0, 5.0, 47.0, 53.0, 16.0, 1.0, 39.0, 5.0, 22.0, 7.0, 102.0, 2.0, 46.0, 34.0, 16.0, 12.0, 6.0, 26.0, 56.0, 4.0, 24.0, 1.0, 5.0, 11.0, 25.0, 14.0, 10.0, 60.0, 9.0, 1.0, 20.0, 11.0, 100.0, 9.0, 8.0, 7.0, 11.0, 3.0, 5.0, 18.0, 12.0, 26.0, 8.0, 9.0, 3.0, 6.0, 63.0, 6.0, 53.0, 6.0, 8.0, 9.0, 6.0, 14.0, 11.0, 27.0, 4.0, 4.0, 14.0, 17.0, 2.0, 2.0, 2.0, 10.0, 12.0, 11.0, 37.0, 4.0, 32.0, 24.0, 9.0, 33.0, 24.0, 1.0, 13.0, 19.0, 12.0, 8.0, 28.0, 10.0, 4.0, 31.0, 11.0, 16.0, 55.0, 1.0, 6.0, 21.0, 22.0, 15.0, 25.0, 18.0, 29.0, 33.0, 20.0, 60.0, 14.0, 21.0, 4.0, 4.0, 33.0, 21.0, 8.0, 44.0, 11.0, 19.0, 26.0, 1.0, 44.0, 18.0, 10.0, 42.0, 2.0, 19.0, 44.0, 19.0, 11.0, 24.0, 43.0, 10.0, 47.0, 16.0, 28.0, 10.0, 56.0, 21.0, 16.0, 32.0, 20.0, 12.0, 10.0, 28.0, 2.0, 1.0, 7.0, 4.0, 21.0, 10.0, 89.0, 13.0, 22.0, 8.0, 15.0, 7.0, 9.0, 1.0, 1.0, 21.0, 9.0, 5.0, 2.0, 24.0, 11.0, 27.0, 4.0, 52.0, 19.0, 24.0, 3.0, 38.0, 11.0, 1.0, 9.0, 32.0, 3.0, 35.0, 20.0, 89.0, 4.0, 3.0, 5.0, 77.0, 9.0, 1.0, 7.0, 4.0, 12.0, 42.0, 11.0, 8.0, 8.0, 2.0, 57.0, 7.0, 20.0, 7.0, 26.0, 34.0, 19.0, 16.0, 12.0, 2.0, 6.0, 35.0, 3.0, 9.0, 10.0, 62.0, 15.0, 57.0, 24.0, 13.0, 29.0, 21.0, 3.0, 8.0, 38.0, 16.0, 19.0, 4.0, 27.0, 25.0, 20.0, 8.0, 13.0, 8.0, 10.0, 11.0, 18.0, 38.0, 6.0, 29.0, 5.0, 38.0, 64.0, 10.0, 30.0, 21.0, 3.0, 35.0, 19.0, 11.0, 36.0, 25.0, 8.0, 108.0, 20.0, 19.0, 3.0, 8.0, 26.0, 51.0, 34.0, 22.0, 10.0, 3.0, 2.0, 49.0, 70.0, 79.0, 8.0, 24.0, 7.0, 8.0, 28.0, 3.0, 19.0, 59.0, 8.0, 25.0, 35.0, 33.0, 29.0, 11.0, 15.0, 74.0, 16.0, 8.0, 8.0, 9.0, 21.0, 4.0, 18.0, 10.0, 38.0, 17.0, 13.0, 9.0, 61.0, 4.0, 41.0, 9.0, 20.0, 4.0, 85.0, 9.0, 11.0, 25.0, 55.0, 31.0, 4.0, 16.0, 10.0, 22.0, 26.0, 14.0, 8.0, 24.0, 23.0, 3.0, 3.0, 11.0, 11.0, 12.0, 29.0, 11.0, 12.0, 60.0, 31.0, 10.0, 39.0, 20.0, 1.0, 6.0, 1.0, 35.0, 9.0, 9.0, 3.0, 4.0, 17.0, 39.0, 40.0, 10.0, 15.0, 8.0, 8.0, 23.0, 18.0, 28.0, 42.0, 25.0, 23.0, 10.0, 27.0, 7.0, 25.0, 17.0, 3.0, 8.0, 8.0, 5.0, 8.0, 28.0, 22.0, 21.0, 33.0, 17.0, 9.0, 10.0, 63.0, 6.0, 8.0, 31.0, 31.0, 11.0, 1.0, 8.0, 18.0, 3.0, 22.0, 44.0, 14.0, 19.0, 9.0, 1.0, 20.0, 34.0, 29.0, 69.0, 10.0, 7.0, 1.0, 36.0, 6.0, 9.0, 25.0, 8.0, 1.0, 20.0, 47.0, 9.0, 18.0, 1.0, 21.0, 12.0, 9.0, 6.0, 42.0, 11.0, 63.0, 7.0, 12.0, 8.0, 48.0, 5.0, 28.0, 11.0, 3.0, 5.0, 10.0, 17.0, 30.0, 6.0, 44.0, 79.0, 10.0, 35.0, 51.0, 18.0, 24.0, 9.0, 28.0, 43.0, 4.0, 17.0, 27.0, 8.0, 11.0, 4.0, 81.0, 16.0, 59.0, 20.0, 19.0, 66.0, 11.0, 18.0, 15.0, 37.0, 17.0, 3.0, 53.0, 53.0, 6.0, 60.0, 4.0, 37.0, 5.0, 3.0, 38.0, 26.0, 3.0, 7.0, 36.0, 11.0, 48.0, 4.0, 8.0, 18.0, 8.0, 36.0, 29.0, 4.0, 10.0, 9.0, 57.0, 37.0, 9.0, 15.0, 32.0, 11.0, 5.0, 20.0, 22.0, 1.0, 19.0, 19.0, 21.0, 45.0, 21.0, 19.0, 9.0, 16.0, 17.0, 25.0, 7.0, 24.0, 44.0, 20.0, 18.0, 13.0, 23.0, 14.0, 24.0, 14.0, 49.0, 1.0, 38.0, 17.0, 4.0, 4.0, 6.0, 4.0, 22.0, 35.0, 3.0, 7.0, 12.0, 11.0, 6.0, 4.0, 1.0, 21.0, 3.0, 10.0, 2.0, 8.0, 12.0, 3.0, 1.0, 9.0, 8.0, 9.0, 26.0, 7.0, 5.0, 3.0, 3.0, 28.0, 14.0, 20.0, 6.0, 2.0, 1.0, 9.0, 20.0, 46.0, 55.0, 4.0, 20.0, 13.0, 75.0, 8.0, 12.0, 5.0, 60.0, 1.0, 20.0, 18.0, 9.0, 4.0, 18.0, 12.0, 32.0, 33.0, 11.0, 13.0, 9.0, 2.0, 50.0, 1.0, 5.0, 12.0, 23.0, 10.0, 12.0, 10.0, 1.0, 27.0, 14.0, 9.0, 3.0, 30.0, 9.0, 11.0, 9.0, 5.0, 44.0, 20.0, 5.0, 9.0, 65.0, 13.0, 31.0, 11.0, 41.0, 47.0, 5.0, 8.0, 41.0, 20.0, 1.0, 3.0, 21.0, 10.0, 33.0, 14.0, 5.0, 8.0, 2.0, 25.0, 144.0, 3.0, 14.0, 16.0, 8.0, 3.0, 9.0, 44.0, 4.0, 2.0, 10.0, 13.0, 61.0, 11.0, 1.0, 10.0, 31.0, 9.0, 6.0, 2.0, 27.0, 10.0, 6.0, 12.0, 17.0, 38.0, 5.0, 14.0, 8.0, 38.0, 40.0, 23.0, 12.0, 15.0, 2.0, 2.0, 11.0, 13.0, 30.0, 5.0, 45.0, 9.0, 15.0, 12.0, 20.0, 2.0, 3.0, 41.0, 65.0, 54.0, 9.0, 8.0, 4.0, 15.0, 21.0, 41.0, 1.0, 8.0, 18.0, 10.0, 62.0, 25.0, 6.0, 11.0, 4.0, 1.0, 26.0, 33.0, 11.0, 2.0, 29.0, 4.0, 9.0, 35.0, 1.0, 85.0, 5.0, 19.0, 19.0, 9.0, 28.0, 16.0, 40.0, 21.0, 40.0, 45.0, 9.0, 75.0, 17.0, 23.0, 4.0, 31.0, 1.0, 18.0, 39.0, 4.0, 8.0, 48.0, 1.0, 22.0, 57.0, 5.0, 1.0, 10.0, 9.0, 1.0, 28.0, 16.0, 17.0, 10.0, 4.0, 43.0, 3.0, 20.0, 10.0, 14.0, 21.0, 6.0, 6.0, 5.0, 4.0, 8.0, 4.0, 7.0, 4.0, 12.0, 8.0, 4.0, 14.0, 31.0, 4.0, 18.0, 39.0, 42.0, 33.0, 33.0, 24.0, 82.0, 55.0, 37.0, 70.0, 8.0, 21.0, 4.0, 7.0, 4.0, 6.0, 3.0, 10.0, 20.0, 1.0, 52.0, 19.0, 72.0, 57.0, 19.0, 1.0, 4.0, 19.0, 23.0, 4.0, 83.0, 34.0, 4.0, 18.0, 19.0, 9.0, 3.0, 3.0, 20.0, 4.0, 86.0, 45.0, 10.0, 3.0, 64.0, 10.0, 26.0, 44.0, 4.0, 3.0, 4.0, 17.0, 4.0, 20.0, 17.0, 17.0, 16.0, 38.0, 8.0, 22.0, 18.0, 7.0, 13.0, 41.0, 21.0, 59.0, 10.0, 6.0, 85.0, 11.0, 25.0, 10.0, 13.0, 7.0, 5.0, 23.0, 1.0, 33.0, 11.0, 76.0, 10.0, 1.0, 23.0, 4.0, 22.0, 50.0, 4.0, 12.0, 35.0, 10.0, 18.0, 2.0, 16.0, 20.0, 11.0, 53.0, 9.0, 46.0, 9.0, 11.0, 6.0, 98.0, 88.0, 17.0, 2.0, 20.0, 37.0, 9.0, 10.0, 33.0, 41.0, 2.0, 25.0, 24.0, 8.0, 54.0, 15.0, 5.0, 11.0, 4.0, 33.0, 40.0, 3.0, 4.0, 14.0, 10.0, 23.0, 31.0, 19.0, 2.0, 9.0, 9.0, 31.0, 29.0, 4.0, 1.0, 17.0, 45.0, 2.0, 6.0, 33.0, 24.0, 29.0, 26.0, 12.0, 40.0, 8.0, 20.0, 4.0, 36.0, 4.0, 5.0, 91.0, 27.0, 16.0, 2.0, 18.0, 10.0, 4.0, 11.0, 4.0, 11.0, 38.0, 1.0, 19.0, 27.0, 18.0, 9.0, 26.0, 16.0, 26.0, 23.0, 28.0, 13.0, 5.0, 6.0, 28.0, 8.0, 1.0, 12.0, 33.0, 13.0, 10.0, 25.0, 6.0, 18.0, 19.0, 13.0, 4.0, 16.0, 9.0, 22.0, 57.0, 4.0, 41.0, 106.0, 16.0, 9.0, 3.0, 13.0, 9.0, 6.0, 6.0, 25.0, 3.0, 21.0, 10.0, 10.0, 15.0, 9.0, 1.0, 16.0, 22.0, 45.0, 11.0, 25.0, 63.0, 55.0, 6.0, 36.0, 5.0, 4.0, 9.0, 20.0, 2.0, 105.0, 24.0, 13.0, 10.0, 42.0, 27.0, 133.0, 21.0, 22.0, 31.0, 10.0, 12.0, 12.0, 18.0, 19.0, 8.0, 6.0, 19.0, 1.0, 5.0, 48.0, 31.0, 8.0, 19.0, 18.0, 7.0, 1.0, 102.0, 2.0, 3.0, 22.0, 7.0, 19.0, 1.0, 10.0, 10.0, 4.0, 31.0, 7.0, 10.0, 24.0, 34.0, 15.0, 27.0, 1.0, 25.0, 4.0, 9.0, 14.0, 43.0, 22.0, 1.0, 9.0, 11.0, 6.0, 10.0, 13.0, 3.0, 42.0, 9.0, 5.0, 24.0, 33.0, 20.0, 40.0, 21.0, 4.0, 3.0, 19.0, 50.0, 29.0, 19.0, 22.0, 9.0, 9.0, 40.0, 3.0, 6.0, 9.0, 63.0, 14.0, 17.0, 23.0, 10.0, 18.0, 5.0, 10.0, 13.0, 6.0, 45.0, 9.0, 29.0, 15.0, 4.0, 39.0, 3.0, 6.0, 20.0, 3.0, 60.0, 12.0, 4.0, 3.0, 3.0, 11.0, 46.0, 4.0, 3.0, 55.0, 9.0, 24.0, 22.0, 11.0, 9.0, 23.0, 14.0, 20.0, 18.0, 5.0, 37.0, 10.0, 179.0, 7.0, 23.0, 23.0, 9.0, 12.0, 60.0, 17.0, 10.0, 17.0, 1.0, 9.0, 10.0, 52.0, 11.0, 29.0, 5.0, 24.0, 9.0, 2.0, 1.0, 11.0, 8.0, 2.0, 9.0, 3.0, 53.0, 6.0, 3.0, 30.0, 19.0, 7.0, 66.0, 32.0, 5.0, 8.0, 23.0, 56.0, 3.0, 12.0, 30.0, 5.0, 46.0, 10.0, 20.0, 1.0, 4.0, 1.0, 48.0, 2.0, 60.0, 4.0, 47.0, 4.0, 35.0, 21.0, 51.0, 21.0, 31.0, 12.0, 4.0, 2.0, 73.0, 9.0, 34.0, 6.0, 29.0, 5.0, 19.0, 10.0, 3.0, 9.0, 8.0, 18.0, 23.0, 27.0, 38.0, 8.0, 28.0, 27.0, 30.0, 8.0, 32.0, 22.0, 1.0, 19.0, 4.0, 25.0, 24.0, 13.0, 5.0, 34.0, 16.0, 9.0, 18.0, 11.0, 10.0, 28.0, 1.0, 20.0, 9.0, 5.0, 51.0, 9.0, 24.0, 19.0, 3.0, 15.0, 4.0, 40.0, 81.0, 8.0, 6.0, 9.0, 8.0, 99.0, 63.0, 31.0, 3.0, 75.0, 10.0, 9.0, 32.0, 26.0, 1.0, 3.0, 126.0, 6.0, 2.0, 41.0, 3.0, 38.0, 38.0, 7.0, 63.0, 22.0, 34.0, 8.0, 4.0, 16.0, 1.0, 9.0, 5.0, 42.0, 110.0, 64.0, 36.0, 23.0, 7.0, 3.0, 20.0, 8.0, 75.0, 3.0, 7.0, 1.0, 9.0, 4.0, 10.0, 62.0, 19.0, 33.0, 21.0, 8.0, 8.0, 11.0, 19.0, 14.0, 44.0, 14.0, 38.0, 7.0, 2.0, 8.0, 3.0, 2.0, 6.0, 14.0, 7.0, 2.0, 1.0, 37.0, 8.0, 51.0, 14.0, 41.0, 3.0, 19.0, 1.0, 3.0, 30.0, 3.0, 20.0, 75.0, 32.0, 24.0, 22.0, 19.0, 52.0, 70.0, 6.0, 20.0, 16.0, 40.0, 92.0, 1.0, 28.0, 52.0, 5.0, 1.0, 4.0, 16.0, 40.0, 27.0, 20.0, 8.0, 4.0, 27.0, 69.0, 2.0, 10.0, 17.0, 19.0, 68.0, 29.0, 20.0, 12.0, 10.0, 73.0, 60.0, 63.0, 7.0, 10.0, 2.0, 26.0, 15.0, 8.0, 9.0, 20.0, 26.0, 25.0, 45.0, 20.0, 10.0, 19.0, 8.0, 7.0, 8.0, 11.0, 3.0, 46.0, 21.0, 31.0, 24.0, 8.0, 10.0, 57.0, 11.0, 6.0, 19.0, 9.0, 48.0, 43.0, 7.0, 30.0, 9.0, 32.0, 8.0, 26.0, 6.0, 130.0, 25.0, 5.0, 13.0, 18.0, 54.0, 19.0, 3.0, 8.0, 7.0, 5.0, 5.0, 23.0, 44.0, 7.0, 23.0, 2.0, 20.0, 51.0, 42.0, 15.0, 20.0, 11.0, 2.0, 62.0, 8.0, 16.0, 7.0, 12.0, 2.0, 19.0, 42.0, 1.0, 11.0, 11.0, 6.0, 19.0, 40.0, 17.0, 1.0, 4.0, 32.0, 12.0, 27.0, 3.0, 45.0, 14.0, 1.0, 2.0, 14.0, 18.0, 12.0, 12.0, 9.0, 13.0, 29.0, 20.0, 22.0, 56.0, 10.0, 10.0, 47.0, 1.0, 58.0, 31.0, 44.0, 27.0, 41.0, 7.0, 2.0, 16.0, 51.0, 11.0, 4.0, 3.0, 12.0, 52.0, 44.0, 12.0, 4.0, 9.0, 2.0, 25.0, 29.0, 11.0, 3.0, 9.0, 19.0, 24.0, 6.0, 31.0, 5.0, 59.0, 3.0, 1.0, 20.0, 54.0, 12.0, 1.0, 1.0, 33.0, 13.0, 16.0, 29.0, 54.0, 30.0, 3.0, 13.0, 11.0, 5.0, 10.0, 24.0, 2.0, 8.0, 23.0, 5.0, 25.0, 9.0, 34.0, 26.0, 91.0, 16.0, 10.0, 4.0, 22.0, 49.0, 43.0, 1.0, 7.0, 48.0, 33.0, 7.0, 8.0, 3.0, 9.0, 71.0, 11.0, 14.0, 34.0, 2.0, 19.0, 8.0, 11.0, 61.0, 21.0, 1.0, 16.0, 33.0, 60.0, 9.0, 9.0, 56.0, 11.0, 15.0, 36.0, 4.0, 21.0, 21.0, 25.0, 9.0, 2.0, 3.0, 21.0, 9.0, 1.0, 12.0, 6.0, 22.0, 9.0, 1.0, 1.0, 74.0, 7.0, 9.0, 25.0, 25.0, 17.0, 18.0, 5.0, 65.0, 28.0, 11.0, 29.0, 27.0, 13.0, 6.0, 10.0, 64.0, 22.0, 28.0, 38.0, 12.0, 34.0, 5.0, 9.0, 13.0, 20.0, 1.0, 5.0, 10.0, 4.0, 9.0, 14.0, 7.0, 4.0, 18.0, 4.0, 7.0, 9.0, 20.0, 66.0, 19.0, 3.0, 18.0, 27.0, 9.0, 19.0, 7.0, 5.0, 4.0, 2.0, 4.0, 38.0, 29.0, 21.0, 10.0, 10.0, 3.0, 29.0, 26.0, 6.0, 3.0, 5.0, 17.0, 29.0, 32.0, 18.0, 16.0, 25.0, 61.0, 49.0, 20.0, 21.0, 2.0, 60.0, 1.0, 34.0, 9.0, 9.0, 8.0, 4.0, 35.0, 11.0, 56.0, 35.0, 21.0, 7.0, 5.0, 8.0, 21.0, 10.0, 12.0, 22.0, 28.0, 43.0, 3.0, 8.0, 39.0, 5.0, 12.0, 14.0, 19.0, 34.0, 90.0, 15.0, 14.0, 58.0, 18.0, 38.0, 31.0, 8.0, 5.0, 6.0, 1.0, 37.0, 4.0, 1.0, 21.0, 1.0, 4.0, 27.0, 3.0, 18.0, 67.0, 3.0, 29.0, 8.0, 60.0, 17.0, 22.0, 3.0, 10.0, 7.0, 2.0, 8.0, 4.0, 12.0, 6.0, 25.0, 10.0, 48.0, 21.0, 5.0, 14.0, 24.0, 16.0, 28.0, 4.0, 23.0, 12.0, 9.0, 14.0, 10.0, 58.0, 15.0, 17.0, 4.0, 8.0, 14.0, 20.0, 26.0, 14.0, 22.0, 5.0, 8.0, 22.0, 2.0, 48.0, 33.0, 6.0, 13.0, 8.0, 36.0, 3.0, 24.0, 33.0, 48.0, 25.0, 21.0, 42.0, 2.0, 21.0, 19.0, 9.0, 12.0, 119.0, 19.0, 9.0, 13.0, 7.0] 

SGT times
 [20.0, 37.0, 11.0, 63.0, 7.0, 1.0, 34.0, 84.0, 35.0, 56.0, 25.0, 22.0, 7.0, 29.0, 28.0, 52.0, 12.0, 6.0, 25.0, 19.0, 8.0, 12.0, 43.0, 8.0, 18.0, 71.0, 30.0, 25.0, 53.0, 30.0, 12.0, 38.0, 2.0, 15.0, 13.0, 26.0, 5.0, 10.0, 26.0, 16.0, 23.0, 40.0, 33.0, 1.0, 64.0, 20.0, 7.0, 29.0, 30.0, 8.0, 10.0, 82.0, 29.0, 97.0, 57.0, 8.0, 4.0, 17.0, 9.0, 10.0, 15.0, 4.0, 15.0, 23.0, 12.0, 21.0, 48.0, 24.0, 3.0, 9.0, 18.0, 33.0, 2.0, 11.0, 16.0, 10.0, 6.0, 10.0, 13.0, 2.0, 22.0, 10.0, 25.0, 20.0, 2.0, 33.0, 10.0, 19.0, 24.0, 36.0, 5.0, 54.0, 1.0, 9.0, 52.0, 65.0, 8.0, 31.0, 22.0, 2.0, 38.0, 7.0, 23.0, 20.0, 33.0, 33.0, 44.0, 40.0, 14.0, 8.0, 4.0, 57.0, 2.0, 61.0, 64.0, 16.0, 16.0, 7.0, 16.0, 4.0, 18.0, 14.0, 23.0, 8.0, 55.0, 10.0, 72.0, 16.0, 10.0, 57.0, 18.0, 3.0, 2.0, 31.0, 2.0, 15.0, 2.0, 54.0, 45.0, 34.0, 13.0, 5.0, 7.0, 8.0, 16.0, 1.0, 37.0, 8.0, 62.0, 11.0, 5.0, 12.0, 22.0, 31.0, 28.0, 27.0, 30.0, 12.0, 48.0, 19.0, 21.0, 14.0, 66.0, 17.0, 19.0, 19.0, 3.0, 1.0, 4.0, 16.0, 39.0, 31.0, 19.0, 1.0, 35.0, 14.0, 90.0, 30.0, 14.0, 6.0, 13.0, 64.0, 14.0, 14.0, 6.0, 26.0, 6.0, 13.0, 1.0, 22.0, 11.0, 61.0, 4.0, 39.0, 20.0, 63.0, 10.0, 7.0, 10.0, 16.0, 6.0, 1.0, 30.0, 8.0, 28.0, 64.0, 31.0, 15.0, 28.0, 21.0, 25.0, 76.0, 3.0, 19.0, 38.0, 21.0, 21.0, 18.0, 38.0, 44.0, 5.0, 75.0, 46.0, 61.0, 7.0, 23.0, 5.0, 8.0, 110.0, 96.0, 13.0, 7.0, 15.0, 52.0, 37.0, 4.0, 10.0, 4.0, 28.0, 53.0, 22.0, 30.0, 20.0, 9.0, 12.0, 1.0, 27.0, 44.0, 20.0, 3.0, 29.0, 7.0, 32.0, 7.0, 2.0, 9.0, 11.0, 6.0, 13.0, 72.0, 26.0, 44.0, 20.0, 59.0, 3.0, 16.0, 15.0, 13.0, 7.0, 24.0, 22.0, 53.0, 8.0, 4.0, 72.0, 9.0, 7.0, 16.0, 2.0, 26.0, 3.0, 48.0, 10.0, 106.0, 9.0, 4.0, 30.0, 50.0, 8.0, 1.0, 15.0, 8.0, 16.0, 79.0, 28.0, 47.0, 58.0, 75.0, 26.0, 1.0, 14.0, 31.0, 16.0, 8.0, 49.0, 12.0, 36.0, 1.0, 28.0, 18.0, 21.0, 45.0, 11.0, 86.0, 5.0, 19.0, 14.0, 32.0, 17.0, 29.0, 14.0, 87.0, 27.0, 1.0, 22.0, 1.0, 8.0, 40.0, 32.0, 2.0, 67.0, 24.0, 24.0, 17.0, 133.0, 31.0, 74.0, 84.0, 9.0, 1.0, 23.0, 14.0, 83.0, 26.0, 17.0, 70.0, 21.0, 5.0, 26.0, 11.0, 11.0, 8.0, 8.0, 33.0, 9.0, 35.0, 11.0, 14.0, 2.0, 8.0, 18.0, 1.0, 6.0, 26.0, 48.0, 11.0, 34.0, 35.0, 20.0, 12.0, 58.0, 1.0, 5.0, 11.0, 27.0, 10.0, 1.0, 16.0, 24.0, 20.0, 42.0, 15.0, 21.0, 38.0, 7.0, 51.0, 40.0, 37.0, 15.0, 20.0, 9.0, 34.0, 14.0, 52.0, 7.0, 8.0, 60.0, 40.0, 17.0, 5.0, 12.0, 17.0, 6.0, 56.0, 3.0, 16.0, 10.0, 33.0, 31.0, 5.0, 10.0, 33.0, 19.0, 14.0, 8.0, 13.0, 24.0, 3.0, 1.0, 7.0, 9.0, 6.0, 25.0, 6.0, 14.0, 20.0, 11.0, 48.0, 6.0, 6.0, 10.0, 36.0, 34.0, 62.0, 2.0, 45.0, 9.0, 104.0, 15.0, 17.0, 38.0, 2.0, 48.0, 13.0, 22.0, 54.0, 39.0, 127.0, 119.0, 13.0, 14.0, 16.0, 7.0, 42.0, 3.0, 28.0, 39.0, 4.0, 25.0, 2.0, 43.0, 99.0, 12.0, 61.0, 68.0, 19.0, 2.0, 5.0, 1.0, 22.0, 4.0, 15.0, 4.0, 22.0, 8.0, 17.0, 6.0, 2.0, 12.0, 31.0, 71.0, 5.0, 6.0, 1.0, 14.0, 23.0, 35.0, 6.0, 13.0, 9.0, 20.0, 6.0, 55.0, 17.0, 7.0, 11.0, 40.0, 35.0, 80.0, 59.0, 97.0, 13.0, 5.0, 9.0, 47.0, 11.0, 4.0, 5.0, 5.0, 4.0, 9.0, 11.0, 7.0, 48.0, 43.0, 76.0, 3.0, 8.0, 14.0, 20.0, 21.0, 14.0, 51.0, 7.0, 1.0, 67.0, 23.0, 5.0, 42.0, 12.0, 13.0, 5.0, 18.0, 38.0, 8.0, 6.0, 10.0, 7.0, 48.0, 21.0, 27.0, 47.0, 73.0, 26.0, 4.0, 3.0, 13.0, 20.0, 16.0, 20.0, 39.0, 42.0, 29.0, 6.0, 70.0, 29.0, 61.0, 8.0, 6.0, 28.0, 1.0, 25.0, 44.0, 82.0, 20.0, 2.0, 6.0, 20.0, 51.0, 24.0, 10.0, 82.0, 8.0, 75.0, 24.0, 9.0, 5.0, 19.0, 9.0, 20.0, 6.0, 44.0, 15.0, 2.0, 24.0, 3.0, 3.0, 19.0, 2.0, 29.0, 133.0, 13.0, 108.0, 23.0, 1.0, 6.0, 21.0, 24.0, 47.0, 1.0, 16.0, 30.0, 1.0, 14.0, 22.0, 57.0, 52.0, 1.0, 29.0, 3.0, 2.0, 27.0, 48.0, 43.0, 5.0, 22.0, 9.0, 10.0, 20.0, 76.0, 41.0, 10.0, 11.0, 12.0, 8.0, 12.0, 37.0, 21.0, 20.0, 41.0, 16.0, 18.0, 5.0, 22.0, 43.0, 9.0, 21.0, 12.0, 74.0, 12.0, 23.0, 10.0, 13.0, 16.0, 16.0, 18.0, 20.0, 23.0, 3.0, 4.0, 11.0, 8.0, 27.0, 6.0, 88.0, 2.0, 30.0, 12.0, 33.0, 25.0, 5.0, 8.0, 35.0, 6.0, 16.0, 32.0, 9.0, 26.0, 17.0, 37.0, 21.0, 2.0, 10.0, 6.0, 21.0, 4.0, 12.0, 9.0, 21.0, 33.0, 11.0, 49.0, 15.0, 53.0, 20.0, 7.0, 8.0, 14.0, 31.0, 21.0, 20.0, 20.0, 5.0, 8.0, 17.0, 12.0, 46.0, 15.0, 16.0, 25.0, 81.0, 22.0, 42.0, 29.0, 13.0, 8.0, 22.0, 22.0, 3.0, 72.0, 11.0, 39.0, 26.0, 20.0, 10.0, 8.0, 5.0, 15.0, 37.0, 20.0, 63.0, 22.0, 10.0, 4.0, 5.0, 13.0, 13.0, 62.0, 8.0, 26.0, 3.0, 19.0, 87.0, 37.0, 39.0, 40.0, 29.0, 14.0, 77.0, 64.0, 1.0, 22.0, 1.0, 24.0, 17.0, 4.0, 23.0, 23.0, 10.0, 4.0, 58.0, 39.0, 3.0, 3.0, 3.0, 8.0, 40.0, 11.0, 11.0, 11.0, 5.0, 43.0, 12.0, 20.0, 17.0, 34.0, 10.0, 8.0, 200.0, 30.0, 17.0, 36.0, 6.0, 28.0, 31.0, 57.0, 67.0, 2.0, 48.0, 35.0, 27.0, 18.0, 46.0, 1.0, 14.0, 3.0, 22.0, 79.0, 12.0, 12.0, 15.0, 4.0, 7.0, 1.0, 24.0, 98.0, 3.0, 8.0, 17.0, 51.0, 73.0, 87.0, 6.0, 18.0, 25.0, 14.0, 25.0, 25.0, 2.0, 24.0, 41.0, 10.0, 16.0, 19.0, 15.0, 12.0, 12.0, 32.0, 3.0, 9.0, 1.0, 37.0, 36.0, 19.0, 11.0, 23.0, 1.0, 24.0, 66.0, 19.0, 7.0, 6.0, 14.0, 19.0, 29.0, 21.0, 5.0, 10.0, 9.0, 74.0, 26.0, 9.0, 27.0, 3.0, 27.0, 30.0, 11.0, 17.0, 27.0, 44.0, 30.0, 60.0, 12.0, 8.0, 11.0, 6.0, 39.0, 81.0, 14.0, 7.0, 15.0, 23.0, 13.0, 21.0, 7.0, 35.0, 37.0, 8.0, 2.0, 7.0, 29.0, 19.0, 8.0, 1.0, 12.0, 23.0, 82.0, 27.0, 47.0, 22.0, 17.0, 47.0, 7.0, 7.0, 35.0, 12.0, 39.0, 8.0, 4.0, 34.0, 14.0, 16.0, 42.0, 19.0, 12.0, 25.0, 42.0, 14.0, 4.0, 29.0, 16.0, 79.0, 6.0, 9.0, 7.0, 38.0, 23.0, 28.0, 21.0, 11.0, 8.0, 62.0, 10.0, 15.0, 13.0, 42.0, 14.0, 26.0, 5.0, 19.0, 40.0, 1.0, 47.0, 32.0, 33.0, 55.0, 40.0, 10.0, 20.0, 10.0, 25.0, 19.0, 3.0, 47.0, 30.0, 20.0, 22.0, 43.0, 19.0, 5.0, 68.0, 23.0, 15.0, 30.0, 37.0, 17.0, 13.0, 55.0, 12.0, 93.0, 40.0, 88.0, 94.0, 20.0, 16.0, 23.0, 17.0, 87.0, 31.0, 28.0, 4.0, 35.0, 49.0, 14.0, 78.0, 26.0, 32.0, 32.0, 1.0, 16.0, 22.0, 1.0, 1.0, 94.0, 37.0, 6.0, 4.0, 75.0, 77.0, 35.0, 5.0, 12.0, 52.0, 11.0, 13.0, 11.0, 9.0, 8.0, 3.0, 11.0, 26.0, 19.0, 3.0, 44.0, 13.0, 27.0, 12.0, 28.0, 10.0, 72.0, 13.0, 34.0, 44.0, 10.0, 79.0, 3.0, 10.0, 9.0, 103.0, 12.0, 10.0, 69.0, 42.0, 4.0, 20.0, 40.0, 2.0, 18.0, 46.0, 43.0, 2.0, 12.0, 7.0, 5.0, 29.0, 9.0, 33.0, 23.0, 31.0, 24.0, 31.0, 20.0, 22.0, 9.0, 23.0, 1.0, 8.0, 7.0, 25.0, 21.0, 65.0, 32.0, 21.0, 30.0, 10.0, 24.0, 39.0, 75.0, 25.0, 18.0, 79.0, 26.0, 15.0, 85.0, 36.0, 7.0, 37.0, 2.0, 22.0, 36.0, 59.0, 13.0, 9.0, 18.0, 15.0, 25.0, 7.0, 14.0, 87.0, 9.0, 24.0, 21.0, 106.0, 32.0, 2.0, 6.0, 24.0, 18.0, 87.0, 76.0, 55.0, 33.0, 21.0, 9.0, 26.0, 20.0, 5.0, 12.0, 11.0, 60.0, 5.0, 25.0, 44.0, 42.0, 83.0, 128.0, 18.0, 199.0, 26.0, 32.0, 18.0, 37.0, 32.0, 52.0, 50.0, 34.0, 24.0, 40.0, 34.0, 51.0, 21.0, 1.0, 22.0, 62.0, 7.0, 7.0, 24.0, 65.0, 12.0, 4.0, 13.0, 39.0, 22.0, 39.0, 22.0, 44.0, 5.0, 1.0, 45.0, 9.0, 63.0, 19.0, 3.0, 38.0, 51.0, 40.0, 35.0, 68.0, 10.0, 40.0, 38.0, 25.0, 1.0, 33.0, 41.0, 54.0, 3.0, 68.0, 37.0, 24.0, 69.0, 5.0, 17.0, 3.0, 8.0, 6.0, 60.0, 16.0, 24.0, 189.0, 25.0, 57.0, 18.0, 14.0, 11.0, 42.0, 7.0, 33.0, 9.0, 25.0, 8.0, 31.0, 123.0, 9.0, 41.0, 1.0, 18.0, 6.0, 55.0, 23.0, 47.0, 54.0, 29.0, 11.0, 11.0, 13.0, 73.0, 2.0, 8.0, 18.0, 12.0, 26.0, 29.0, 5.0, 48.0, 4.0, 68.0, 12.0, 41.0, 74.0, 13.0, 29.0, 32.0, 17.0, 58.0, 35.0, 7.0, 16.0, 45.0, 5.0, 27.0, 1.0, 21.0, 1.0, 47.0, 36.0, 64.0, 7.0, 78.0, 61.0, 11.0, 2.0, 34.0, 8.0, 16.0, 2.0, 18.0, 9.0, 111.0, 28.0, 27.0, 24.0, 12.0, 55.0, 48.0, 68.0, 19.0, 28.0, 13.0, 10.0, 12.0, 4.0, 12.0, 25.0, 37.0, 14.0, 6.0, 62.0, 68.0, 57.0, 16.0, 94.0, 16.0, 21.0, 16.0, 12.0, 85.0, 11.0, 17.0, 73.0, 5.0, 8.0, 16.0, 58.0, 1.0, 56.0, 40.0, 32.0, 30.0, 36.0, 35.0, 13.0, 1.0, 63.0, 3.0, 18.0, 4.0, 17.0, 31.0, 25.0, 31.0, 6.0, 14.0, 24.0, 12.0, 56.0, 51.0, 61.0, 61.0, 4.0, 14.0, 89.0, 22.0, 21.0, 21.0, 9.0, 63.0, 51.0, 13.0, 7.0, 73.0, 15.0, 42.0, 16.0, 35.0, 15.0, 13.0, 2.0, 48.0, 5.0, 13.0, 18.0, 34.0, 89.0, 5.0, 51.0, 1.0, 2.0, 23.0, 13.0, 1.0, 18.0, 29.0, 6.0, 32.0, 109.0, 18.0, 16.0, 22.0, 35.0, 14.0, 12.0, 7.0, 29.0, 13.0, 20.0, 41.0, 2.0, 41.0, 39.0, 15.0, 45.0, 30.0, 4.0, 31.0, 26.0, 100.0, 5.0, 113.0, 39.0, 5.0, 26.0, 16.0, 17.0, 45.0, 8.0, 1.0, 15.0, 71.0, 4.0, 5.0, 77.0, 30.0, 26.0, 42.0, 2.0]
