avgTJ:  12.285407725321889
stdDvTJ:  14.361409662519312
avgTJ without 0:  14.250155569383946
stdDvTJ without 0:  14.533985609110085
maxTJ:  24.533333333333335
minTJ:  5.368421052631579

avgTT:  14.151818181818182
stdDvTT:  15.944895061191122
avgTT without 0:  14.151818181818182
stdDvTT without 0:  15.944895061191122
maxTT:  29.625
minTT:  5.2727272727272725

avgTotT:  15.274009146341463
stdDvTotT:  17.27267407199819
avgTotT without 0:  15.723420949391919
stdDvTotT without 0:  17.322161585116895
maxTotT:  23.242424242424242
minTotT:  7.638888888888889

avgMGT:  15.121616469691194
stdDvMGT:  16.928188173585628
avgMGT without 0:  15.566718995290424
stdDvMGT without 0:  16.972616898988946
maxMGT:  22.62962962962963
minMGT:  7.638888888888889

avgSGT:  10.185185185185185
stdDvSGT:  10.811643370603466
avgSGT without 0:  10.185185185185185
stdDvSGT without 0:  10.811643370603466
maxSGT:  32.0
minSGT:  1.0

free lanes %:  42.779463834092056 %, number of free traverse:  3383 num of traverse 7908
number of times in traffic %:  13.94790085988872 %, numero di volte nel traffico:  1103 num of traverse 7908
not free passage %:  57.524026302478504 %, number of not free passage:  4549 num of traverse 7908
junction times
 [21.0, 10.0, 15.0, 13.0, 34.0, 11.0, 10.0, 8.0, 10.0, 9.0, 12.0, 2.0, 16.0, 16.0, 33.0, 35.0, 10.0, 31.0, 26.0, 21.0, 30.0, 4.0, 5.0, 12.0, 6.0, 26.0, 25.0, 10.0, 31.0, 20.0, 16.0, 9.0, 14.0, 4.0, 5.0, 6.0, 8.0, 7.0, 19.0, 10.0, 4.0, 2.0, 13.0, 1.0, 28.0, 16.0, 9.0, 8.0, 11.0, 2.0, 4.0, 17.0, 58.0, 1.0, 2.0, 3.0, 5.0, 4.0, 20.0, 17.0, 27.0, 6.0, 13.0, 2.0, 10.0, 15.0, 8.0, 27.0, 39.0, 16.0, 20.0, 51.0, 10.0, 1.0, 7.0, 36.0, 7.0, 17.0, 33.0, 13.0, 5.0, 24.0, 11.0, 13.0, 5.0, 6.0, 1.0, 43.0, 2.0, 10.0, 9.0, 12.0, 32.0, 8.0, 2.0, 4.0, 26.0, 45.0, 21.0, 32.0, 16.0, 2.0, 14.0, 22.0, 9.0, 17.0, 72.0, 33.0, 3.0, 23.0, 19.0, 5.0, 12.0, 16.0, 26.0, 15.0, 4.0, 2.0, 7.0, 8.0, 72.0, 9.0, 10.0, 3.0, 34.0, 23.0, 13.0, 16.0, 17.0, 5.0, 64.0, 3.0, 4.0, 4.0, 19.0, 18.0, 17.0, 1.0, 8.0, 6.0, 1.0, 9.0, 3.0, 11.0, 2.0, 11.0, 11.0, 12.0, 4.0, 56.0, 4.0, 13.0, 10.0, 9.0, 8.0, 20.0, 2.0, 7.0, 15.0, 31.0, 7.0, 11.0, 12.0, 31.0, 24.0, 13.0, 17.0, 20.0, 6.0, 13.0, 26.0, 9.0, 10.0, 14.0, 1.0, 58.0, 12.0, 10.0, 9.0, 7.0, 47.0, 13.0, 4.0, 5.0, 2.0, 9.0, 2.0, 25.0, 22.0, 4.0, 6.0, 63.0, 12.0, 14.0, 22.0, 9.0, 12.0, 16.0, 1.0, 13.0, 3.0, 17.0, 16.0, 8.0, 9.0, 2.0, 26.0, 17.0, 8.0, 14.0, 1.0, 10.0, 3.0, 10.0, 34.0, 3.0, 13.0, 7.0, 50.0, 13.0, 31.0, 1.0, 8.0, 3.0, 22.0, 9.0, 9.0, 14.0, 11.0, 9.0, 6.0, 1.0, 4.0, 25.0, 9.0, 4.0, 3.0, 5.0, 16.0, 4.0, 1.0, 45.0, 3.0, 5.0, 12.0, 58.0, 4.0, 8.0, 29.0, 52.0, 38.0, 22.0, 9.0, 10.0, 32.0, 4.0, 14.0, 10.0, 24.0, 10.0, 20.0, 9.0, 14.0, 7.0, 4.0, 10.0, 17.0, 5.0, 2.0, 13.0, 1.0, 5.0, 9.0, 3.0, 10.0, 4.0, 20.0, 38.0, 24.0, 19.0, 25.0, 9.0, 10.0, 2.0, 17.0, 11.0, 3.0, 15.0, 16.0, 11.0, 1.0, 2.0, 8.0, 10.0, 9.0, 7.0, 6.0, 6.0, 11.0, 31.0, 4.0, 2.0, 27.0, 8.0, 11.0, 1.0, 33.0, 31.0, 11.0, 3.0, 13.0, 4.0, 13.0, 26.0, 12.0, 2.0, 11.0, 11.0, 11.0, 22.0, 18.0, 1.0, 4.0, 16.0, 5.0, 14.0, 54.0, 10.0, 22.0, 20.0, 3.0, 4.0, 5.0, 7.0, 38.0, 37.0, 8.0, 3.0, 8.0, 3.0, 3.0, 2.0, 15.0, 2.0, 9.0, 9.0, 2.0, 6.0, 1.0, 19.0, 4.0, 38.0, 11.0, 14.0, 7.0, 5.0, 9.0, 2.0, 32.0, 4.0, 57.0, 24.0, 12.0, 7.0, 15.0, 18.0, 28.0, 5.0, 29.0, 1.0, 12.0, 12.0, 11.0, 4.0, 34.0, 32.0, 8.0, 4.0, 9.0, 16.0, 10.0, 9.0, 32.0, 9.0, 22.0, 16.0, 25.0, 28.0, 4.0, 130.0, 25.0, 5.0, 18.0, 28.0, 3.0, 13.0, 2.0, 2.0, 4.0, 39.0, 2.0, 10.0, 4.0, 3.0, 6.0, 13.0, 4.0, 7.0, 3.0, 7.0, 13.0, 10.0, 10.0, 20.0, 22.0, 13.0, 7.0, 11.0, 3.0, 19.0, 11.0, 4.0, 14.0, 57.0, 11.0, 19.0, 5.0, 10.0, 13.0, 37.0, 9.0, 2.0, 49.0, 69.0, 18.0, 4.0, 3.0, 11.0, 19.0, 13.0, 30.0, 2.0, 30.0, 2.0, 14.0, 21.0, 3.0, 8.0, 1.0, 11.0, 25.0, 12.0, 6.0, 24.0, 3.0, 2.0, 2.0, 8.0, 8.0, 8.0, 6.0, 24.0, 54.0, 28.0, 11.0, 3.0, 13.0, 8.0, 31.0, 1.0, 3.0, 6.0, 8.0, 10.0, 25.0, 9.0, 19.0, 18.0, 16.0, 3.0, 3.0, 8.0, 6.0, 99.0, 68.0, 26.0, 9.0, 25.0, 7.0, 4.0, 52.0, 13.0, 3.0, 37.0, 12.0, 7.0, 4.0, 6.0, 3.0, 12.0, 3.0, 4.0, 12.0, 12.0, 2.0, 6.0, 26.0, 2.0, 35.0, 22.0, 13.0, 5.0, 4.0, 5.0, 11.0, 171.0, 3.0, 31.0, 2.0, 9.0, 4.0, 13.0, 18.0, 32.0, 10.0, 2.0, 14.0, 13.0, 5.0, 8.0, 25.0, 34.0, 4.0, 18.0, 10.0, 11.0, 1.0, 20.0, 18.0, 10.0, 4.0, 10.0, 16.0, 9.0, 7.0, 14.0, 4.0, 24.0, 17.0, 7.0, 10.0, 55.0, 10.0, 1.0, 13.0, 9.0, 1.0, 11.0, 4.0, 1.0, 71.0, 10.0, 8.0, 4.0, 4.0, 9.0, 3.0, 5.0, 14.0, 6.0, 10.0, 13.0, 22.0, 1.0, 46.0, 2.0, 102.0, 56.0, 6.0, 24.0, 15.0, 12.0, 1.0, 2.0, 6.0, 11.0, 6.0, 22.0, 79.0, 31.0, 18.0, 7.0, 5.0, 2.0, 11.0, 4.0, 19.0, 5.0, 33.0, 1.0, 29.0, 5.0, 16.0, 4.0, 9.0, 23.0, 32.0, 17.0, 4.0, 5.0, 2.0, 14.0, 11.0, 15.0, 2.0, 9.0, 8.0, 9.0, 12.0, 2.0, 3.0, 10.0, 5.0, 9.0, 22.0, 4.0, 18.0, 18.0, 2.0, 16.0, 2.0, 7.0, 15.0, 3.0, 8.0, 3.0, 21.0, 11.0, 14.0, 13.0, 14.0, 53.0, 9.0, 44.0, 9.0, 3.0, 9.0, 10.0, 15.0, 31.0, 2.0, 24.0, 2.0, 14.0, 55.0, 8.0, 7.0, 48.0, 49.0, 3.0, 9.0, 2.0, 10.0, 11.0, 27.0, 8.0, 17.0, 63.0, 4.0, 14.0, 43.0, 25.0, 7.0, 12.0, 10.0, 8.0, 10.0, 51.0, 9.0, 1.0, 24.0, 43.0, 3.0, 13.0, 22.0, 22.0, 42.0, 16.0, 11.0, 2.0, 31.0, 32.0, 4.0, 26.0, 4.0, 31.0, 14.0, 6.0, 32.0, 23.0, 6.0, 13.0, 81.0, 3.0, 28.0, 1.0, 1.0, 19.0, 6.0, 37.0, 1.0, 26.0, 17.0, 4.0, 12.0, 11.0, 4.0, 3.0, 10.0, 18.0, 18.0, 26.0, 18.0, 3.0, 14.0, 4.0, 3.0, 3.0, 12.0, 20.0, 20.0, 32.0, 2.0, 1.0, 7.0, 4.0, 28.0, 30.0, 1.0, 5.0, 5.0, 18.0, 10.0, 12.0, 28.0, 4.0, 43.0, 20.0, 1.0, 15.0, 33.0, 21.0, 2.0, 33.0, 14.0, 20.0, 14.0, 19.0, 3.0, 18.0, 2.0, 16.0, 5.0, 42.0, 25.0, 2.0, 8.0, 1.0, 7.0, 6.0, 12.0, 27.0, 10.0, 11.0, 9.0, 5.0, 10.0, 13.0, 3.0, 13.0, 3.0, 3.0, 13.0, 39.0, 20.0, 33.0, 32.0, 23.0, 15.0, 11.0, 22.0, 9.0, 11.0, 9.0, 1.0, 10.0, 32.0, 5.0, 18.0, 8.0, 1.0, 1.0, 21.0, 3.0, 24.0, 32.0, 9.0, 24.0, 10.0, 21.0, 4.0, 1.0, 4.0, 3.0, 16.0, 28.0, 9.0, 23.0, 4.0, 7.0, 52.0, 11.0, 14.0, 4.0, 30.0, 3.0, 3.0, 18.0, 7.0, 7.0, 4.0, 11.0, 16.0, 2.0, 8.0, 21.0, 2.0, 11.0, 22.0, 9.0, 4.0, 3.0, 23.0, 8.0, 6.0, 3.0, 14.0, 11.0, 17.0, 22.0, 1.0, 4.0, 4.0, 12.0, 8.0, 2.0, 23.0, 15.0, 13.0, 4.0, 21.0, 18.0, 11.0, 21.0, 3.0, 4.0, 12.0, 1.0, 4.0, 16.0, 40.0, 11.0, 27.0, 15.0, 3.0, 3.0, 2.0, 44.0, 9.0, 33.0, 35.0, 6.0, 12.0, 24.0, 18.0, 15.0, 28.0, 8.0, 7.0, 3.0, 6.0, 25.0, 3.0, 5.0, 13.0, 11.0, 20.0, 2.0, 15.0, 20.0, 17.0, 6.0, 5.0, 16.0, 1.0, 5.0, 2.0, 9.0, 10.0, 33.0, 13.0, 20.0, 4.0, 16.0, 3.0, 16.0, 4.0, 4.0, 8.0, 8.0, 8.0, 83.0, 9.0, 17.0, 1.0, 13.0, 2.0, 3.0, 3.0, 16.0, 2.0, 21.0, 1.0, 7.0, 16.0, 5.0, 25.0, 14.0, 24.0, 23.0, 17.0, 8.0, 1.0, 9.0, 4.0, 26.0, 7.0, 23.0, 16.0, 4.0, 57.0, 15.0, 44.0, 2.0, 41.0, 35.0, 6.0, 24.0, 25.0, 22.0, 5.0, 21.0, 12.0, 24.0, 5.0, 1.0, 5.0, 10.0, 1.0, 57.0, 39.0, 22.0, 18.0, 8.0, 21.0, 11.0, 2.0, 11.0, 3.0, 10.0, 3.0, 20.0, 2.0, 1.0, 1.0, 14.0, 7.0, 9.0, 25.0, 8.0, 16.0, 1.0, 7.0, 12.0, 6.0, 17.0, 6.0, 21.0, 4.0, 7.0, 11.0, 13.0, 16.0, 1.0, 2.0, 6.0, 7.0, 14.0, 33.0, 16.0, 15.0, 6.0, 6.0, 9.0, 13.0, 18.0, 5.0, 29.0, 22.0, 6.0, 16.0, 40.0, 2.0, 10.0, 2.0, 2.0, 56.0, 19.0, 13.0, 16.0, 4.0, 4.0, 14.0, 14.0, 1.0, 1.0, 10.0, 39.0, 9.0, 13.0, 11.0, 17.0, 19.0, 79.0, 107.0, 10.0, 11.0, 13.0, 9.0, 1.0, 11.0, 1.0, 18.0, 26.0, 7.0, 3.0, 9.0, 3.0, 9.0, 4.0, 36.0, 6.0, 15.0, 9.0, 3.0, 9.0, 37.0, 54.0, 8.0, 4.0, 15.0, 15.0, 18.0, 2.0, 1.0, 16.0, 54.0, 3.0, 17.0, 9.0, 38.0, 2.0, 19.0, 9.0, 22.0, 8.0, 8.0, 16.0, 21.0, 10.0, 25.0, 1.0, 6.0, 21.0, 7.0, 12.0, 2.0, 33.0, 19.0, 9.0, 1.0, 8.0, 7.0, 1.0, 2.0, 23.0, 2.0, 11.0, 13.0, 4.0, 1.0, 12.0, 11.0, 5.0, 5.0, 5.0, 7.0, 3.0, 45.0, 16.0, 12.0, 8.0, 15.0, 7.0, 13.0, 1.0, 10.0, 1.0, 1.0, 5.0, 19.0, 40.0, 14.0, 46.0, 1.0, 41.0, 32.0, 14.0, 3.0, 9.0, 18.0, 17.0, 4.0, 1.0, 2.0, 2.0, 13.0, 19.0, 7.0, 24.0, 20.0, 4.0, 4.0, 4.0, 15.0, 8.0, 3.0, 3.0, 11.0, 3.0, 14.0, 18.0, 7.0, 1.0, 7.0, 10.0, 4.0, 21.0, 6.0, 10.0, 24.0, 9.0, 25.0, 3.0, 12.0, 8.0, 40.0, 33.0, 1.0, 5.0, 90.0, 9.0, 41.0, 5.0, 36.0, 1.0, 76.0, 3.0, 12.0, 1.0, 1.0, 11.0, 7.0, 1.0, 7.0, 17.0, 15.0, 1.0, 6.0, 4.0, 3.0, 10.0, 11.0, 9.0, 22.0, 3.0, 4.0, 9.0, 4.0, 32.0, 12.0, 35.0, 11.0, 22.0, 8.0, 15.0, 1.0, 9.0, 10.0, 9.0, 9.0, 6.0, 11.0, 21.0, 19.0, 16.0, 40.0, 4.0, 9.0, 20.0, 4.0, 24.0, 14.0, 14.0, 10.0, 7.0, 21.0, 11.0, 15.0, 9.0, 10.0, 22.0, 3.0, 11.0, 5.0, 6.0, 12.0, 2.0, 2.0, 36.0, 13.0, 4.0, 30.0, 14.0, 4.0, 20.0, 4.0, 11.0, 22.0, 9.0, 59.0, 13.0, 7.0, 7.0, 3.0, 16.0, 22.0, 35.0, 16.0, 9.0, 18.0, 3.0, 16.0, 2.0, 13.0, 7.0, 5.0, 5.0, 14.0, 9.0, 11.0, 35.0, 3.0, 15.0, 9.0, 3.0, 9.0, 20.0, 2.0, 6.0, 54.0, 4.0, 30.0, 15.0, 27.0, 7.0, 21.0, 10.0, 9.0, 3.0, 16.0, 7.0, 20.0, 10.0, 8.0, 2.0, 2.0, 57.0, 7.0, 4.0, 14.0, 13.0, 69.0, 21.0, 9.0, 52.0, 7.0, 20.0, 8.0, 7.0, 16.0, 8.0, 2.0, 4.0, 22.0, 28.0, 20.0, 47.0, 10.0, 8.0, 49.0, 15.0, 32.0, 9.0, 3.0, 24.0, 19.0, 2.0, 11.0, 8.0, 41.0, 18.0, 15.0, 12.0, 5.0, 31.0, 13.0, 72.0, 3.0, 4.0, 14.0, 13.0, 9.0, 28.0, 18.0, 3.0, 12.0, 5.0, 13.0, 16.0, 5.0, 36.0, 34.0, 11.0, 5.0, 2.0, 7.0, 4.0, 10.0, 6.0, 7.0, 1.0, 40.0, 68.0, 17.0, 11.0, 17.0, 4.0, 21.0, 6.0, 27.0, 65.0, 3.0, 10.0, 4.0, 1.0, 12.0, 30.0, 11.0, 7.0, 1.0, 6.0, 43.0, 1.0, 32.0, 21.0, 3.0, 13.0, 8.0, 8.0, 9.0, 5.0, 3.0, 1.0, 3.0, 5.0, 1.0, 10.0, 12.0, 10.0, 8.0, 7.0, 8.0, 11.0, 13.0, 3.0, 5.0, 12.0, 20.0, 11.0, 12.0, 3.0, 11.0, 21.0, 9.0, 5.0, 8.0, 2.0, 9.0, 10.0, 57.0, 8.0, 29.0, 9.0, 20.0, 14.0, 24.0, 7.0, 24.0, 25.0, 7.0, 15.0, 27.0, 6.0, 7.0, 5.0, 14.0, 1.0, 3.0, 8.0, 1.0, 2.0, 12.0, 13.0, 13.0, 12.0, 23.0, 14.0, 9.0, 75.0, 10.0, 4.0, 14.0, 7.0, 4.0, 56.0, 11.0, 4.0, 2.0, 5.0, 11.0, 13.0, 6.0, 12.0, 5.0, 3.0, 5.0, 9.0, 11.0, 5.0, 9.0, 13.0, 2.0, 7.0, 8.0, 1.0, 2.0, 14.0, 4.0, 17.0, 5.0, 1.0, 10.0, 13.0, 10.0, 5.0, 20.0, 3.0, 12.0, 7.0, 22.0, 7.0, 23.0, 11.0, 17.0, 16.0, 5.0, 11.0, 9.0, 11.0, 2.0, 5.0, 13.0, 24.0, 5.0, 1.0, 26.0, 53.0, 4.0, 9.0, 18.0, 8.0, 3.0, 6.0, 11.0, 11.0, 7.0, 18.0, 8.0, 1.0, 20.0, 4.0, 20.0, 43.0, 2.0, 13.0, 5.0, 69.0, 9.0, 35.0, 13.0, 26.0, 13.0, 9.0, 22.0, 1.0, 4.0, 5.0, 5.0, 13.0, 6.0, 39.0, 12.0, 10.0, 1.0, 17.0, 2.0, 2.0, 30.0, 38.0, 7.0, 20.0, 38.0, 45.0, 15.0, 5.0, 12.0, 5.0, 24.0, 28.0, 27.0, 31.0, 26.0, 25.0, 1.0, 9.0, 8.0, 23.0, 4.0, 4.0, 9.0, 2.0, 29.0, 8.0, 9.0, 3.0, 27.0, 4.0, 9.0, 7.0, 3.0, 1.0, 4.0, 16.0, 6.0, 10.0, 10.0, 51.0, 8.0, 8.0, 9.0, 16.0, 22.0, 5.0, 38.0, 5.0, 4.0] 

traffic times
 [1.0, 3.0, 1.0, 19.0, 9.0, 15.0, 17.0, 4.0, 18.0, 47.0, 1.0, 19.0, 3.0, 12.0, 5.0, 19.0, 10.0, 15.0, 10.0, 27.0, 8.0, 11.0, 4.0, 1.0, 1.0, 4.0, 24.0, 27.0, 19.0, 4.0, 2.0, 22.0, 11.0, 11.0, 18.0, 44.0, 19.0, 27.0, 8.0, 1.0, 32.0, 11.0, 3.0, 57.0, 2.0, 24.0, 27.0, 17.0, 11.0, 26.0, 84.0, 20.0, 2.0, 12.0, 27.0, 18.0, 41.0, 16.0, 14.0, 24.0, 3.0, 33.0, 11.0, 1.0, 24.0, 1.0, 47.0, 16.0, 15.0, 5.0, 1.0, 16.0, 15.0, 7.0, 11.0, 5.0, 18.0, 8.0, 21.0, 1.0, 166.0, 1.0, 7.0, 17.0, 1.0, 7.0, 82.0, 44.0, 1.0, 14.0, 1.0, 18.0, 32.0, 23.0, 20.0, 1.0, 17.0, 1.0, 16.0, 1.0, 78.0, 8.0, 7.0, 1.0, 54.0, 12.0, 6.0, 29.0, 11.0, 14.0, 1.0, 36.0, 2.0, 17.0, 1.0, 30.0, 2.0, 1.0, 8.0, 1.0, 1.0, 3.0, 15.0, 14.0, 12.0, 16.0, 23.0, 8.0, 1.0, 8.0, 13.0, 1.0, 7.0, 5.0, 12.0, 16.0, 1.0, 15.0, 18.0, 12.0, 6.0, 15.0, 6.0, 13.0, 1.0, 4.0, 13.0, 18.0, 7.0, 1.0, 5.0, 11.0, 143.0, 1.0, 8.0, 27.0, 12.0, 6.0, 1.0, 7.0, 22.0, 1.0, 18.0, 8.0, 12.0, 3.0, 12.0, 1.0, 20.0, 6.0, 25.0, 15.0, 5.0, 24.0, 4.0, 1.0, 17.0, 7.0, 25.0, 6.0, 15.0, 1.0, 19.0, 1.0, 6.0, 5.0, 52.0, 19.0, 9.0, 66.0, 1.0, 10.0, 3.0, 13.0, 25.0, 8.0, 7.0, 10.0, 28.0, 1.0, 8.0, 1.0, 16.0, 2.0, 1.0, 1.0, 8.0, 19.0, 24.0, 8.0, 1.0, 7.0, 27.0, 21.0, 16.0, 1.0, 14.0, 36.0, 1.0, 89.0, 14.0, 1.0, 38.0, 6.0, 15.0, 1.0, 1.0, 3.0, 1.0, 61.0, 11.0, 33.0, 20.0, 9.0, 18.0, 12.0, 14.0, 57.0, 7.0, 1.0, 4.0, 1.0, 12.0, 1.0, 8.0, 10.0, 7.0, 1.0, 12.0, 5.0, 5.0, 12.0, 1.0, 8.0, 27.0, 1.0, 2.0, 37.0, 1.0, 20.0, 9.0, 10.0, 31.0, 12.0, 5.0, 1.0, 53.0, 1.0, 49.0, 73.0, 5.0, 16.0, 28.0, 13.0, 9.0, 15.0, 13.0, 8.0, 48.0, 7.0, 18.0, 8.0, 1.0, 24.0, 9.0, 17.0, 17.0, 46.0, 21.0, 21.0, 33.0, 16.0, 1.0, 2.0, 7.0, 26.0, 2.0, 7.0, 14.0, 7.0, 10.0, 1.0, 10.0, 14.0, 23.0, 7.0, 14.0, 1.0, 17.0, 4.0, 33.0, 8.0, 1.0, 7.0, 1.0, 1.0, 14.0, 8.0, 1.0, 1.0, 5.0, 22.0, 19.0, 5.0, 14.0, 6.0, 7.0, 6.0, 14.0, 16.0, 15.0, 22.0, 43.0, 1.0, 11.0, 25.0, 27.0, 12.0, 33.0, 44.0, 3.0, 13.0, 4.0, 20.0, 1.0, 1.0, 16.0, 6.0, 8.0, 1.0, 5.0, 5.0, 21.0, 30.0, 1.0, 42.0, 1.0, 1.0, 7.0, 15.0, 8.0, 40.0, 1.0, 1.0, 1.0, 26.0, 1.0, 17.0, 14.0, 7.0, 7.0, 36.0, 7.0, 2.0, 3.0, 35.0, 1.0, 9.0, 1.0, 12.0, 6.0, 1.0, 26.0, 11.0, 1.0, 1.0, 7.0, 1.0, 1.0, 1.0, 11.0, 25.0, 1.0, 15.0, 7.0, 30.0, 15.0, 18.0, 5.0, 10.0, 1.0, 6.0, 12.0, 11.0, 17.0, 8.0, 21.0, 16.0, 8.0, 8.0, 6.0, 15.0, 8.0, 8.0, 53.0, 1.0, 17.0, 3.0, 1.0, 3.0, 1.0, 1.0, 1.0, 1.0, 12.0, 13.0, 21.0, 5.0, 2.0, 25.0, 16.0, 1.0, 3.0, 1.0, 12.0, 7.0, 33.0, 1.0, 13.0, 19.0, 12.0, 7.0, 1.0, 11.0, 9.0, 1.0, 7.0, 11.0, 1.0, 1.0, 3.0, 1.0, 25.0, 21.0, 11.0, 1.0, 13.0, 1.0, 13.0, 13.0, 10.0, 15.0, 18.0, 7.0, 13.0, 3.0, 23.0, 1.0, 1.0, 29.0, 5.0, 42.0, 17.0, 2.0, 9.0, 16.0, 28.0, 2.0, 6.0, 11.0, 8.0, 11.0, 1.0, 19.0, 15.0, 26.0, 1.0, 1.0, 5.0, 28.0, 1.0, 7.0, 7.0, 62.0, 46.0, 8.0, 12.0, 16.0, 13.0, 21.0, 47.0, 6.0, 43.0, 2.0, 1.0, 2.0, 26.0, 8.0, 1.0, 2.0, 29.0, 3.0, 1.0, 20.0, 8.0, 1.0, 7.0, 33.0, 1.0, 1.0, 12.0, 11.0, 18.0, 1.0, 11.0, 18.0, 7.0, 1.0, 2.0, 8.0, 1.0, 8.0, 7.0, 7.0, 14.0, 49.0, 7.0, 11.0, 5.0, 1.0, 50.0, 2.0, 1.0, 12.0, 9.0, 52.0, 1.0, 7.0, 9.0, 33.0, 12.0, 17.0, 29.0, 4.0, 30.0, 1.0, 15.0, 8.0, 31.0, 6.0, 1.0, 18.0, 8.0, 7.0, 15.0, 4.0, 4.0, 9.0, 1.0, 28.0, 7.0, 28.0, 1.0, 19.0, 30.0, 1.0, 6.0, 29.0, 8.0, 21.0, 31.0, 115.0, 7.0, 23.0, 6.0, 8.0, 8.0, 10.0, 1.0, 17.0, 29.0, 14.0, 10.0, 44.0, 15.0, 7.0, 11.0, 16.0, 16.0, 1.0, 13.0, 38.0, 10.0, 8.0, 8.0, 7.0, 45.0, 30.0, 6.0, 3.0, 22.0, 22.0, 50.0, 4.0, 15.0, 7.0, 11.0, 32.0, 6.0, 47.0, 1.0, 11.0, 14.0, 35.0, 1.0, 28.0, 7.0, 13.0, 83.0, 9.0, 1.0, 5.0, 4.0, 12.0, 10.0, 7.0, 1.0, 14.0, 30.0, 35.0, 28.0, 6.0, 1.0, 1.0, 1.0, 7.0, 7.0, 8.0, 4.0, 15.0, 42.0, 21.0, 1.0, 8.0, 7.0, 7.0, 32.0, 12.0, 15.0, 12.0, 20.0, 15.0, 1.0, 7.0, 1.0, 5.0, 14.0, 1.0, 7.0, 18.0, 7.0, 4.0, 44.0, 7.0, 12.0, 10.0, 7.0, 11.0, 1.0, 12.0, 23.0, 18.0, 9.0, 2.0, 11.0, 6.0, 41.0, 9.0, 63.0, 15.0, 4.0, 6.0, 1.0, 9.0, 28.0, 37.0, 13.0, 1.0, 7.0, 42.0, 25.0, 1.0, 36.0, 11.0, 1.0, 5.0, 28.0, 90.0, 16.0, 1.0, 11.0, 7.0, 23.0, 1.0, 22.0, 6.0, 13.0, 1.0, 6.0, 17.0, 11.0, 22.0, 96.0, 9.0, 27.0, 1.0, 10.0, 24.0, 27.0, 6.0, 8.0, 1.0, 43.0, 28.0, 8.0, 8.0, 1.0, 30.0, 15.0, 11.0, 11.0, 18.0, 9.0, 39.0, 13.0, 1.0, 3.0, 11.0, 11.0, 52.0, 11.0, 18.0, 30.0, 7.0, 8.0, 1.0, 14.0, 11.0, 47.0, 24.0, 12.0, 33.0, 21.0, 1.0, 7.0, 18.0, 1.0, 18.0, 7.0, 1.0, 4.0, 1.0, 23.0, 14.0, 17.0, 23.0, 1.0, 8.0, 14.0, 13.0, 3.0, 1.0, 51.0, 11.0, 1.0, 4.0, 11.0, 18.0, 23.0, 49.0, 7.0, 3.0, 22.0, 27.0, 8.0, 7.0, 1.0, 1.0, 19.0, 20.0, 6.0, 1.0, 20.0, 1.0, 35.0, 8.0, 10.0, 16.0, 19.0, 7.0, 71.0, 7.0, 1.0, 1.0, 21.0, 1.0, 8.0, 18.0, 15.0, 11.0, 7.0, 9.0, 1.0, 1.0, 47.0, 1.0, 7.0, 11.0, 66.0, 7.0, 22.0, 5.0, 2.0, 9.0, 8.0, 20.0, 42.0, 52.0, 7.0, 1.0, 2.0, 23.0, 15.0, 35.0, 1.0, 1.0, 19.0, 1.0, 1.0, 20.0, 16.0, 30.0, 1.0, 1.0, 1.0, 35.0, 4.0, 10.0, 1.0, 7.0, 28.0, 31.0, 1.0, 1.0, 10.0, 10.0, 14.0, 2.0, 2.0, 20.0, 28.0, 11.0, 17.0, 1.0, 34.0, 11.0, 10.0, 11.0, 6.0, 6.0, 12.0, 1.0, 15.0, 12.0, 11.0, 1.0, 8.0, 26.0, 9.0, 1.0, 19.0, 24.0, 21.0, 26.0, 1.0, 7.0, 11.0, 28.0, 1.0, 8.0, 7.0, 1.0, 28.0, 13.0, 1.0, 1.0, 1.0, 23.0, 24.0, 11.0, 20.0, 12.0, 9.0, 23.0, 27.0, 45.0, 8.0, 33.0, 17.0, 8.0, 3.0, 32.0, 31.0, 17.0, 1.0, 40.0, 8.0, 72.0, 4.0, 12.0, 21.0, 1.0, 37.0, 8.0, 16.0, 9.0, 1.0, 1.0, 19.0, 11.0, 12.0, 6.0, 24.0, 16.0, 9.0, 18.0, 1.0, 4.0, 10.0, 11.0, 4.0, 7.0, 14.0, 1.0, 1.0, 6.0, 1.0, 18.0, 4.0, 8.0, 32.0, 14.0, 17.0, 1.0, 8.0, 1.0, 4.0, 17.0, 11.0, 17.0, 1.0, 33.0, 11.0, 1.0, 24.0, 1.0, 1.0, 1.0, 1.0, 1.0, 1.0, 7.0, 8.0, 12.0, 9.0, 54.0, 1.0, 7.0, 7.0, 12.0, 1.0, 28.0, 27.0, 34.0, 10.0, 55.0, 1.0, 27.0, 7.0, 1.0, 68.0, 6.0, 27.0, 7.0, 5.0, 7.0, 9.0, 1.0, 12.0, 15.0, 7.0, 11.0, 6.0, 1.0, 2.0, 1.0, 20.0, 35.0, 14.0, 27.0, 16.0, 35.0, 21.0, 21.0, 2.0, 5.0, 24.0, 1.0, 2.0, 1.0, 1.0, 2.0, 15.0, 53.0, 1.0, 13.0, 8.0, 1.0, 25.0, 5.0, 32.0, 31.0, 24.0, 21.0, 7.0, 1.0, 11.0, 18.0, 24.0, 54.0, 23.0, 1.0, 9.0, 7.0, 15.0, 1.0, 2.0, 1.0, 8.0, 45.0, 7.0, 1.0, 10.0, 5.0, 13.0, 7.0, 6.0, 103.0, 13.0, 20.0, 1.0, 21.0, 15.0, 7.0, 1.0, 1.0, 50.0, 25.0, 80.0, 5.0, 1.0, 39.0, 27.0, 1.0, 18.0, 14.0, 7.0, 33.0, 6.0, 44.0, 10.0, 13.0, 18.0, 10.0, 39.0, 1.0, 1.0, 1.0, 14.0, 27.0] 

total times
 [1.0, 32.0, 10.0, 1.0, 19.0, 15.0, 13.0, 34.0, 11.0, 9.0, 15.0, 10.0, 8.0, 33.0, 9.0, 12.0, 2.0, 4.0, 16.0, 16.0, 18.0, 33.0, 35.0, 10.0, 47.0, 1.0, 58.0, 26.0, 21.0, 6.0, 30.0, 4.0, 5.0, 20.0, 12.0, 6.0, 5.0, 26.0, 25.0, 10.0, 31.0, 19.0, 20.0, 16.0, 9.0, 14.0, 10.0, 15.0, 4.0, 10.0, 5.0, 6.0, 27.0, 8.0, 8.0, 7.0, 11.0, 8.0, 1.0, 1.0, 8.0, 19.0, 29.0, 27.0, 20.0, 14.0, 4.0, 2.0, 13.0, 1.0, 37.0, 22.0, 15.0, 11.0, 16.0, 18.0, 9.0, 52.0, 11.0, 2.0, 19.0, 4.0, 17.0, 93.0, 8.0, 1.0, 32.0, 21.0, 2.0, 3.0, 5.0, 4.0, 3.0, 20.0, 80.0, 27.0, 6.0, 13.0, 4.0, 42.0, 15.0, 8.0, 27.0, 39.0, 16.0, 20.0, 27.0, 75.0, 19.0, 26.0, 10.0, 93.0, 20.0, 18.0, 12.0, 36.0, 7.0, 27.0, 18.0, 17.0, 41.0, 56.0, 13.0, 5.0, 24.0, 11.0, 14.0, 24.0, 13.0, 5.0, 9.0, 33.0, 1.0, 43.0, 11.0, 1.0, 24.0, 1.0, 47.0, 16.0, 17.0, 2.0, 5.0, 10.0, 9.0, 12.0, 1.0, 32.0, 8.0, 2.0, 16.0, 4.0, 26.0, 45.0, 15.0, 21.0, 32.0, 16.0, 2.0, 7.0, 14.0, 22.0, 9.0, 17.0, 11.0, 72.0, 33.0, 9.0, 18.0, 3.0, 8.0, 23.0, 19.0, 21.0, 5.0, 1.0, 12.0, 16.0, 201.0, 15.0, 4.0, 2.0, 9.0, 7.0, 7.0, 8.0, 72.0, 17.0, 1.0, 9.0, 17.0, 3.0, 34.0, 23.0, 13.0, 16.0, 99.0, 44.0, 1.0, 5.0, 14.0, 64.0, 3.0, 4.0, 1.0, 18.0, 32.0, 36.0, 19.0, 20.0, 1.0, 17.0, 18.0, 17.0, 1.0, 16.0, 8.0, 1.0, 8.0, 78.0, 6.0, 1.0, 9.0, 3.0, 11.0, 10.0, 7.0, 1.0, 11.0, 11.0, 12.0, 4.0, 54.0, 12.0, 62.0, 4.0, 13.0, 32.0, 10.0, 9.0, 8.0, 11.0, 20.0, 14.0, 2.0, 1.0, 7.0, 36.0, 15.0, 31.0, 7.0, 5.0, 11.0, 35.0, 9.0, 31.0, 24.0, 30.0, 13.0, 5.0, 17.0, 20.0, 6.0, 1.0, 8.0, 10.0, 13.0, 1.0, 26.0, 3.0, 9.0, 10.0, 15.0, 34.0, 1.0, 12.0, 81.0, 12.0, 10.0, 23.0, 9.0, 7.0, 8.0, 1.0, 47.0, 13.0, 12.0, 13.0, 5.0, 2.0, 9.0, 2.0, 25.0, 22.0, 5.0, 6.0, 7.0, 5.0, 63.0, 12.0, 14.0, 22.0, 9.0, 12.0, 16.0, 14.0, 16.0, 1.0, 1.0, 33.0, 21.0, 3.0, 12.0, 17.0, 6.0, 15.0, 16.0, 8.0, 6.0, 9.0, 2.0, 13.0, 26.0, 27.0, 8.0, 4.0, 14.0, 22.0, 18.0, 10.0, 7.0, 3.0, 10.0, 1.0, 8.0, 11.0, 143.0, 35.0, 3.0, 13.0, 7.0, 50.0, 13.0, 31.0, 1.0, 8.0, 3.0, 22.0, 24.0, 27.0, 27.0, 14.0, 11.0, 9.0, 6.0, 6.0, 1.0, 5.0, 25.0, 9.0, 4.0, 7.0, 3.0, 5.0, 16.0, 22.0, 1.0, 4.0, 18.0, 1.0, 45.0, 8.0, 12.0, 3.0, 5.0, 12.0, 58.0, 3.0, 4.0, 12.0, 8.0, 1.0, 29.0, 52.0, 38.0, 22.0, 9.0, 20.0, 10.0, 32.0, 4.0, 9.0, 25.0, 14.0, 10.0, 24.0, 15.0, 10.0, 20.0, 9.0, 14.0, 7.0, 9.0, 10.0, 24.0, 4.0, 17.0, 5.0, 2.0, 13.0, 1.0, 1.0, 22.0, 9.0, 3.0, 10.0, 4.0, 20.0, 38.0, 24.0, 19.0, 7.0, 25.0, 25.0, 6.0, 9.0, 10.0, 2.0, 32.0, 11.0, 10.0, 3.0, 19.0, 1.0, 6.0, 15.0, 14.0, 52.0, 16.0, 11.0, 19.0, 16.0, 1.0, 2.0, 8.0, 10.0, 9.0, 7.0, 66.0, 17.0, 6.0, 10.0, 3.0, 11.0, 13.0, 31.0, 25.0, 4.0, 2.0, 27.0, 8.0, 11.0, 17.0, 1.0, 48.0, 31.0, 11.0, 3.0, 13.0, 10.0, 28.0, 4.0, 13.0, 26.0, 1.0, 12.0, 8.0, 2.0, 11.0, 4.0, 11.0, 11.0, 16.0, 2.0, 9.0, 22.0, 18.0, 10.0, 4.0, 8.0, 19.0, 16.0, 5.0, 14.0, 54.0, 10.0, 29.0, 22.0, 20.0, 3.0, 4.0, 5.0, 7.0, 38.0, 10.0, 1.0, 7.0, 27.0, 37.0, 8.0, 3.0, 8.0, 21.0, 16.0, 1.0, 14.0, 36.0, 3.0, 3.0, 2.0, 15.0, 2.0, 20.0, 9.0, 2.0, 6.0, 1.0, 19.0, 89.0, 14.0, 4.0, 38.0, 11.0, 14.0, 7.0, 5.0, 9.0, 2.0, 32.0, 9.0, 4.0, 57.0, 68.0, 6.0, 15.0, 1.0, 12.0, 1.0, 7.0, 3.0, 15.0, 1.0, 61.0, 11.0, 18.0, 28.0, 35.0, 5.0, 29.0, 1.0, 32.0, 9.0, 12.0, 11.0, 18.0, 4.0, 55.0, 14.0, 57.0, 7.0, 43.0, 8.0, 4.0, 13.0, 1.0, 12.0, 16.0, 1.0, 10.0, 8.0, 9.0, 32.0, 9.0, 22.0, 16.0, 25.0, 45.0, 4.0, 130.0, 25.0, 7.0, 5.0, 18.0, 28.0, 3.0, 1.0, 13.0, 2.0, 2.0, 12.0, 4.0, 5.0, 44.0, 14.0, 10.0, 4.0, 3.0, 6.0, 13.0, 1.0, 12.0, 7.0, 3.0, 7.0, 49.0, 1.0, 10.0, 10.0, 13.0, 37.0, 20.0, 22.0, 13.0, 1.0, 27.0, 10.0, 14.0, 11.0, 31.0, 12.0, 5.0, 1.0, 3.0, 19.0, 11.0, 53.0, 4.0, 14.0, 57.0, 1.0, 11.0, 19.0, 5.0, 10.0, 13.0, 56.0, 37.0, 73.0, 9.0, 2.0, 49.0, 84.0, 18.0, 16.0, 28.0, 4.0, 13.0, 3.0, 13.0, 15.0, 11.0, 19.0, 13.0, 30.0, 2.0, 30.0, 2.0, 14.0, 13.0, 21.0, 3.0, 8.0, 1.0, 11.0, 25.0, 11.0, 12.0, 6.0, 24.0, 3.0, 50.0, 2.0, 8.0, 8.0, 7.0, 8.0, 6.0, 24.0, 76.0, 28.0, 11.0, 3.0, 13.0, 8.0, 8.0, 1.0, 31.0, 1.0, 3.0, 26.0, 9.0, 17.0, 6.0, 8.0, 10.0, 51.0, 9.0, 19.0, 46.0, 21.0, 18.0, 16.0, 21.0, 33.0, 19.0, 3.0, 8.0, 1.0, 6.0, 101.0, 75.0, 26.0, 9.0, 25.0, 7.0, 26.0, 2.0, 7.0, 14.0, 4.0, 52.0, 7.0, 13.0, 10.0, 1.0, 3.0, 37.0, 10.0, 14.0, 12.0, 23.0, 7.0, 7.0, 14.0, 4.0, 1.0, 17.0, 8.0, 6.0, 3.0, 12.0, 3.0, 4.0, 12.0, 12.0, 2.0, 6.0, 59.0, 2.0, 8.0, 35.0, 22.0, 1.0, 13.0, 5.0, 4.0, 7.0, 1.0, 6.0, 14.0, 8.0, 1.0, 1.0, 24.0, 199.0, 3.0, 31.0, 2.0, 9.0, 19.0, 7.0, 4.0, 14.0, 13.0, 18.0, 6.0, 32.0, 10.0, 2.0, 14.0, 13.0, 7.0, 5.0, 8.0, 25.0, 6.0, 34.0, 18.0, 16.0, 42.0, 10.0, 11.0, 1.0, 20.0, 49.0, 43.0, 1.0, 10.0, 14.0, 25.0, 27.0, 16.0, 33.0, 44.0, 3.0, 17.0, 8.0, 10.0, 20.0, 16.0, 9.0, 7.0, 14.0, 1.0, 5.0, 24.0, 16.0, 17.0, 19.0, 6.0, 7.0, 10.0, 55.0, 10.0, 8.0, 1.0, 5.0, 5.0, 21.0, 1.0, 13.0, 9.0, 1.0, 30.0, 1.0, 11.0, 4.0, 42.0, 1.0, 1.0, 1.0, 7.0, 15.0, 8.0, 71.0, 10.0, 8.0, 41.0, 1.0, 1.0, 1.0, 4.0, 4.0, 26.0, 9.0, 3.0, 1.0, 5.0, 14.0, 6.0, 17.0, 10.0, 13.0, 45.0, 1.0, 46.0, 7.0, 2.0, 7.0, 144.0, 56.0, 6.0, 24.0, 7.0, 6.0, 9.0, 15.0, 35.0, 1.0, 12.0, 1.0, 2.0, 6.0, 11.0, 6.0, 40.0, 79.0, 1.0, 50.0, 18.0, 7.0, 6.0, 5.0, 1.0, 26.0, 13.0, 11.0, 4.0, 1.0, 1.0, 11.0, 1.0, 19.0, 5.0, 1.0, 34.0, 11.0, 1.0, 64.0, 5.0, 16.0, 1.0, 15.0, 4.0, 9.0, 23.0, 7.0, 32.0, 17.0, 30.0, 15.0, 4.0, 5.0, 18.0, 9.0, 10.0, 2.0, 14.0, 11.0, 1.0, 6.0, 15.0, 2.0, 9.0, 8.0, 9.0, 12.0, 14.0, 11.0, 25.0, 3.0, 10.0, 8.0, 21.0, 5.0, 9.0, 22.0, 16.0, 8.0, 8.0, 6.0, 4.0, 18.0, 15.0, 18.0, 2.0, 8.0, 8.0, 53.0, 1.0, 37.0, 5.0, 1.0, 7.0, 3.0, 15.0, 3.0, 1.0, 8.0, 3.0, 21.0, 11.0, 1.0, 14.0, 13.0, 14.0, 53.0, 9.0, 44.0, 1.0, 1.0, 12.0, 9.0, 3.0, 13.0, 21.0, 9.0, 5.0, 10.0, 2.0, 15.0, 25.0, 47.0, 2.0, 24.0, 2.0, 1.0, 3.0, 14.0, 55.0, 8.0, 1.0, 7.0, 48.0, 49.0, 3.0, 12.0, 9.0, 2.0, 7.0, 10.0, 11.0, 33.0, 1.0, 27.0, 8.0, 13.0, 19.0, 12.0, 17.0, 63.0, 4.0, 7.0, 1.0, 11.0, 9.0, 14.0, 7.0, 58.0, 25.0, 7.0, 12.0, 14.0, 1.0, 1.0, 3.0, 1.0, 10.0, 8.0, 10.0, 83.0, 21.0, 11.0, 1.0, 9.0, 13.0, 10.0, 14.0, 13.0, 24.0, 43.0, 10.0, 3.0, 15.0, 13.0, 22.0, 22.0, 42.0, 16.0, 18.0, 7.0, 11.0, 2.0, 31.0, 32.0, 4.0, 26.0, 4.0, 31.0, 35.0, 3.0, 23.0, 6.0, 32.0, 23.0, 1.0, 1.0, 30.0, 5.0, 42.0, 19.0, 6.0, 13.0, 2.0, 81.0, 3.0, 28.0, 17.0, 19.0, 1.0, 19.0, 6.0, 28.0, 37.0, 1.0, 26.0, 2.0, 17.0, 4.0, 6.0, 12.0, 11.0, 15.0, 8.0, 3.0, 10.0, 18.0, 13.0, 1.0, 18.0, 26.0, 19.0, 15.0, 26.0, 1.0, 18.0, 3.0, 14.0, 4.0, 3.0, 3.0, 12.0, 1.0, 20.0, 20.0, 5.0, 28.0, 32.0, 2.0, 11.0, 12.0, 7.0, 62.0, 7.0, 46.0, 4.0, 28.0, 15.0, 12.0, 30.0, 16.0, 14.0, 21.0, 47.0, 6.0, 5.0, 43.0, 7.0, 18.0, 10.0, 12.0, 1.0, 28.0, 2.0, 26.0, 8.0, 1.0, 4.0, 43.0, 31.0, 29.0, 1.0, 15.0, 33.0, 21.0, 2.0, 33.0, 14.0, 20.0, 14.0, 19.0, 8.0, 3.0, 18.0, 2.0, 16.0, 5.0, 42.0, 25.0, 1.0, 20.0, 2.0, 8.0, 1.0, 8.0, 1.0, 7.0, 33.0, 7.0, 6.0, 12.0, 27.0, 11.0, 1.0, 11.0, 9.0, 5.0, 10.0, 12.0, 11.0, 13.0, 21.0, 13.0, 3.0, 3.0, 13.0, 1.0, 11.0, 39.0, 18.0, 7.0, 20.0, 33.0, 32.0, 23.0, 15.0, 11.0, 1.0, 2.0, 22.0, 9.0, 11.0, 9.0, 8.0, 11.0, 10.0, 8.0, 32.0, 7.0, 5.0, 9.0, 15.0, 18.0, 49.0, 7.0, 11.0, 8.0, 5.0, 1.0, 1.0, 21.0, 1.0, 50.0, 3.0, 2.0, 24.0, 1.0, 12.0, 32.0, 9.0, 24.0, 27.0, 52.0, 21.0, 1.0, 4.0, 7.0, 1.0, 4.0, 13.0, 39.0, 12.0, 3.0, 17.0, 29.0, 16.0, 14.0, 28.0, 9.0, 23.0, 4.0, 7.0, 90.0, 1.0, 15.0, 8.0, 11.0, 52.0, 10.0, 5.0, 18.0, 12.0, 7.0, 21.0, 34.0, 4.0, 3.0, 3.0, 18.0, 7.0, 7.0, 9.0, 4.0, 11.0, 16.0, 2.0, 8.0, 21.0, 1.0, 28.0, 7.0, 28.0, 1.0, 19.0, 30.0, 2.0, 11.0, 1.0, 22.0, 6.0, 9.0, 4.0, 3.0, 62.0, 8.0, 25.0, 8.0, 6.0, 3.0, 14.0, 11.0, 17.0, 31.0, 22.0, 1.0, 4.0, 4.0, 12.0, 8.0, 115.0, 2.0, 7.0, 25.0, 6.0, 23.0, 15.0, 13.0, 8.0, 8.0, 4.0, 14.0, 21.0, 1.0, 18.0, 17.0, 29.0, 11.0, 14.0, 10.0, 44.0, 21.0, 15.0, 7.0, 3.0, 4.0, 12.0, 13.0, 1.0, 16.0, 17.0, 1.0, 13.0, 38.0, 4.0, 11.0, 16.0, 19.0, 10.0, 8.0, 7.0, 40.0, 45.0, 11.0, 27.0, 15.0, 30.0, 8.0, 3.0, 7.0, 22.0, 3.0, 2.0, 44.0, 22.0, 50.0, 9.0, 33.0, 39.0, 6.0, 15.0, 7.0, 12.0, 11.0, 24.0, 18.0, 54.0, 6.0, 28.0, 8.0, 47.0, 1.0, 26.0, 17.0, 3.0, 6.0, 35.0, 1.0, 62.0, 7.0, 13.0, 83.0, 9.0, 1.0, 5.0, 3.0, 4.0, 5.0, 13.0, 11.0, 38.0, 10.0, 11.0, 2.0, 1.0, 35.0, 20.0, 17.0, 6.0, 5.0, 16.0, 1.0, 5.0, 30.0, 2.0, 9.0, 41.0, 28.0, 10.0, 6.0, 33.0, 13.0, 1.0, 20.0, 4.0, 16.0, 1.0, 1.0, 7.0, 7.0, 3.0, 16.0, 4.0, 4.0, 8.0, 8.0, 8.0, 83.0, 9.0, 8.0, 4.0, 17.0, 15.0, 43.0, 21.0, 13.0, 2.0, 3.0, 3.0, 16.0, 2.0, 21.0, 1.0, 1.0, 7.0, 16.0, 16.0, 7.0, 7.0, 5.0, 25.0, 14.0, 32.0, 12.0, 24.0, 45.0, 12.0, 17.0, 20.0, 15.0, 8.0, 1.0, 1.0, 9.0, 7.0, 1.0, 5.0, 18.0, 1.0, 26.0, 7.0, 23.0, 16.0, 7.0, 18.0, 7.0, 4.0, 57.0, 15.0, 4.0, 44.0, 44.0, 7.0, 12.0, 2.0, 41.0, 35.0, 6.0, 10.0, 24.0, 10.0, 11.0, 5.0, 25.0, 22.0, 5.0, 21.0, 12.0, 12.0, 54.0, 18.0, 9.0, 5.0, 12.0, 11.0, 5.0, 10.0, 1.0, 72.0, 39.0, 22.0, 18.0, 8.0, 72.0, 11.0, 19.0, 63.0, 11.0, 15.0, 3.0, 10.0, 3.0, 20.0, 4.0, 2.0, 1.0, 6.0, 1.0, 1.0, 9.0, 14.0, 7.0, 9.0, 25.0, 8.0, 16.0, 37.0, 37.0, 1.0, 7.0, 13.0, 12.0, 1.0, 6.0, 7.0, 17.0, 6.0, 63.0, 28.0, 1.0, 4.0, 36.0, 11.0, 1.0, 7.0, 11.0, 5.0, 13.0, 16.0, 28.0, 1.0, 2.0, 6.0, 7.0, 14.0, 33.0, 16.0, 15.0, 90.0, 6.0, 6.0, 9.0, 13.0, 40.0, 5.0, 30.0, 22.0, 6.0, 11.0, 16.0, 7.0, 71.0, 2.0, 10.0, 1.0, 22.0, 2.0, 6.0, 2.0, 56.0, 13.0, 19.0, 1.0, 13.0, 16.0, 4.0, 4.0, 14.0, 14.0, 8.0, 17.0, 11.0, 1.0, 22.0, 1.0, 101.0, 19.0, 39.0, 9.0, 13.0, 46.0, 1.0, 18.0, 17.0, 26.0, 19.0, 115.0, 6.0, 121.0, 1.0, 10.0, 11.0, 13.0, 52.0, 9.0, 36.0, 1.0, 11.0, 1.0, 18.0, 8.0, 26.0, 7.0, 8.0, 1.0, 3.0, 34.0, 9.0, 15.0, 11.0, 3.0, 11.0, 18.0, 9.0, 9.0, 4.0, 36.0, 6.0, 63.0, 13.0, 9.0, 3.0, 1.0, 9.0, 37.0, 54.0, 8.0, 4.0, 15.0, 3.0, 15.0, 11.0, 11.0, 52.0, 11.0, 18.0, 2.0, 30.0, 1.0, 7.0, 16.0, 54.0, 8.0, 1.0, 3.0, 14.0, 11.0, 17.0, 9.0, 92.0, 2.0, 52.0, 28.0, 33.0, 22.0, 8.0, 21.0, 1.0, 7.0, 8.0, 18.0, 9.0, 18.0, 16.0, 21.0, 10.0, 7.0, 1.0, 25.0, 1.0, 6.0, 4.0, 1.0, 23.0, 14.0, 21.0, 17.0, 23.0, 7.0, 1.0, 8.0, 14.0, 13.0, 3.0, 12.0, 2.0, 1.0, 51.0, 11.0, 33.0, 1.0, 19.0, 9.0, 26.0, 18.0, 33.0, 49.0, 7.0, 3.0, 8.0, 38.0, 1.0, 2.0, 23.0, 2.0, 11.0, 27.0, 8.0, 13.0, 4.0, 1.0, 12.0, 11.0, 5.0, 5.0, 7.0, 5.0, 7.0, 1.0, 1.0, 3.0, 45.0, 16.0, 12.0, 8.0, 19.0, 15.0, 7.0, 13.0, 1.0, 20.0, 10.0, 6.0, 1.0, 1.0, 1.0, 20.0, 5.0, 19.0, 40.0, 14.0, 46.0, 1.0, 41.0, 32.0, 14.0, 4.0, 3.0, 9.0, 35.0, 18.0, 8.0, 10.0, 16.0, 41.0, 7.0, 4.0, 1.0, 71.0, 11.0, 1.0, 1.0, 21.0, 2.0, 2.0, 1.0, 13.0, 19.0, 8.0, 7.0, 24.0, 47.0, 4.0, 4.0, 15.0, 4.0, 11.0, 15.0, 8.0, 7.0, 3.0, 3.0, 11.0, 11.0, 1.0, 5.0, 47.0, 3.0, 1.0, 14.0, 7.0, 38.0, 66.0, 7.0, 1.0, 7.0, 7.0, 22.0, 10.0, 5.0, 2.0, 4.0, 9.0, 21.0, 8.0, 21.0, 48.0, 10.0, 24.0, 9.0, 52.0, 7.0, 25.0, 1.0, 3.0, 12.0, 8.0, 5.0, 40.0, 33.0, 1.0, 5.0, 23.0, 15.0, 90.0, 9.0, 41.0, 35.0, 1.0, 5.0, 36.0, 1.0, 76.0, 10.0, 19.0, 3.0, 1.0, 12.0, 1.0, 1.0, 11.0, 7.0, 1.0, 1.0, 7.0, 47.0, 15.0, 1.0, 6.0, 19.0, 4.0, 3.0, 30.0, 1.0, 10.0, 11.0, 1.0, 9.0, 1.0, 39.0, 8.0, 22.0, 3.0, 10.0, 1.0, 4.0, 9.0, 4.0, 32.0, 12.0, 35.0, 11.0, 22.0, 8.0, 7.0, 49.0, 31.0, 1.0, 11.0, 10.0, 10.0, 14.0, 9.0, 10.0, 9.0, 9.0, 6.0, 2.0, 22.0, 21.0, 20.0, 28.0, 19.0, 16.0, 40.0, 4.0, 11.0, 17.0, 1.0, 9.0, 20.0, 4.0, 24.0, 34.0, 14.0, 14.0, 11.0, 10.0, 7.0, 38.0, 11.0, 15.0, 9.0, 11.0, 6.0, 10.0, 22.0, 6.0, 3.0, 11.0, 5.0, 12.0, 1.0, 6.0, 12.0, 2.0, 2.0, 36.0, 15.0, 12.0, 13.0, 4.0, 30.0, 14.0, 11.0, 4.0, 20.0, 1.0, 8.0, 4.0, 26.0, 9.0, 11.0, 22.0, 9.0, 59.0, 10.0, 13.0, 22.0, 24.0, 7.0, 7.0, 3.0, 16.0, 22.0, 35.0, 21.0, 16.0, 9.0, 26.0, 1.0, 18.0, 7.0, 3.0, 16.0, 2.0, 11.0, 50.0, 1.0, 7.0, 5.0, 5.0, 8.0, 14.0, 9.0, 11.0, 7.0, 1.0, 28.0, 13.0, 35.0, 3.0, 15.0, 1.0, 9.0, 1.0, 3.0, 9.0, 31.0, 9.0, 20.0, 24.0, 2.0, 6.0, 11.0, 54.0, 4.0, 30.0, 15.0, 27.0, 7.0, 41.0, 10.0, 9.0, 3.0, 12.0, 16.0, 7.0, 20.0, 25.0, 23.0, 8.0, 2.0, 27.0, 2.0, 57.0, 7.0, 45.0, 8.0, 4.0, 33.0, 40.0, 13.0, 69.0, 8.0, 21.0, 3.0, 9.0, 52.0, 7.0, 32.0, 20.0, 8.0, 31.0, 7.0, 17.0, 5.0, 16.0, 8.0, 2.0, 4.0, 22.0, 28.0, 20.0, 47.0, 10.0, 8.0, 40.0, 49.0, 8.0, 15.0, 72.0, 4.0, 12.0, 21.0, 1.0, 37.0, 32.0, 9.0, 3.0, 24.0, 19.0, 2.0, 8.0, 78.0, 11.0, 8.0, 16.0, 41.0, 9.0, 18.0, 15.0, 12.0, 5.0, 1.0, 31.0, 13.0, 5.0, 96.0, 11.0, 12.0, 3.0, 4.0, 6.0, 24.0, 14.0, 13.0, 9.0, 28.0, 18.0, 16.0, 3.0, 9.0, 12.0, 5.0, 13.0, 16.0, 5.0, 18.0, 36.0, 34.0, 11.0, 5.0, 1.0, 2.0, 8.0, 7.0, 10.0, 4.0, 10.0, 6.0, 11.0, 4.0, 7.0, 7.0, 1.0, 14.0, 1.0, 1.0, 40.0, 6.0, 1.0, 92.0, 17.0, 11.0, 17.0, 4.0, 4.0, 21.0, 8.0, 6.0, 27.0, 65.0, 3.0, 32.0, 10.0, 18.0, 26.0, 6.0, 4.0, 1.0, 12.0, 38.0, 1.0, 10.0, 34.0, 11.0, 11.0, 7.0, 1.0, 6.0, 43.0, 1.0, 32.0, 19.0, 21.0, 3.0, 1.0, 33.0, 13.0, 8.0, 19.0, 9.0, 5.0, 3.0, 1.0, 1.0, 24.0, 3.0, 5.0, 1.0, 1.0, 10.0, 12.0, 10.0, 8.0, 1.0, 7.0, 17.0, 9.0, 1.0, 11.0, 1.0, 13.0, 3.0, 5.0, 12.0, 20.0, 7.0, 11.0, 12.0, 8.0, 3.0, 11.0, 21.0, 9.0, 5.0, 12.0, 8.0, 9.0, 54.0, 2.0, 1.0, 9.0, 10.0, 7.0, 57.0, 8.0, 7.0, 12.0, 1.0, 29.0, 9.0, 20.0, 14.0, 24.0, 7.0, 28.0, 24.0, 27.0, 34.0, 10.0, 25.0, 7.0, 15.0, 27.0, 55.0, 6.0, 7.0, 5.0, 1.0, 14.0, 35.0, 3.0, 15.0, 1.0, 1.0, 2.0, 68.0, 9.0, 27.0, 12.0, 7.0, 13.0, 9.0, 7.0, 13.0, 27.0, 23.0, 14.0, 1.0, 13.0, 9.0, 15.0, 75.0, 10.0, 4.0, 14.0, 7.0, 11.0, 6.0, 1.0, 7.0, 6.0, 5.0, 84.0, 11.0, 4.0, 35.0, 2.0, 14.0, 5.0, 11.0, 13.0, 6.0, 27.0, 17.0, 35.0, 21.0, 12.0, 5.0, 3.0, 21.0, 5.0, 9.0, 11.0, 7.0, 9.0, 9.0, 13.0, 2.0, 7.0, 24.0, 9.0, 1.0, 2.0, 24.0, 4.0, 17.0, 5.0, 1.0, 7.0, 1.0, 2.0, 15.0, 10.0, 53.0, 13.0, 10.0, 1.0, 5.0, 37.0, 8.0, 9.0, 3.0, 12.0, 7.0, 22.0, 7.0, 23.0, 11.0, 17.0, 25.0, 16.0, 10.0, 5.0, 11.0, 9.0, 11.0, 2.0, 5.0, 13.0, 24.0, 5.0, 40.0, 26.0, 53.0, 4.0, 9.0, 40.0, 24.0, 18.0, 8.0, 3.0, 6.0, 21.0, 10.0, 1.0, 11.0, 11.0, 7.0, 18.0, 8.0, 1.0, 16.0, 20.0, 4.0, 20.0, 43.0, 23.0, 2.0, 24.0, 13.0, 5.0, 69.0, 9.0, 35.0, 54.0, 13.0, 23.0, 26.0, 13.0, 9.0, 22.0, 1.0, 4.0, 5.0, 1.0, 5.0, 13.0, 6.0, 39.0, 12.0, 10.0, 9.0, 7.0, 1.0, 17.0, 2.0, 2.0, 30.0, 15.0, 38.0, 1.0, 7.0, 2.0, 20.0, 124.0, 45.0, 15.0, 5.0, 12.0, 5.0, 1.0, 24.0, 28.0, 8.0, 45.0, 27.0, 7.0, 31.0, 1.0, 10.0, 26.0, 5.0, 25.0, 13.0, 7.0, 1.0, 9.0, 8.0, 23.0, 4.0, 4.0, 9.0, 6.0, 112.0, 2.0, 21.0, 20.0, 1.0, 58.0, 23.0, 7.0, 1.0, 1.0, 50.0, 25.0, 9.0, 90.0, 3.0, 9.0, 27.0, 4.0, 1.0, 9.0, 7.0, 3.0, 39.0, 1.0, 27.0, 1.0, 18.0, 14.0, 7.0, 33.0, 10.0, 4.0, 16.0, 55.0, 10.0, 10.0, 13.0, 37.0, 51.0, 10.0, 39.0, 1.0, 8.0, 8.0, 1.0, 9.0, 16.0, 1.0, 36.0, 5.0, 30.0, 38.0, 5.0, 4.0] 

MGT times
 [1.0, 32.0, 10.0, 1.0, 19.0, 15.0, 13.0, 34.0, 11.0, 9.0, 15.0, 10.0, 8.0, 33.0, 9.0, 12.0, 2.0, 4.0, 16.0, 16.0, 18.0, 33.0, 35.0, 10.0, 47.0, 1.0, 58.0, 26.0, 21.0, 6.0, 30.0, 4.0, 5.0, 20.0, 12.0, 6.0, 5.0, 26.0, 25.0, 10.0, 31.0, 19.0, 20.0, 16.0, 9.0, 14.0, 10.0, 15.0, 4.0, 10.0, 5.0, 6.0, 27.0, 8.0, 8.0, 7.0, 11.0, 8.0, 1.0, 1.0, 8.0, 19.0, 29.0, 27.0, 19.0, 14.0, 4.0, 2.0, 13.0, 1.0, 37.0, 22.0, 15.0, 11.0, 16.0, 18.0, 9.0, 52.0, 11.0, 2.0, 19.0, 4.0, 17.0, 93.0, 8.0, 1.0, 32.0, 21.0, 2.0, 3.0, 5.0, 4.0, 3.0, 20.0, 29.0, 27.0, 6.0, 13.0, 4.0, 42.0, 15.0, 8.0, 27.0, 39.0, 16.0, 20.0, 27.0, 74.0, 19.0, 26.0, 10.0, 93.0, 20.0, 18.0, 12.0, 36.0, 7.0, 27.0, 18.0, 17.0, 41.0, 56.0, 13.0, 5.0, 24.0, 11.0, 14.0, 24.0, 13.0, 5.0, 9.0, 33.0, 1.0, 43.0, 11.0, 1.0, 24.0, 1.0, 47.0, 16.0, 17.0, 2.0, 5.0, 10.0, 9.0, 12.0, 1.0, 32.0, 8.0, 2.0, 16.0, 4.0, 26.0, 45.0, 15.0, 21.0, 32.0, 16.0, 2.0, 7.0, 14.0, 22.0, 9.0, 17.0, 11.0, 72.0, 33.0, 9.0, 18.0, 3.0, 8.0, 23.0, 19.0, 21.0, 5.0, 1.0, 12.0, 16.0, 201.0, 15.0, 4.0, 2.0, 9.0, 7.0, 7.0, 8.0, 72.0, 17.0, 1.0, 9.0, 17.0, 3.0, 34.0, 23.0, 13.0, 16.0, 99.0, 44.0, 1.0, 5.0, 14.0, 64.0, 3.0, 4.0, 1.0, 18.0, 32.0, 36.0, 19.0, 20.0, 1.0, 17.0, 18.0, 17.0, 1.0, 16.0, 8.0, 1.0, 8.0, 78.0, 6.0, 1.0, 9.0, 3.0, 11.0, 10.0, 7.0, 1.0, 11.0, 11.0, 12.0, 4.0, 54.0, 12.0, 62.0, 4.0, 13.0, 32.0, 10.0, 9.0, 8.0, 11.0, 20.0, 14.0, 2.0, 1.0, 7.0, 36.0, 15.0, 31.0, 7.0, 5.0, 11.0, 35.0, 9.0, 31.0, 24.0, 30.0, 13.0, 5.0, 17.0, 20.0, 6.0, 1.0, 8.0, 10.0, 13.0, 1.0, 26.0, 3.0, 9.0, 10.0, 15.0, 34.0, 1.0, 12.0, 81.0, 12.0, 10.0, 23.0, 9.0, 7.0, 8.0, 1.0, 47.0, 13.0, 12.0, 13.0, 5.0, 2.0, 9.0, 2.0, 25.0, 22.0, 5.0, 6.0, 7.0, 5.0, 63.0, 12.0, 14.0, 22.0, 9.0, 12.0, 16.0, 14.0, 16.0, 1.0, 1.0, 33.0, 21.0, 3.0, 12.0, 17.0, 6.0, 15.0, 16.0, 8.0, 6.0, 9.0, 2.0, 13.0, 26.0, 27.0, 8.0, 4.0, 14.0, 22.0, 18.0, 10.0, 7.0, 3.0, 10.0, 1.0, 8.0, 11.0, 143.0, 35.0, 3.0, 13.0, 7.0, 50.0, 13.0, 31.0, 1.0, 8.0, 3.0, 22.0, 24.0, 27.0, 27.0, 14.0, 11.0, 9.0, 6.0, 6.0, 1.0, 5.0, 25.0, 9.0, 4.0, 7.0, 3.0, 5.0, 16.0, 22.0, 1.0, 4.0, 18.0, 1.0, 45.0, 8.0, 12.0, 3.0, 5.0, 12.0, 58.0, 3.0, 4.0, 12.0, 8.0, 1.0, 29.0, 52.0, 38.0, 22.0, 9.0, 20.0, 10.0, 32.0, 4.0, 9.0, 25.0, 14.0, 10.0, 24.0, 15.0, 10.0, 20.0, 9.0, 14.0, 7.0, 9.0, 10.0, 24.0, 4.0, 17.0, 5.0, 2.0, 13.0, 1.0, 1.0, 22.0, 9.0, 3.0, 10.0, 4.0, 20.0, 38.0, 24.0, 19.0, 7.0, 25.0, 25.0, 6.0, 9.0, 10.0, 2.0, 32.0, 11.0, 10.0, 3.0, 19.0, 1.0, 6.0, 15.0, 14.0, 52.0, 16.0, 11.0, 19.0, 16.0, 1.0, 2.0, 8.0, 10.0, 9.0, 7.0, 66.0, 17.0, 6.0, 10.0, 3.0, 11.0, 13.0, 31.0, 25.0, 4.0, 2.0, 27.0, 8.0, 11.0, 17.0, 1.0, 48.0, 31.0, 11.0, 3.0, 13.0, 10.0, 28.0, 4.0, 13.0, 26.0, 1.0, 12.0, 8.0, 2.0, 11.0, 4.0, 11.0, 11.0, 16.0, 2.0, 9.0, 22.0, 18.0, 10.0, 4.0, 8.0, 19.0, 16.0, 5.0, 14.0, 54.0, 10.0, 29.0, 22.0, 20.0, 3.0, 4.0, 5.0, 7.0, 38.0, 10.0, 1.0, 7.0, 27.0, 37.0, 8.0, 3.0, 8.0, 21.0, 16.0, 1.0, 14.0, 36.0, 3.0, 3.0, 2.0, 15.0, 2.0, 20.0, 9.0, 2.0, 6.0, 1.0, 19.0, 59.0, 14.0, 4.0, 38.0, 11.0, 14.0, 7.0, 5.0, 9.0, 2.0, 32.0, 9.0, 4.0, 57.0, 49.0, 6.0, 15.0, 1.0, 12.0, 1.0, 7.0, 3.0, 15.0, 1.0, 61.0, 11.0, 18.0, 28.0, 35.0, 5.0, 29.0, 1.0, 32.0, 9.0, 12.0, 11.0, 18.0, 4.0, 55.0, 14.0, 57.0, 7.0, 43.0, 8.0, 4.0, 13.0, 1.0, 12.0, 16.0, 1.0, 10.0, 8.0, 9.0, 32.0, 9.0, 22.0, 16.0, 25.0, 45.0, 4.0, 130.0, 25.0, 7.0, 5.0, 18.0, 28.0, 3.0, 1.0, 13.0, 2.0, 2.0, 12.0, 4.0, 5.0, 44.0, 14.0, 10.0, 4.0, 3.0, 6.0, 13.0, 1.0, 12.0, 7.0, 3.0, 7.0, 49.0, 1.0, 10.0, 10.0, 13.0, 37.0, 20.0, 22.0, 13.0, 1.0, 27.0, 10.0, 14.0, 11.0, 31.0, 12.0, 5.0, 1.0, 3.0, 19.0, 11.0, 53.0, 4.0, 14.0, 57.0, 1.0, 11.0, 19.0, 5.0, 10.0, 13.0, 56.0, 37.0, 50.0, 9.0, 2.0, 49.0, 84.0, 18.0, 16.0, 28.0, 4.0, 13.0, 3.0, 13.0, 15.0, 11.0, 19.0, 13.0, 30.0, 2.0, 30.0, 2.0, 14.0, 13.0, 21.0, 3.0, 8.0, 1.0, 11.0, 25.0, 11.0, 12.0, 6.0, 24.0, 3.0, 50.0, 2.0, 8.0, 8.0, 7.0, 8.0, 6.0, 24.0, 75.0, 28.0, 11.0, 3.0, 13.0, 8.0, 8.0, 1.0, 31.0, 1.0, 3.0, 26.0, 9.0, 17.0, 6.0, 8.0, 10.0, 51.0, 9.0, 19.0, 46.0, 21.0, 18.0, 16.0, 21.0, 33.0, 19.0, 3.0, 8.0, 1.0, 6.0, 101.0, 75.0, 26.0, 9.0, 25.0, 7.0, 26.0, 2.0, 7.0, 14.0, 4.0, 52.0, 7.0, 13.0, 10.0, 1.0, 3.0, 37.0, 10.0, 14.0, 12.0, 23.0, 7.0, 7.0, 14.0, 4.0, 1.0, 17.0, 8.0, 6.0, 3.0, 12.0, 3.0, 4.0, 12.0, 12.0, 2.0, 6.0, 59.0, 2.0, 8.0, 35.0, 22.0, 1.0, 13.0, 5.0, 4.0, 7.0, 1.0, 6.0, 14.0, 8.0, 1.0, 1.0, 24.0, 199.0, 3.0, 31.0, 2.0, 9.0, 19.0, 7.0, 4.0, 14.0, 13.0, 18.0, 6.0, 32.0, 10.0, 2.0, 14.0, 13.0, 7.0, 5.0, 8.0, 25.0, 6.0, 34.0, 18.0, 16.0, 42.0, 10.0, 11.0, 1.0, 20.0, 49.0, 14.0, 1.0, 10.0, 14.0, 25.0, 27.0, 16.0, 33.0, 44.0, 3.0, 17.0, 8.0, 10.0, 20.0, 16.0, 9.0, 7.0, 14.0, 1.0, 5.0, 24.0, 16.0, 17.0, 19.0, 6.0, 7.0, 10.0, 55.0, 10.0, 8.0, 1.0, 5.0, 5.0, 21.0, 1.0, 13.0, 9.0, 1.0, 30.0, 1.0, 11.0, 4.0, 42.0, 1.0, 1.0, 1.0, 7.0, 15.0, 8.0, 71.0, 10.0, 8.0, 41.0, 1.0, 1.0, 1.0, 4.0, 4.0, 26.0, 9.0, 3.0, 1.0, 5.0, 14.0, 6.0, 17.0, 10.0, 13.0, 45.0, 1.0, 46.0, 7.0, 2.0, 7.0, 144.0, 56.0, 6.0, 24.0, 7.0, 6.0, 9.0, 15.0, 35.0, 1.0, 12.0, 1.0, 2.0, 6.0, 11.0, 6.0, 40.0, 79.0, 1.0, 50.0, 18.0, 7.0, 6.0, 5.0, 1.0, 26.0, 13.0, 11.0, 4.0, 1.0, 1.0, 11.0, 1.0, 19.0, 5.0, 1.0, 34.0, 11.0, 1.0, 64.0, 5.0, 16.0, 1.0, 15.0, 4.0, 9.0, 23.0, 7.0, 32.0, 17.0, 30.0, 15.0, 4.0, 5.0, 9.0, 10.0, 2.0, 14.0, 11.0, 1.0, 6.0, 15.0, 2.0, 9.0, 8.0, 9.0, 12.0, 14.0, 11.0, 25.0, 3.0, 10.0, 8.0, 21.0, 5.0, 9.0, 22.0, 16.0, 8.0, 8.0, 6.0, 4.0, 18.0, 15.0, 18.0, 2.0, 8.0, 8.0, 53.0, 1.0, 36.0, 5.0, 1.0, 7.0, 3.0, 15.0, 3.0, 1.0, 8.0, 3.0, 21.0, 11.0, 1.0, 14.0, 13.0, 14.0, 53.0, 9.0, 44.0, 1.0, 1.0, 12.0, 9.0, 3.0, 13.0, 21.0, 9.0, 5.0, 10.0, 2.0, 15.0, 25.0, 47.0, 2.0, 24.0, 2.0, 1.0, 3.0, 14.0, 55.0, 8.0, 1.0, 7.0, 48.0, 49.0, 3.0, 12.0, 9.0, 2.0, 7.0, 10.0, 11.0, 33.0, 1.0, 27.0, 8.0, 13.0, 19.0, 12.0, 17.0, 63.0, 4.0, 7.0, 1.0, 11.0, 9.0, 14.0, 7.0, 58.0, 25.0, 7.0, 12.0, 14.0, 1.0, 1.0, 3.0, 1.0, 10.0, 8.0, 10.0, 83.0, 21.0, 11.0, 1.0, 9.0, 13.0, 10.0, 14.0, 13.0, 24.0, 43.0, 10.0, 3.0, 15.0, 13.0, 22.0, 22.0, 42.0, 16.0, 18.0, 7.0, 11.0, 2.0, 31.0, 32.0, 4.0, 26.0, 4.0, 31.0, 35.0, 3.0, 23.0, 6.0, 32.0, 23.0, 1.0, 1.0, 30.0, 5.0, 42.0, 18.0, 6.0, 13.0, 2.0, 81.0, 3.0, 28.0, 17.0, 19.0, 1.0, 19.0, 6.0, 28.0, 37.0, 1.0, 26.0, 2.0, 17.0, 4.0, 6.0, 12.0, 11.0, 15.0, 8.0, 3.0, 10.0, 18.0, 13.0, 1.0, 18.0, 26.0, 19.0, 15.0, 26.0, 1.0, 18.0, 3.0, 14.0, 4.0, 3.0, 3.0, 12.0, 1.0, 20.0, 20.0, 5.0, 28.0, 32.0, 2.0, 11.0, 12.0, 7.0, 62.0, 7.0, 46.0, 4.0, 28.0, 15.0, 12.0, 30.0, 16.0, 14.0, 21.0, 47.0, 6.0, 5.0, 43.0, 7.0, 18.0, 10.0, 12.0, 1.0, 28.0, 2.0, 26.0, 8.0, 1.0, 4.0, 43.0, 31.0, 29.0, 1.0, 15.0, 33.0, 21.0, 2.0, 33.0, 14.0, 20.0, 14.0, 19.0, 8.0, 3.0, 18.0, 2.0, 16.0, 5.0, 42.0, 25.0, 1.0, 20.0, 2.0, 8.0, 1.0, 8.0, 1.0, 7.0, 33.0, 7.0, 6.0, 12.0, 27.0, 11.0, 1.0, 11.0, 9.0, 5.0, 10.0, 12.0, 11.0, 13.0, 21.0, 13.0, 3.0, 3.0, 13.0, 1.0, 11.0, 39.0, 18.0, 7.0, 20.0, 33.0, 32.0, 23.0, 15.0, 11.0, 1.0, 2.0, 22.0, 9.0, 11.0, 9.0, 8.0, 11.0, 10.0, 8.0, 32.0, 7.0, 5.0, 9.0, 15.0, 18.0, 49.0, 7.0, 11.0, 8.0, 5.0, 1.0, 1.0, 21.0, 1.0, 50.0, 3.0, 2.0, 24.0, 1.0, 12.0, 32.0, 9.0, 24.0, 27.0, 52.0, 21.0, 1.0, 4.0, 7.0, 1.0, 4.0, 13.0, 39.0, 12.0, 3.0, 17.0, 29.0, 16.0, 14.0, 28.0, 9.0, 23.0, 4.0, 7.0, 90.0, 1.0, 15.0, 8.0, 11.0, 52.0, 10.0, 5.0, 18.0, 12.0, 7.0, 21.0, 34.0, 4.0, 3.0, 3.0, 18.0, 7.0, 7.0, 9.0, 4.0, 11.0, 16.0, 2.0, 8.0, 21.0, 1.0, 28.0, 7.0, 28.0, 1.0, 19.0, 30.0, 2.0, 11.0, 1.0, 22.0, 6.0, 9.0, 4.0, 3.0, 62.0, 8.0, 25.0, 8.0, 6.0, 3.0, 14.0, 11.0, 17.0, 31.0, 22.0, 1.0, 4.0, 4.0, 12.0, 8.0, 115.0, 2.0, 7.0, 25.0, 6.0, 23.0, 15.0, 13.0, 8.0, 8.0, 4.0, 14.0, 21.0, 1.0, 18.0, 17.0, 29.0, 11.0, 14.0, 10.0, 44.0, 21.0, 15.0, 7.0, 3.0, 4.0, 12.0, 13.0, 1.0, 16.0, 17.0, 1.0, 13.0, 38.0, 4.0, 11.0, 16.0, 19.0, 10.0, 8.0, 7.0, 40.0, 45.0, 11.0, 27.0, 15.0, 30.0, 8.0, 3.0, 7.0, 22.0, 3.0, 2.0, 44.0, 22.0, 50.0, 9.0, 33.0, 39.0, 6.0, 15.0, 7.0, 12.0, 11.0, 24.0, 18.0, 54.0, 6.0, 28.0, 8.0, 47.0, 1.0, 26.0, 17.0, 3.0, 6.0, 35.0, 1.0, 62.0, 7.0, 13.0, 82.0, 9.0, 1.0, 5.0, 3.0, 4.0, 5.0, 13.0, 11.0, 38.0, 10.0, 11.0, 2.0, 1.0, 35.0, 20.0, 17.0, 6.0, 5.0, 16.0, 1.0, 5.0, 30.0, 2.0, 9.0, 41.0, 28.0, 10.0, 6.0, 33.0, 13.0, 1.0, 20.0, 4.0, 16.0, 1.0, 1.0, 7.0, 7.0, 3.0, 16.0, 4.0, 4.0, 8.0, 8.0, 8.0, 83.0, 9.0, 8.0, 4.0, 17.0, 15.0, 43.0, 21.0, 13.0, 2.0, 3.0, 3.0, 16.0, 2.0, 21.0, 1.0, 1.0, 7.0, 16.0, 16.0, 7.0, 7.0, 5.0, 25.0, 14.0, 32.0, 12.0, 24.0, 45.0, 12.0, 17.0, 20.0, 15.0, 8.0, 1.0, 1.0, 9.0, 7.0, 1.0, 5.0, 18.0, 1.0, 26.0, 7.0, 23.0, 16.0, 7.0, 18.0, 7.0, 4.0, 57.0, 15.0, 4.0, 44.0, 44.0, 7.0, 12.0, 2.0, 41.0, 35.0, 6.0, 10.0, 24.0, 10.0, 11.0, 5.0, 25.0, 22.0, 5.0, 21.0, 12.0, 12.0, 54.0, 18.0, 9.0, 5.0, 12.0, 11.0, 5.0, 10.0, 1.0, 72.0, 39.0, 22.0, 18.0, 8.0, 72.0, 11.0, 19.0, 63.0, 11.0, 15.0, 3.0, 10.0, 3.0, 20.0, 4.0, 2.0, 1.0, 6.0, 1.0, 1.0, 9.0, 14.0, 7.0, 9.0, 25.0, 8.0, 16.0, 37.0, 37.0, 1.0, 7.0, 13.0, 12.0, 1.0, 6.0, 7.0, 17.0, 6.0, 63.0, 28.0, 1.0, 4.0, 36.0, 11.0, 1.0, 7.0, 11.0, 5.0, 13.0, 16.0, 28.0, 1.0, 2.0, 6.0, 7.0, 14.0, 33.0, 16.0, 15.0, 70.0, 6.0, 6.0, 9.0, 13.0, 40.0, 5.0, 30.0, 22.0, 6.0, 11.0, 16.0, 7.0, 71.0, 2.0, 10.0, 1.0, 22.0, 2.0, 6.0, 2.0, 56.0, 13.0, 19.0, 1.0, 13.0, 16.0, 4.0, 4.0, 14.0, 14.0, 8.0, 17.0, 11.0, 1.0, 22.0, 1.0, 57.0, 19.0, 39.0, 9.0, 13.0, 46.0, 1.0, 18.0, 17.0, 26.0, 19.0, 107.0, 6.0, 121.0, 1.0, 10.0, 11.0, 13.0, 52.0, 9.0, 36.0, 1.0, 11.0, 1.0, 18.0, 8.0, 26.0, 7.0, 8.0, 1.0, 3.0, 34.0, 9.0, 15.0, 11.0, 3.0, 11.0, 18.0, 9.0, 9.0, 4.0, 36.0, 6.0, 63.0, 13.0, 9.0, 3.0, 1.0, 9.0, 37.0, 54.0, 8.0, 4.0, 15.0, 3.0, 15.0, 11.0, 11.0, 52.0, 11.0, 18.0, 2.0, 30.0, 1.0, 7.0, 16.0, 54.0, 8.0, 1.0, 3.0, 14.0, 11.0, 17.0, 9.0, 60.0, 2.0, 52.0, 28.0, 33.0, 22.0, 8.0, 21.0, 1.0, 7.0, 8.0, 18.0, 9.0, 18.0, 16.0, 21.0, 10.0, 7.0, 1.0, 25.0, 1.0, 6.0, 4.0, 1.0, 23.0, 14.0, 21.0, 17.0, 23.0, 7.0, 1.0, 8.0, 14.0, 13.0, 3.0, 12.0, 2.0, 1.0, 51.0, 11.0, 33.0, 1.0, 19.0, 9.0, 26.0, 18.0, 33.0, 18.0, 7.0, 3.0, 8.0, 38.0, 1.0, 2.0, 23.0, 2.0, 11.0, 27.0, 8.0, 13.0, 4.0, 1.0, 12.0, 11.0, 5.0, 5.0, 7.0, 5.0, 7.0, 1.0, 1.0, 3.0, 45.0, 16.0, 12.0, 8.0, 19.0, 15.0, 7.0, 13.0, 1.0, 20.0, 10.0, 6.0, 1.0, 1.0, 1.0, 20.0, 5.0, 19.0, 40.0, 14.0, 46.0, 1.0, 41.0, 32.0, 14.0, 4.0, 3.0, 9.0, 35.0, 18.0, 8.0, 10.0, 16.0, 40.0, 7.0, 4.0, 1.0, 71.0, 11.0, 1.0, 1.0, 21.0, 2.0, 2.0, 1.0, 13.0, 19.0, 8.0, 7.0, 24.0, 47.0, 4.0, 4.0, 15.0, 4.0, 11.0, 15.0, 8.0, 7.0, 3.0, 3.0, 11.0, 11.0, 1.0, 5.0, 26.0, 3.0, 1.0, 14.0, 7.0, 38.0, 66.0, 7.0, 1.0, 7.0, 7.0, 22.0, 10.0, 5.0, 2.0, 4.0, 9.0, 21.0, 8.0, 21.0, 48.0, 10.0, 24.0, 9.0, 52.0, 7.0, 25.0, 1.0, 3.0, 12.0, 8.0, 5.0, 40.0, 33.0, 1.0, 5.0, 23.0, 15.0, 90.0, 9.0, 41.0, 35.0, 1.0, 5.0, 36.0, 1.0, 76.0, 10.0, 19.0, 3.0, 1.0, 12.0, 1.0, 1.0, 11.0, 7.0, 1.0, 1.0, 7.0, 47.0, 15.0, 1.0, 6.0, 18.0, 4.0, 3.0, 30.0, 1.0, 10.0, 11.0, 1.0, 9.0, 1.0, 39.0, 8.0, 22.0, 3.0, 10.0, 1.0, 4.0, 9.0, 4.0, 32.0, 12.0, 35.0, 11.0, 22.0, 8.0, 7.0, 49.0, 31.0, 1.0, 11.0, 10.0, 10.0, 14.0, 9.0, 10.0, 9.0, 9.0, 6.0, 2.0, 22.0, 21.0, 20.0, 28.0, 19.0, 16.0, 40.0, 4.0, 11.0, 17.0, 1.0, 9.0, 20.0, 4.0, 24.0, 34.0, 14.0, 14.0, 11.0, 10.0, 7.0, 38.0, 11.0, 15.0, 9.0, 11.0, 6.0, 10.0, 22.0, 6.0, 3.0, 11.0, 5.0, 12.0, 1.0, 6.0, 12.0, 2.0, 2.0, 36.0, 15.0, 12.0, 13.0, 4.0, 30.0, 14.0, 11.0, 4.0, 20.0, 1.0, 8.0, 4.0, 26.0, 9.0, 11.0, 22.0, 9.0, 59.0, 10.0, 13.0, 22.0, 24.0, 7.0, 7.0, 3.0, 16.0, 22.0, 35.0, 21.0, 16.0, 9.0, 26.0, 1.0, 18.0, 7.0, 3.0, 16.0, 2.0, 11.0, 50.0, 1.0, 7.0, 5.0, 5.0, 8.0, 14.0, 9.0, 11.0, 7.0, 1.0, 28.0, 13.0, 35.0, 3.0, 15.0, 1.0, 9.0, 1.0, 3.0, 9.0, 31.0, 9.0, 20.0, 24.0, 2.0, 6.0, 11.0, 54.0, 4.0, 30.0, 15.0, 27.0, 7.0, 41.0, 10.0, 9.0, 3.0, 12.0, 16.0, 7.0, 20.0, 25.0, 23.0, 8.0, 2.0, 27.0, 2.0, 57.0, 7.0, 45.0, 8.0, 4.0, 33.0, 40.0, 13.0, 69.0, 8.0, 21.0, 3.0, 9.0, 52.0, 7.0, 32.0, 20.0, 8.0, 31.0, 7.0, 17.0, 5.0, 16.0, 8.0, 2.0, 4.0, 22.0, 28.0, 20.0, 47.0, 10.0, 8.0, 40.0, 49.0, 8.0, 15.0, 72.0, 4.0, 12.0, 21.0, 1.0, 37.0, 32.0, 9.0, 3.0, 24.0, 19.0, 2.0, 8.0, 78.0, 11.0, 8.0, 16.0, 41.0, 9.0, 18.0, 15.0, 12.0, 5.0, 1.0, 31.0, 13.0, 5.0, 95.0, 11.0, 12.0, 3.0, 4.0, 6.0, 24.0, 14.0, 13.0, 9.0, 28.0, 18.0, 16.0, 3.0, 9.0, 12.0, 5.0, 13.0, 16.0, 5.0, 18.0, 36.0, 34.0, 11.0, 5.0, 1.0, 2.0, 8.0, 7.0, 10.0, 4.0, 10.0, 6.0, 11.0, 4.0, 7.0, 7.0, 1.0, 14.0, 1.0, 1.0, 40.0, 6.0, 1.0, 91.0, 17.0, 11.0, 17.0, 4.0, 4.0, 21.0, 8.0, 6.0, 27.0, 65.0, 3.0, 32.0, 10.0, 18.0, 26.0, 6.0, 4.0, 1.0, 12.0, 38.0, 1.0, 10.0, 34.0, 11.0, 11.0, 7.0, 1.0, 6.0, 43.0, 1.0, 32.0, 19.0, 21.0, 3.0, 1.0, 33.0, 13.0, 8.0, 19.0, 9.0, 5.0, 3.0, 1.0, 1.0, 24.0, 3.0, 5.0, 1.0, 1.0, 10.0, 12.0, 10.0, 8.0, 1.0, 7.0, 17.0, 9.0, 1.0, 11.0, 1.0, 13.0, 3.0, 5.0, 12.0, 20.0, 7.0, 11.0, 12.0, 8.0, 3.0, 11.0, 21.0, 9.0, 5.0, 12.0, 8.0, 9.0, 54.0, 2.0, 1.0, 9.0, 10.0, 7.0, 57.0, 8.0, 7.0, 12.0, 1.0, 29.0, 9.0, 20.0, 14.0, 24.0, 7.0, 28.0, 24.0, 27.0, 34.0, 10.0, 25.0, 7.0, 15.0, 27.0, 55.0, 6.0, 7.0, 5.0, 1.0, 14.0, 35.0, 3.0, 15.0, 1.0, 1.0, 2.0, 68.0, 9.0, 27.0, 12.0, 7.0, 13.0, 9.0, 7.0, 13.0, 27.0, 23.0, 14.0, 1.0, 13.0, 9.0, 15.0, 75.0, 10.0, 4.0, 14.0, 7.0, 11.0, 6.0, 1.0, 7.0, 6.0, 5.0, 84.0, 11.0, 4.0, 35.0, 2.0, 14.0, 5.0, 11.0, 13.0, 6.0, 27.0, 17.0, 35.0, 21.0, 12.0, 5.0, 3.0, 21.0, 5.0, 9.0, 11.0, 7.0, 9.0, 9.0, 13.0, 2.0, 7.0, 24.0, 9.0, 1.0, 2.0, 24.0, 4.0, 17.0, 5.0, 1.0, 7.0, 1.0, 2.0, 15.0, 10.0, 1.0, 13.0, 10.0, 1.0, 5.0, 37.0, 8.0, 9.0, 3.0, 12.0, 7.0, 22.0, 7.0, 23.0, 11.0, 17.0, 25.0, 16.0, 10.0, 5.0, 11.0, 9.0, 11.0, 2.0, 5.0, 13.0, 24.0, 5.0, 40.0, 26.0, 53.0, 4.0, 9.0, 40.0, 24.0, 18.0, 8.0, 3.0, 6.0, 21.0, 10.0, 1.0, 11.0, 11.0, 7.0, 18.0, 8.0, 1.0, 16.0, 20.0, 4.0, 20.0, 43.0, 23.0, 2.0, 24.0, 13.0, 5.0, 69.0, 9.0, 35.0, 54.0, 13.0, 23.0, 26.0, 13.0, 9.0, 22.0, 1.0, 4.0, 5.0, 1.0, 5.0, 13.0, 6.0, 39.0, 12.0, 10.0, 9.0, 7.0, 1.0, 17.0, 2.0, 2.0, 30.0, 15.0, 38.0, 1.0, 7.0, 2.0, 20.0, 124.0, 45.0, 15.0, 5.0, 12.0, 5.0, 1.0, 24.0, 28.0, 8.0, 45.0, 27.0, 7.0, 31.0, 1.0, 10.0, 26.0, 5.0, 25.0, 13.0, 7.0, 1.0, 9.0, 8.0, 23.0, 4.0, 4.0, 9.0, 6.0, 112.0, 2.0, 21.0, 20.0, 1.0, 58.0, 23.0, 7.0, 1.0, 1.0, 50.0, 25.0, 9.0, 90.0, 3.0, 9.0, 27.0, 4.0, 1.0, 9.0, 7.0, 3.0, 39.0, 1.0, 27.0, 1.0, 18.0, 14.0, 7.0, 33.0, 10.0, 4.0, 16.0, 28.0, 10.0, 10.0, 13.0, 37.0, 51.0, 10.0, 39.0, 1.0, 8.0, 8.0, 1.0, 9.0, 16.0, 1.0, 36.0, 5.0, 30.0, 38.0, 5.0, 4.0] 

SGT times
 [1.0, 31.0, 1.0, 7.0, 19.0, 7.0, 4.0, 1.0, 8.0, 5.0, 1.0, 1.0, 1.0, 7.0, 20.0, 27.0, 8.0, 1.0, 32.0, 12.0, 1.0, 21.0, 1.0, 1.0, 1.0, 29.0, 27.0]
