avgTJ:  13.280357142857143
stdDvTJ:  13.259564198328372
avgTJ without 0:  14.343297974927676
stdDvTJ without 0:  13.21521966453798
maxTJ:  20.227272727272727
minTJ:  9.10344827586207

avgTT:  36.11221122112211
stdDvTT:  51.034566840546916
avgTT without 0:  36.11221122112211
stdDvTT without 0:  51.034566840546916
maxTT:  87.0
minTT:  15.866666666666667

avgTotT:  29.41738157403954
stdDvTotT:  44.38662304249998
avgTotT without 0:  30.687937743190663
stdDvTotT without 0:  44.90294646884178
maxTotT:  45.94444444444444
minTotT:  15.647058823529411

avgMGT:  13.280357142857143
stdDvMGT:  13.259564198328372
avgMGT without 0:  14.343297974927676
stdDvMGT without 0:  13.21521966453798
maxMGT:  20.227272727272727
minMGT:  9.10344827586207

avgSGT:  36.11221122112211
stdDvSGT:  51.034566840546916
avgSGT without 0:  36.11221122112211
stdDvSGT without 0:  51.034566840546916
maxSGT:  87.0
minSGT:  15.866666666666667

free lanes %:  42.501027256540205 %, number of free traverse:  3103 num of traverse 7301
number of times in traffic %:  16.573072181892893 %, numero di volte nel traffico:  1210 num of traverse 7301
not free passage %:  57.82769483632379 %, number of not free passage:  4222 num of traverse 7301
junction times
 [3.0, 9.0, 1.0, 31.0, 1.0, 10.0, 1.0, 19.0, 3.0, 4.0, 23.0, 9.0, 10.0, 9.0, 11.0, 17.0, 4.0, 11.0, 3.0, 35.0, 13.0, 4.0, 55.0, 9.0, 5.0, 28.0, 29.0, 4.0, 19.0, 15.0, 19.0, 15.0, 9.0, 7.0, 11.0, 19.0, 1.0, 4.0, 10.0, 1.0, 3.0, 46.0, 12.0, 17.0, 43.0, 9.0, 5.0, 1.0, 10.0, 1.0, 45.0, 12.0, 20.0, 8.0, 30.0, 3.0, 13.0, 20.0, 4.0, 32.0, 11.0, 7.0, 10.0, 10.0, 4.0, 3.0, 3.0, 9.0, 1.0, 11.0, 8.0, 27.0, 7.0, 8.0, 1.0, 9.0, 15.0, 30.0, 1.0, 3.0, 4.0, 1.0, 24.0, 29.0, 8.0, 10.0, 9.0, 21.0, 43.0, 8.0, 2.0, 7.0, 39.0, 1.0, 6.0, 9.0, 9.0, 33.0, 12.0, 1.0, 23.0, 11.0, 4.0, 16.0, 1.0, 12.0, 8.0, 10.0, 12.0, 21.0, 11.0, 41.0, 31.0, 9.0, 6.0, 1.0, 28.0, 10.0, 5.0, 9.0, 37.0, 10.0, 14.0, 7.0, 14.0, 1.0, 19.0, 23.0, 12.0, 2.0, 4.0, 27.0, 2.0, 16.0, 8.0, 4.0, 6.0, 20.0, 15.0, 8.0, 12.0, 4.0, 51.0, 10.0, 36.0, 2.0, 4.0, 10.0, 18.0, 9.0, 1.0, 31.0, 1.0, 4.0, 1.0, 11.0, 6.0, 19.0, 46.0, 9.0, 10.0, 25.0, 9.0, 3.0, 2.0, 19.0, 20.0, 1.0, 13.0, 44.0, 23.0, 14.0, 15.0, 27.0, 6.0, 10.0, 19.0, 25.0, 20.0, 18.0, 12.0, 11.0, 11.0, 3.0, 10.0, 12.0, 19.0, 10.0, 5.0, 8.0, 9.0, 4.0, 6.0, 13.0, 26.0, 12.0, 1.0, 9.0, 56.0, 3.0, 13.0, 4.0, 24.0, 6.0, 8.0, 29.0, 9.0, 101.0, 11.0, 41.0, 7.0, 2.0, 6.0, 1.0, 10.0, 7.0, 20.0, 22.0, 12.0, 5.0, 19.0, 11.0, 11.0, 16.0, 19.0, 2.0, 30.0, 8.0, 24.0, 2.0, 16.0, 3.0, 5.0, 10.0, 3.0, 6.0, 18.0, 25.0, 2.0, 8.0, 12.0, 18.0, 46.0, 8.0, 19.0, 21.0, 13.0, 2.0, 64.0, 15.0, 18.0, 33.0, 20.0, 11.0, 9.0, 9.0, 93.0, 2.0, 32.0, 2.0, 19.0, 28.0, 17.0, 11.0, 11.0, 1.0, 10.0, 5.0, 15.0, 3.0, 10.0, 10.0, 59.0, 10.0, 11.0, 2.0, 28.0, 6.0, 8.0, 14.0, 46.0, 19.0, 35.0, 12.0, 20.0, 12.0, 10.0, 9.0, 3.0, 8.0, 26.0, 6.0, 4.0, 10.0, 11.0, 32.0, 3.0, 26.0, 20.0, 31.0, 19.0, 8.0, 29.0, 20.0, 1.0, 9.0, 22.0, 27.0, 1.0, 27.0, 6.0, 9.0, 12.0, 7.0, 1.0, 5.0, 10.0, 10.0, 35.0, 36.0, 1.0, 3.0, 45.0, 14.0, 7.0, 8.0, 4.0, 14.0, 2.0, 5.0, 18.0, 12.0, 10.0, 4.0, 23.0, 17.0, 5.0, 6.0, 10.0, 6.0, 4.0, 20.0, 16.0, 29.0, 11.0, 48.0, 2.0, 9.0, 3.0, 5.0, 50.0, 9.0, 8.0, 5.0, 3.0, 7.0, 13.0, 4.0, 36.0, 8.0, 1.0, 2.0, 7.0, 6.0, 16.0, 12.0, 26.0, 9.0, 27.0, 9.0, 20.0, 1.0, 21.0, 12.0, 10.0, 3.0, 31.0, 39.0, 18.0, 25.0, 2.0, 32.0, 11.0, 13.0, 7.0, 2.0, 4.0, 11.0, 7.0, 11.0, 9.0, 1.0, 14.0, 6.0, 25.0, 23.0, 4.0, 3.0, 12.0, 8.0, 12.0, 10.0, 23.0, 9.0, 16.0, 3.0, 35.0, 11.0, 11.0, 1.0, 13.0, 14.0, 47.0, 11.0, 17.0, 30.0, 11.0, 25.0, 5.0, 14.0, 2.0, 17.0, 5.0, 1.0, 3.0, 7.0, 5.0, 1.0, 9.0, 4.0, 8.0, 15.0, 13.0, 3.0, 11.0, 13.0, 5.0, 26.0, 1.0, 2.0, 55.0, 7.0, 4.0, 7.0, 7.0, 7.0, 6.0, 4.0, 10.0, 7.0, 12.0, 14.0, 12.0, 2.0, 13.0, 18.0, 6.0, 20.0, 8.0, 16.0, 5.0, 9.0, 13.0, 2.0, 1.0, 4.0, 3.0, 20.0, 4.0, 15.0, 18.0, 11.0, 4.0, 10.0, 20.0, 16.0, 7.0, 3.0, 5.0, 37.0, 17.0, 10.0, 6.0, 5.0, 3.0, 10.0, 10.0, 10.0, 7.0, 1.0, 40.0, 11.0, 4.0, 4.0, 13.0, 4.0, 8.0, 9.0, 30.0, 9.0, 10.0, 14.0, 36.0, 37.0, 25.0, 7.0, 26.0, 28.0, 3.0, 9.0, 9.0, 9.0, 13.0, 6.0, 4.0, 10.0, 8.0, 32.0, 4.0, 2.0, 34.0, 10.0, 12.0, 31.0, 1.0, 12.0, 2.0, 37.0, 25.0, 82.0, 10.0, 9.0, 1.0, 20.0, 2.0, 9.0, 39.0, 32.0, 2.0, 38.0, 6.0, 17.0, 20.0, 4.0, 17.0, 14.0, 12.0, 23.0, 6.0, 14.0, 19.0, 9.0, 33.0, 8.0, 10.0, 4.0, 10.0, 21.0, 3.0, 21.0, 18.0, 20.0, 21.0, 5.0, 21.0, 9.0, 31.0, 30.0, 11.0, 22.0, 35.0, 7.0, 7.0, 11.0, 9.0, 9.0, 2.0, 6.0, 9.0, 21.0, 5.0, 19.0, 1.0, 9.0, 60.0, 8.0, 23.0, 29.0, 2.0, 34.0, 10.0, 2.0, 7.0, 8.0, 10.0, 7.0, 7.0, 38.0, 6.0, 8.0, 9.0, 9.0, 20.0, 20.0, 18.0, 10.0, 3.0, 8.0, 11.0, 9.0, 1.0, 9.0, 9.0, 20.0, 22.0, 6.0, 22.0, 1.0, 10.0, 10.0, 34.0, 9.0, 48.0, 16.0, 14.0, 4.0, 9.0, 20.0, 3.0, 9.0, 22.0, 16.0, 10.0, 21.0, 9.0, 39.0, 11.0, 30.0, 11.0, 69.0, 3.0, 6.0, 1.0, 1.0, 8.0, 5.0, 5.0, 13.0, 12.0, 18.0, 7.0, 21.0, 21.0, 1.0, 5.0, 11.0, 14.0, 2.0, 2.0, 1.0, 20.0, 21.0, 9.0, 5.0, 8.0, 4.0, 44.0, 20.0, 8.0, 13.0, 3.0, 10.0, 9.0, 10.0, 7.0, 7.0, 2.0, 25.0, 23.0, 3.0, 30.0, 4.0, 24.0, 5.0, 6.0, 8.0, 11.0, 1.0, 28.0, 34.0, 2.0, 5.0, 21.0, 19.0, 32.0, 6.0, 19.0, 13.0, 11.0, 9.0, 18.0, 7.0, 12.0, 10.0, 1.0, 10.0, 10.0, 9.0, 13.0, 3.0, 4.0, 2.0, 2.0, 49.0, 140.0, 2.0, 10.0, 8.0, 9.0, 3.0, 6.0, 14.0, 19.0, 5.0, 3.0, 42.0, 8.0, 10.0, 4.0, 19.0, 47.0, 9.0, 19.0, 3.0, 39.0, 9.0, 19.0, 4.0, 9.0, 21.0, 11.0, 7.0, 8.0, 55.0, 20.0, 51.0, 24.0, 9.0, 34.0, 19.0, 6.0, 4.0, 66.0, 16.0, 25.0, 9.0, 2.0, 2.0, 9.0, 8.0, 27.0, 8.0, 9.0, 23.0, 1.0, 11.0, 5.0, 21.0, 16.0, 8.0, 10.0, 2.0, 33.0, 9.0, 5.0, 7.0, 20.0, 31.0, 9.0, 20.0, 7.0, 16.0, 10.0, 39.0, 20.0, 14.0, 13.0, 8.0, 2.0, 1.0, 1.0, 1.0, 6.0, 7.0, 11.0, 10.0, 17.0, 10.0, 4.0, 1.0, 32.0, 17.0, 17.0, 4.0, 1.0, 6.0, 12.0, 10.0, 4.0, 62.0, 9.0, 20.0, 11.0, 4.0, 12.0, 22.0, 7.0, 22.0, 37.0, 3.0, 10.0, 8.0, 10.0, 8.0, 8.0, 14.0, 10.0, 8.0, 6.0, 11.0, 10.0, 19.0, 20.0, 9.0, 11.0, 11.0, 36.0, 18.0, 4.0, 1.0, 34.0, 31.0, 7.0, 18.0, 19.0, 4.0, 3.0, 19.0, 26.0, 62.0, 23.0, 10.0, 8.0, 111.0, 6.0, 12.0, 24.0, 12.0, 37.0, 1.0, 10.0, 22.0, 7.0, 9.0, 18.0, 4.0, 8.0, 1.0, 12.0, 9.0, 24.0, 1.0, 12.0, 16.0, 6.0, 2.0, 38.0, 23.0, 10.0, 30.0, 10.0, 38.0, 46.0, 54.0, 23.0, 3.0, 9.0, 33.0, 19.0, 27.0, 3.0, 15.0, 11.0, 5.0, 3.0, 12.0, 8.0, 5.0, 27.0, 10.0, 52.0, 41.0, 5.0, 9.0, 6.0, 9.0, 16.0, 13.0, 10.0, 10.0, 4.0, 25.0, 9.0, 48.0, 11.0, 30.0, 1.0, 1.0, 19.0, 2.0, 3.0, 14.0, 7.0, 5.0, 3.0, 1.0, 71.0, 6.0, 8.0, 18.0, 29.0, 1.0, 12.0, 47.0, 7.0, 3.0, 9.0, 8.0, 1.0, 11.0, 22.0, 3.0, 7.0, 15.0, 11.0, 5.0, 2.0, 14.0, 15.0, 33.0, 20.0, 3.0, 21.0, 11.0, 4.0, 10.0, 20.0, 11.0, 3.0, 15.0, 21.0, 19.0, 1.0, 5.0, 29.0, 2.0, 25.0, 9.0, 21.0, 9.0, 11.0, 10.0, 8.0, 21.0, 7.0, 20.0, 7.0, 30.0, 2.0, 33.0, 2.0, 14.0, 1.0, 8.0, 25.0, 24.0, 10.0, 22.0, 1.0, 10.0, 7.0, 10.0, 5.0, 9.0, 36.0, 22.0, 3.0, 10.0, 4.0, 27.0, 10.0, 10.0, 51.0, 11.0, 37.0, 9.0, 10.0, 7.0, 36.0, 6.0, 9.0, 36.0, 3.0, 23.0, 20.0, 6.0, 1.0, 23.0, 8.0, 11.0, 10.0, 46.0, 13.0, 33.0, 2.0, 6.0, 5.0, 28.0, 9.0, 23.0, 9.0, 36.0, 10.0, 10.0, 25.0, 22.0, 5.0, 7.0, 23.0, 11.0, 23.0, 1.0, 13.0, 134.0, 1.0, 19.0, 9.0, 3.0, 4.0, 16.0, 24.0, 3.0, 11.0, 4.0, 21.0, 8.0, 1.0, 32.0, 6.0, 22.0, 2.0, 2.0, 7.0, 13.0, 12.0, 4.0, 20.0, 7.0, 5.0, 13.0, 11.0, 10.0, 5.0, 10.0, 4.0, 9.0, 10.0, 24.0, 7.0, 11.0, 10.0, 10.0, 7.0, 44.0, 14.0, 10.0, 10.0, 2.0, 10.0, 26.0, 33.0, 8.0, 10.0, 4.0, 18.0, 18.0, 9.0, 29.0, 9.0, 4.0, 11.0, 4.0, 6.0, 10.0, 3.0, 39.0, 4.0, 16.0, 9.0, 19.0, 33.0, 19.0, 14.0, 12.0, 5.0, 30.0, 23.0, 5.0, 16.0, 16.0, 28.0, 31.0, 10.0, 18.0, 12.0, 40.0, 16.0, 24.0, 20.0, 8.0, 27.0, 16.0, 13.0, 41.0, 17.0, 10.0, 15.0, 14.0, 10.0, 29.0, 11.0, 20.0, 14.0, 8.0, 4.0, 37.0, 25.0, 1.0, 19.0, 12.0, 39.0, 3.0, 34.0, 9.0, 12.0, 12.0, 40.0, 8.0, 8.0, 10.0, 9.0, 23.0, 10.0, 9.0, 4.0, 2.0, 3.0, 11.0, 55.0, 9.0, 30.0, 35.0, 8.0, 20.0, 3.0, 5.0, 13.0, 12.0, 2.0, 18.0, 9.0, 10.0, 9.0, 10.0, 9.0, 7.0, 45.0, 16.0, 11.0, 15.0, 8.0, 1.0, 11.0, 3.0, 4.0, 22.0, 13.0, 20.0, 9.0, 2.0, 10.0, 31.0, 18.0, 18.0, 7.0, 4.0, 19.0, 18.0, 54.0, 19.0, 8.0, 22.0, 15.0, 31.0, 9.0, 33.0, 5.0, 2.0, 70.0, 10.0, 22.0, 15.0, 10.0, 8.0, 6.0, 7.0, 10.0, 8.0, 13.0, 52.0, 9.0, 7.0, 42.0, 63.0, 18.0, 5.0, 4.0, 11.0, 19.0, 30.0, 22.0, 8.0, 20.0, 11.0, 1.0, 29.0, 7.0, 27.0, 2.0, 11.0, 1.0, 7.0, 11.0, 29.0, 10.0, 3.0, 36.0, 15.0, 6.0, 19.0, 2.0, 8.0, 15.0, 32.0, 8.0, 18.0, 48.0, 19.0, 21.0, 5.0, 3.0, 2.0, 7.0, 42.0, 4.0, 18.0, 9.0, 7.0, 26.0, 21.0, 10.0, 15.0, 108.0, 27.0, 1.0, 9.0, 7.0, 23.0, 17.0, 22.0, 11.0, 17.0, 6.0, 9.0, 11.0, 29.0, 7.0, 21.0, 17.0, 9.0, 5.0, 8.0, 4.0, 25.0, 22.0, 6.0, 2.0, 28.0, 27.0, 8.0, 4.0, 36.0, 1.0, 12.0, 1.0, 8.0, 30.0, 20.0, 1.0, 8.0, 1.0, 19.0, 5.0, 3.0, 11.0, 44.0, 4.0, 11.0, 21.0, 11.0, 37.0, 5.0, 10.0, 10.0, 43.0, 14.0, 20.0, 13.0, 22.0, 20.0, 48.0, 4.0, 7.0, 21.0, 5.0, 29.0, 35.0, 6.0, 5.0, 34.0, 11.0, 11.0, 14.0, 1.0, 15.0, 20.0, 9.0, 4.0, 12.0, 22.0, 11.0, 1.0, 8.0, 11.0, 16.0, 11.0, 5.0, 17.0, 28.0, 6.0, 15.0, 16.0, 7.0, 5.0, 22.0, 10.0, 11.0, 4.0, 14.0, 9.0, 8.0, 9.0, 3.0, 4.0, 3.0, 6.0, 8.0, 2.0, 11.0, 19.0, 30.0, 25.0, 3.0, 11.0, 21.0, 5.0, 20.0, 15.0, 16.0, 15.0, 8.0, 12.0, 11.0, 11.0, 8.0, 25.0, 26.0, 9.0, 20.0, 3.0, 4.0, 21.0, 9.0, 10.0, 7.0, 7.0, 6.0, 21.0, 7.0, 16.0, 14.0, 19.0, 50.0, 12.0, 3.0, 10.0, 1.0, 2.0, 29.0, 8.0, 23.0, 33.0, 11.0, 11.0, 36.0, 6.0, 11.0, 11.0, 9.0, 28.0, 1.0, 34.0, 1.0, 8.0, 5.0, 42.0, 23.0, 6.0, 11.0, 11.0, 12.0, 38.0, 1.0, 6.0, 58.0, 20.0, 18.0, 9.0, 16.0, 32.0, 23.0, 32.0, 8.0, 9.0, 9.0, 12.0, 9.0, 17.0, 5.0, 38.0, 4.0, 7.0, 21.0, 18.0, 10.0, 6.0, 28.0, 38.0, 21.0, 11.0, 31.0, 30.0, 20.0, 19.0, 10.0, 11.0, 9.0, 4.0, 1.0, 3.0, 15.0, 9.0, 11.0, 8.0, 10.0, 5.0, 5.0, 21.0, 8.0, 33.0, 19.0, 12.0, 6.0, 21.0, 1.0, 33.0, 8.0, 2.0, 6.0, 11.0, 9.0, 1.0, 22.0, 27.0, 11.0, 9.0, 2.0, 11.0, 16.0, 7.0, 8.0, 5.0, 18.0, 8.0, 3.0, 26.0, 13.0, 9.0, 9.0, 29.0, 20.0, 3.0, 12.0, 27.0, 18.0, 11.0, 32.0, 24.0, 16.0, 9.0, 11.0, 4.0, 2.0, 8.0, 9.0, 22.0, 7.0, 27.0, 3.0, 53.0, 6.0, 11.0, 13.0, 41.0, 19.0, 11.0, 45.0, 28.0, 8.0, 42.0, 9.0, 13.0, 9.0, 8.0, 7.0, 14.0, 7.0, 14.0, 9.0, 25.0, 4.0, 4.0, 4.0, 9.0, 15.0, 13.0, 9.0, 9.0, 31.0, 1.0, 4.0, 3.0, 11.0, 29.0, 8.0, 7.0, 8.0, 7.0, 15.0, 2.0, 30.0, 19.0, 39.0, 6.0, 3.0, 10.0, 8.0, 17.0, 2.0, 8.0, 6.0, 8.0, 35.0, 16.0, 9.0, 30.0, 1.0, 5.0, 19.0, 28.0, 17.0, 10.0, 14.0, 8.0, 14.0, 26.0, 7.0, 17.0, 2.0, 1.0, 4.0, 9.0, 2.0, 1.0, 21.0, 2.0, 10.0, 5.0, 5.0, 25.0, 3.0, 10.0, 42.0, 8.0, 8.0, 42.0, 8.0, 9.0, 2.0, 2.0, 33.0, 8.0, 41.0, 9.0, 3.0, 8.0, 17.0, 6.0, 2.0, 6.0, 10.0, 14.0, 1.0, 28.0, 11.0, 35.0, 3.0, 2.0, 24.0, 11.0, 21.0, 5.0, 7.0, 6.0, 1.0, 5.0, 9.0, 17.0, 27.0, 11.0, 3.0, 13.0, 11.0, 32.0, 23.0, 31.0, 2.0, 21.0, 3.0, 22.0, 26.0, 5.0, 4.0, 1.0, 21.0, 9.0, 10.0, 21.0, 4.0, 23.0, 3.0, 8.0, 9.0, 3.0, 10.0, 10.0, 11.0, 2.0, 5.0, 37.0, 71.0, 6.0, 40.0, 3.0, 17.0, 32.0, 36.0, 6.0, 4.0, 7.0, 8.0, 7.0, 24.0, 4.0, 8.0, 23.0, 21.0, 13.0, 28.0, 19.0, 12.0, 17.0, 5.0, 14.0, 7.0, 17.0, 1.0, 18.0, 8.0, 2.0, 12.0, 9.0, 33.0, 10.0, 48.0, 25.0, 26.0, 9.0, 22.0, 4.0, 7.0, 9.0, 22.0, 29.0, 13.0, 2.0, 27.0, 10.0, 39.0, 32.0, 16.0, 3.0, 8.0, 14.0, 8.0, 8.0, 10.0, 7.0, 1.0, 9.0, 5.0, 22.0, 31.0, 10.0, 42.0, 1.0, 9.0, 1.0, 42.0, 31.0, 3.0, 1.0, 8.0, 34.0, 7.0, 21.0, 20.0, 10.0, 41.0, 3.0, 23.0, 25.0, 13.0, 32.0, 9.0, 3.0, 47.0, 5.0, 13.0, 4.0, 10.0, 8.0, 25.0, 9.0, 9.0, 24.0, 11.0, 22.0, 4.0, 22.0, 2.0, 6.0, 2.0, 8.0, 7.0, 23.0, 3.0, 1.0, 14.0, 14.0, 11.0, 13.0, 15.0, 1.0, 1.0, 25.0, 6.0, 6.0, 7.0, 3.0, 13.0, 27.0, 9.0, 20.0, 5.0, 1.0, 14.0, 11.0, 22.0, 3.0, 18.0, 51.0, 9.0, 15.0, 2.0, 12.0, 34.0, 8.0, 12.0, 8.0, 4.0, 27.0, 20.0, 29.0, 10.0, 9.0, 10.0, 11.0, 9.0, 20.0, 9.0, 26.0, 19.0, 12.0, 9.0, 7.0, 9.0, 17.0, 15.0, 18.0, 7.0, 5.0, 57.0, 13.0, 7.0, 32.0, 4.0, 2.0, 25.0, 2.0, 2.0, 50.0, 3.0, 9.0, 19.0, 15.0, 19.0, 22.0, 8.0, 9.0, 14.0, 12.0, 6.0, 16.0, 9.0, 9.0, 10.0, 44.0, 7.0, 5.0, 3.0, 1.0, 12.0, 15.0, 4.0, 1.0, 6.0, 19.0, 35.0, 12.0, 79.0, 6.0, 40.0, 38.0, 10.0, 22.0, 11.0, 16.0, 11.0, 29.0, 10.0, 7.0, 2.0, 29.0, 8.0, 4.0, 8.0, 1.0, 1.0, 98.0, 5.0, 4.0, 24.0, 11.0, 2.0, 18.0, 1.0, 16.0, 29.0, 26.0, 35.0, 12.0, 5.0, 17.0, 12.0, 6.0, 1.0, 10.0, 9.0, 4.0, 20.0, 11.0, 6.0, 95.0, 10.0, 11.0, 10.0, 12.0, 10.0, 20.0, 14.0, 6.0, 5.0, 10.0, 7.0, 10.0, 7.0, 3.0, 1.0, 8.0, 4.0, 9.0, 9.0, 10.0, 31.0, 12.0, 5.0, 4.0, 24.0, 13.0, 6.0, 4.0, 15.0, 10.0, 20.0, 25.0, 2.0, 3.0, 5.0, 34.0, 17.0, 36.0, 4.0, 9.0, 7.0, 10.0, 12.0, 23.0, 5.0, 7.0, 6.0, 12.0, 10.0, 3.0, 4.0, 8.0, 14.0, 10.0, 40.0, 11.0, 7.0, 9.0, 22.0, 20.0, 10.0, 11.0, 22.0, 7.0, 8.0, 22.0, 39.0, 7.0, 10.0, 19.0, 25.0, 10.0, 11.0, 5.0, 11.0, 12.0, 9.0, 15.0, 5.0, 14.0, 47.0, 18.0, 48.0, 10.0, 6.0, 3.0, 2.0, 7.0, 11.0, 10.0, 5.0, 16.0, 4.0, 30.0, 10.0, 3.0, 11.0, 6.0, 23.0, 12.0, 13.0, 4.0, 11.0, 9.0, 6.0, 6.0, 27.0, 1.0, 12.0, 9.0, 20.0, 4.0, 11.0, 28.0, 28.0, 19.0, 6.0, 13.0, 41.0, 6.0, 2.0, 2.0, 1.0, 4.0, 47.0, 26.0, 27.0, 21.0, 50.0, 7.0] 

traffic times
 [5.0, 5.0, 53.0, 9.0, 3.0, 1.0, 5.0, 12.0, 45.0, 36.0, 184.0, 12.0, 61.0, 1.0, 44.0, 23.0, 87.0, 44.0, 1.0, 28.0, 1.0, 6.0, 13.0, 152.0, 1.0, 63.0, 25.0, 78.0, 22.0, 71.0, 47.0, 9.0, 11.0, 36.0, 3.0, 130.0, 45.0, 2.0, 22.0, 28.0, 26.0, 25.0, 3.0, 15.0, 16.0, 43.0, 133.0, 23.0, 4.0, 21.0, 13.0, 176.0, 10.0, 41.0, 12.0, 39.0, 29.0, 55.0, 1.0, 4.0, 1.0, 11.0, 18.0, 12.0, 57.0, 1.0, 6.0, 46.0, 14.0, 58.0, 8.0, 273.0, 60.0, 100.0, 16.0, 26.0, 17.0, 20.0, 50.0, 47.0, 1.0, 66.0, 20.0, 8.0, 71.0, 43.0, 12.0, 14.0, 2.0, 10.0, 13.0, 31.0, 1.0, 117.0, 81.0, 6.0, 16.0, 2.0, 141.0, 11.0, 16.0, 19.0, 52.0, 19.0, 5.0, 1.0, 4.0, 115.0, 31.0, 56.0, 1.0, 133.0, 11.0, 11.0, 28.0, 5.0, 106.0, 23.0, 59.0, 12.0, 37.0, 9.0, 6.0, 2.0, 4.0, 7.0, 41.0, 9.0, 11.0, 13.0, 13.0, 41.0, 51.0, 41.0, 4.0, 13.0, 18.0, 25.0, 4.0, 47.0, 18.0, 4.0, 41.0, 141.0, 29.0, 74.0, 6.0, 194.0, 69.0, 1.0, 1.0, 1.0, 27.0, 28.0, 1.0, 66.0, 15.0, 45.0, 16.0, 48.0, 24.0, 51.0, 9.0, 127.0, 5.0, 8.0, 14.0, 75.0, 11.0, 11.0, 17.0, 4.0, 6.0, 1.0, 5.0, 42.0, 25.0, 35.0, 16.0, 67.0, 290.0, 12.0, 69.0, 7.0, 47.0, 1.0, 53.0, 189.0, 72.0, 167.0, 125.0, 12.0, 15.0, 1.0, 28.0, 35.0, 5.0, 20.0, 13.0, 7.0, 43.0, 18.0, 20.0, 7.0, 12.0, 9.0, 5.0, 11.0, 1.0, 16.0, 1.0, 93.0, 10.0, 163.0, 21.0, 60.0, 64.0, 24.0, 1.0, 4.0, 47.0, 1.0, 107.0, 41.0, 30.0, 62.0, 7.0, 78.0, 12.0, 114.0, 30.0, 13.0, 102.0, 192.0, 55.0, 3.0, 14.0, 203.0, 5.0, 1.0, 62.0, 1.0, 3.0, 146.0, 1.0, 27.0, 32.0, 21.0, 1.0, 37.0, 9.0, 89.0, 13.0, 6.0, 66.0, 22.0, 5.0, 2.0, 22.0, 7.0, 1.0, 20.0, 24.0, 11.0, 32.0, 89.0, 24.0, 15.0, 46.0, 11.0, 30.0, 128.0, 12.0, 17.0, 1.0, 68.0, 35.0, 16.0, 11.0, 82.0, 5.0, 39.0, 247.0, 64.0, 10.0, 112.0, 9.0, 76.0, 37.0, 26.0, 3.0, 21.0, 1.0, 10.0, 7.0, 49.0, 1.0, 10.0, 2.0, 60.0, 6.0, 1.0, 2.0, 21.0, 2.0, 344.0, 135.0, 53.0, 25.0, 21.0, 10.0, 55.0, 11.0, 50.0, 43.0, 3.0, 12.0, 41.0, 1.0, 1.0, 19.0, 52.0, 13.0, 63.0, 16.0, 119.0, 30.0, 18.0, 1.0, 13.0, 39.0, 1.0, 35.0, 103.0, 5.0, 272.0, 28.0, 39.0, 187.0, 33.0, 22.0, 1.0, 130.0, 16.0, 87.0, 131.0, 35.0, 65.0, 18.0, 1.0, 15.0, 7.0, 11.0, 15.0, 1.0, 46.0, 13.0, 1.0, 9.0, 70.0, 1.0, 8.0, 220.0, 1.0, 20.0, 11.0, 22.0, 29.0, 13.0, 49.0, 97.0, 10.0, 32.0, 19.0, 55.0, 2.0, 71.0, 35.0, 65.0, 3.0, 42.0, 17.0, 1.0, 28.0, 25.0, 7.0, 49.0, 51.0, 71.0, 24.0, 11.0, 24.0, 4.0, 26.0, 59.0, 1.0, 1.0, 1.0, 1.0, 28.0, 164.0, 7.0, 50.0, 1.0, 2.0, 52.0, 45.0, 24.0, 1.0, 14.0, 1.0, 42.0, 21.0, 180.0, 50.0, 10.0, 290.0, 8.0, 35.0, 15.0, 1.0, 30.0, 1.0, 29.0, 8.0, 38.0, 1.0, 53.0, 15.0, 7.0, 51.0, 3.0, 10.0, 16.0, 29.0, 21.0, 1.0, 46.0, 11.0, 47.0, 29.0, 67.0, 7.0, 13.0, 1.0, 8.0, 1.0, 47.0, 60.0, 64.0, 12.0, 59.0, 21.0, 40.0, 25.0, 10.0, 7.0, 9.0, 14.0, 7.0, 1.0, 134.0, 61.0, 8.0, 8.0, 11.0, 1.0, 33.0, 10.0, 50.0, 5.0, 23.0, 26.0, 1.0, 31.0, 25.0, 10.0, 48.0, 59.0, 10.0, 38.0, 18.0, 349.0, 1.0, 1.0, 58.0, 22.0, 44.0, 21.0, 9.0, 1.0, 365.0, 15.0, 45.0, 20.0, 52.0, 34.0, 1.0, 6.0, 4.0, 1.0, 1.0, 49.0, 246.0, 58.0, 6.0, 12.0, 36.0, 58.0, 1.0, 1.0, 9.0, 27.0, 38.0, 1.0, 33.0, 39.0, 4.0, 52.0, 105.0, 13.0, 167.0, 12.0, 25.0, 6.0, 71.0, 1.0, 50.0, 8.0, 21.0, 16.0, 78.0, 1.0, 12.0, 5.0, 29.0, 72.0, 1.0, 253.0, 35.0, 58.0, 48.0, 134.0, 25.0, 30.0, 119.0, 14.0, 37.0, 28.0, 87.0, 33.0, 11.0, 2.0, 49.0, 33.0, 1.0, 8.0, 338.0, 75.0, 1.0, 1.0, 86.0, 150.0, 10.0, 27.0, 25.0, 10.0, 39.0, 18.0, 4.0, 14.0, 16.0, 25.0, 118.0, 30.0, 1.0, 1.0, 14.0, 48.0, 1.0, 51.0, 4.0, 31.0, 6.0, 12.0, 60.0, 2.0, 82.0, 31.0, 340.0, 65.0, 1.0, 26.0, 11.0, 2.0, 26.0, 60.0, 11.0, 12.0, 55.0, 9.0, 1.0, 6.0, 78.0, 11.0, 1.0, 15.0, 45.0, 24.0, 1.0, 1.0, 11.0, 27.0, 77.0, 35.0, 32.0, 21.0, 300.0, 42.0, 55.0, 114.0, 39.0, 30.0, 175.0, 22.0, 31.0, 16.0, 40.0, 16.0, 1.0, 23.0, 3.0, 1.0, 28.0, 15.0, 27.0, 8.0, 7.0, 24.0, 1.0, 143.0, 8.0, 17.0, 13.0, 22.0, 12.0, 19.0, 15.0, 13.0, 11.0, 1.0, 1.0, 67.0, 76.0, 12.0, 32.0, 36.0, 19.0, 3.0, 32.0, 1.0, 32.0, 5.0, 74.0, 5.0, 11.0, 1.0, 1.0, 10.0, 1.0, 6.0, 24.0, 11.0, 24.0, 57.0, 63.0, 39.0, 24.0, 81.0, 23.0, 13.0, 5.0, 5.0, 9.0, 61.0, 47.0, 81.0, 20.0, 6.0, 4.0, 8.0, 5.0, 1.0, 21.0, 262.0, 7.0, 62.0, 40.0, 43.0, 1.0, 75.0, 30.0, 100.0, 53.0, 26.0, 64.0, 1.0, 34.0, 12.0, 6.0, 15.0, 5.0, 32.0, 27.0, 53.0, 17.0, 39.0, 50.0, 49.0, 31.0, 35.0, 9.0, 20.0, 2.0, 21.0, 1.0, 24.0, 1.0, 7.0, 2.0, 48.0, 20.0, 20.0, 1.0, 45.0, 1.0, 17.0, 6.0, 16.0, 1.0, 10.0, 4.0, 7.0, 40.0, 226.0, 1.0, 47.0, 12.0, 19.0, 1.0, 5.0, 13.0, 12.0, 10.0, 1.0, 1.0, 46.0, 46.0, 74.0, 10.0, 2.0, 15.0, 57.0, 26.0, 18.0, 36.0, 14.0, 7.0, 3.0, 7.0, 1.0, 26.0, 19.0, 15.0, 174.0, 35.0, 24.0, 11.0, 28.0, 9.0, 1.0, 1.0, 1.0, 37.0, 47.0, 32.0, 18.0, 50.0, 1.0, 1.0, 25.0, 36.0, 12.0, 60.0, 23.0, 1.0, 131.0, 56.0, 121.0, 23.0, 47.0, 23.0, 5.0, 105.0, 19.0, 45.0, 9.0, 13.0, 11.0, 35.0, 44.0, 81.0, 38.0, 31.0, 42.0, 2.0, 5.0, 45.0, 14.0, 19.0, 353.0, 131.0, 10.0, 22.0, 4.0, 30.0, 37.0, 24.0, 2.0, 74.0, 124.0, 24.0, 10.0, 37.0, 401.0, 1.0, 8.0, 1.0, 46.0, 68.0, 77.0, 1.0, 280.0, 24.0, 24.0, 54.0, 17.0, 113.0, 19.0, 38.0, 79.0, 2.0, 15.0, 36.0, 31.0, 94.0, 1.0, 16.0, 6.0, 150.0, 31.0, 8.0, 5.0, 40.0, 5.0, 73.0, 30.0, 50.0, 23.0, 7.0, 82.0, 63.0, 39.0, 48.0, 6.0, 24.0, 18.0, 24.0, 25.0, 11.0, 26.0, 102.0, 1.0, 31.0, 50.0, 66.0, 9.0, 17.0, 50.0, 4.0, 73.0, 219.0, 12.0, 9.0, 31.0, 7.0, 17.0, 14.0, 8.0, 8.0, 11.0, 1.0, 47.0, 1.0, 42.0, 20.0, 13.0, 8.0, 1.0, 50.0, 6.0, 79.0, 29.0, 2.0, 36.0, 15.0, 20.0, 14.0, 13.0, 1.0, 72.0, 35.0, 9.0, 1.0, 24.0, 309.0, 130.0, 1.0, 36.0, 86.0, 9.0, 26.0, 8.0, 37.0, 192.0, 3.0, 51.0, 1.0, 12.0, 15.0, 8.0, 26.0, 37.0, 19.0, 78.0, 1.0, 48.0, 34.0, 1.0, 13.0, 11.0, 1.0, 47.0, 1.0, 127.0, 1.0, 17.0, 33.0, 35.0, 3.0, 6.0, 8.0, 21.0, 40.0, 1.0, 103.0, 13.0, 19.0, 6.0, 15.0, 21.0, 25.0, 67.0, 129.0, 9.0, 69.0, 50.0, 31.0, 28.0, 12.0, 77.0, 216.0, 6.0, 1.0, 1.0, 5.0, 5.0, 12.0, 77.0, 22.0, 28.0, 183.0, 1.0, 17.0, 8.0, 84.0, 36.0, 7.0, 91.0, 10.0, 36.0, 5.0, 34.0, 6.0, 1.0, 30.0, 43.0, 42.0, 53.0, 38.0, 16.0, 30.0, 13.0, 72.0, 20.0, 34.0, 20.0, 118.0, 7.0, 49.0, 45.0, 13.0, 75.0, 24.0, 12.0, 6.0, 13.0, 113.0, 55.0, 1.0, 1.0, 12.0, 35.0, 20.0, 1.0, 11.0, 2.0, 32.0, 76.0, 1.0, 8.0, 21.0, 4.0, 118.0, 2.0, 32.0, 14.0, 54.0, 1.0, 14.0, 34.0, 99.0, 5.0, 75.0, 57.0, 14.0, 5.0, 28.0, 15.0, 7.0, 32.0, 50.0, 1.0, 1.0, 1.0, 26.0, 7.0, 32.0, 53.0, 53.0, 12.0, 1.0, 13.0, 1.0, 9.0, 9.0, 12.0, 38.0, 29.0, 13.0, 37.0, 71.0, 3.0, 46.0, 190.0, 25.0, 46.0, 41.0, 36.0, 31.0, 8.0, 12.0, 12.0, 48.0, 137.0, 30.0, 1.0, 10.0, 1.0, 12.0, 1.0, 142.0, 1.0, 1.0, 29.0, 8.0, 18.0, 51.0, 23.0, 18.0, 8.0, 9.0, 15.0, 82.0, 2.0, 23.0, 20.0, 21.0, 59.0, 34.0, 8.0, 47.0, 7.0, 22.0, 53.0, 34.0, 31.0, 6.0, 55.0, 6.0, 23.0, 86.0, 1.0, 31.0, 126.0, 2.0, 34.0, 50.0, 3.0, 28.0, 3.0, 2.0, 21.0, 66.0, 60.0, 39.0, 28.0, 8.0, 11.0, 21.0, 12.0, 1.0, 19.0, 30.0, 9.0, 128.0, 6.0, 15.0, 24.0, 3.0, 4.0, 6.0, 4.0, 46.0, 1.0, 204.0, 7.0, 42.0, 199.0, 6.0, 14.0, 20.0, 1.0, 18.0, 1.0, 4.0, 26.0, 34.0, 360.0, 63.0, 10.0, 108.0, 161.0, 46.0, 12.0, 18.0, 149.0, 1.0, 24.0, 8.0, 21.0, 41.0, 158.0, 21.0, 77.0, 3.0, 17.0, 37.0, 34.0, 1.0, 1.0, 10.0, 2.0, 66.0, 15.0, 10.0, 1.0, 42.0, 25.0, 33.0, 44.0, 8.0] 

total times
 [3.0, 9.0, 9.0, 1.0, 31.0, 1.0, 10.0, 11.0, 81.0, 13.0, 3.0, 7.0, 23.0, 9.0, 10.0, 9.0, 21.0, 10.0, 29.0, 4.0, 11.0, 3.0, 35.0, 64.0, 4.0, 38.0, 246.0, 9.0, 5.0, 13.0, 89.0, 38.0, 4.0, 71.0, 15.0, 42.0, 110.0, 53.0, 7.0, 11.0, 19.0, 1.0, 5.0, 10.0, 1.0, 3.0, 28.0, 5.0, 6.0, 13.0, 198.0, 31.0, 17.0, 43.0, 9.0, 5.0, 1.0, 82.0, 1.0, 75.0, 12.0, 78.0, 52.0, 8.0, 110.0, 3.0, 70.0, 20.0, 13.0, 32.0, 11.0, 16.0, 7.0, 10.0, 10.0, 38.0, 7.0, 133.0, 3.0, 9.0, 45.0, 2.0, 1.0, 11.0, 8.0, 31.0, 27.0, 7.0, 8.0, 1.0, 31.0, 35.0, 15.0, 64.0, 1.0, 6.0, 19.0, 1.0, 40.0, 72.0, 8.0, 10.0, 9.0, 21.0, 176.0, 8.0, 2.0, 7.0, 39.0, 32.0, 1.0, 6.0, 13.0, 9.0, 25.0, 33.0, 34.0, 1.0, 23.0, 11.0, 4.0, 201.0, 10.0, 43.0, 16.0, 39.0, 39.0, 61.0, 12.0, 5.0, 12.0, 10.0, 3.0, 15.0, 45.0, 42.0, 11.0, 98.0, 32.0, 9.0, 15.0, 6.0, 1.0, 28.0, 50.0, 14.0, 62.0, 10.0, 5.0, 9.0, 45.0, 10.0, 296.0, 7.0, 14.0, 1.0, 19.0, 23.0, 12.0, 2.0, 4.0, 27.0, 2.0, 16.0, 68.0, 100.0, 20.0, 32.0, 45.0, 44.0, 8.0, 70.0, 4.0, 107.0, 21.0, 36.0, 2.0, 4.0, 10.0, 66.0, 47.0, 9.0, 1.0, 48.0, 1.0, 4.0, 1.0, 11.0, 6.0, 19.0, 89.0, 9.0, 10.0, 25.0, 21.0, 27.0, 6.0, 2.0, 36.0, 20.0, 1.0, 13.0, 57.0, 60.0, 14.0, 15.0, 37.0, 6.0, 10.0, 147.0, 116.0, 32.0, 43.0, 12.0, 2.0, 148.0, 11.0, 31.0, 3.0, 10.0, 12.0, 35.0, 39.0, 5.0, 8.0, 9.0, 4.0, 6.0, 74.0, 21.0, 40.0, 1.0, 12.0, 1.0, 9.0, 56.0, 3.0, 27.0, 115.0, 35.0, 60.0, 35.0, 6.0, 151.0, 40.0, 11.0, 37.0, 9.0, 101.0, 126.0, 41.0, 7.0, 2.0, 38.0, 60.0, 10.0, 15.0, 7.0, 57.0, 14.0, 22.0, 6.0, 12.0, 5.0, 21.0, 6.0, 11.0, 10.0, 11.0, 44.0, 16.0, 19.0, 2.0, 39.0, 19.0, 20.0, 8.0, 46.0, 2.0, 66.0, 3.0, 5.0, 10.0, 53.0, 3.0, 6.0, 59.0, 25.0, 2.0, 8.0, 16.0, 31.0, 22.0, 81.0, 12.0, 51.0, 18.0, 23.0, 21.0, 13.0, 53.0, 213.0, 54.0, 18.0, 78.0, 39.0, 20.0, 11.0, 9.0, 9.0, 296.0, 2.0, 69.0, 32.0, 2.0, 20.0, 38.0, 18.0, 30.0, 47.0, 11.0, 5.0, 1.0, 85.0, 5.0, 40.0, 3.0, 10.0, 65.0, 75.0, 10.0, 11.0, 2.0, 28.0, 6.0, 8.0, 70.0, 29.0, 97.0, 9.0, 19.0, 35.0, 12.0, 147.0, 26.0, 24.0, 9.0, 3.0, 92.0, 26.0, 15.0, 6.0, 4.0, 29.0, 11.0, 49.0, 3.0, 40.0, 35.0, 31.0, 20.0, 8.0, 29.0, 20.0, 1.0, 9.0, 36.0, 27.0, 1.0, 43.0, 25.0, 35.0, 51.0, 82.0, 9.0, 12.0, 7.0, 1.0, 5.0, 10.0, 10.0, 335.0, 14.0, 114.0, 11.0, 1.0, 3.0, 99.0, 14.0, 7.0, 8.0, 5.0, 14.0, 2.0, 5.0, 18.0, 53.0, 12.0, 10.0, 4.0, 23.0, 17.0, 5.0, 6.0, 208.0, 6.0, 76.0, 20.0, 16.0, 206.0, 130.0, 23.0, 48.0, 2.0, 9.0, 3.0, 15.0, 3.0, 28.0, 5.0, 95.0, 9.0, 8.0, 5.0, 15.0, 3.0, 7.0, 42.0, 4.0, 49.0, 8.0, 7.0, 47.0, 1.0, 22.0, 2.0, 7.0, 6.0, 16.0, 41.0, 33.0, 9.0, 27.0, 9.0, 32.0, 1.0, 21.0, 29.0, 9.0, 15.0, 10.0, 4.0, 47.0, 39.0, 18.0, 5.0, 127.0, 2.0, 32.0, 29.0, 185.0, 7.0, 23.0, 69.0, 4.0, 11.0, 7.0, 84.0, 9.0, 1.0, 48.0, 6.0, 34.0, 23.0, 4.0, 7.0, 12.0, 8.0, 67.0, 10.0, 32.0, 122.0, 43.0, 16.0, 35.0, 3.0, 35.0, 11.0, 11.0, 1.0, 62.0, 27.0, 14.0, 134.0, 13.0, 11.0, 131.0, 30.0, 11.0, 63.0, 5.0, 13.0, 125.0, 2.0, 17.0, 5.0, 1.0, 195.0, 7.0, 5.0, 1.0, 9.0, 4.0, 8.0, 15.0, 13.0, 3.0, 59.0, 23.0, 18.0, 224.0, 15.0, 5.0, 1.0, 65.0, 26.0, 1.0, 2.0, 55.0, 7.0, 4.0, 7.0, 7.0, 7.0, 6.0, 1.0, 7.0, 4.0, 10.0, 160.0, 22.0, 14.0, 48.0, 43.0, 24.0, 13.0, 18.0, 6.0, 31.0, 8.0, 16.0, 5.0, 9.0, 13.0, 2.0, 38.0, 4.0, 3.0, 20.0, 4.0, 15.0, 12.0, 18.0, 11.0, 4.0, 10.0, 20.0, 16.0, 102.0, 16.0, 3.0, 5.0, 43.0, 70.0, 26.0, 17.0, 10.0, 6.0, 5.0, 3.0, 6.0, 10.0, 10.0, 10.0, 7.0, 1.0, 42.0, 11.0, 4.0, 4.0, 43.0, 16.0, 5.0, 8.0, 25.0, 42.0, 41.0, 9.0, 10.0, 55.0, 89.0, 60.0, 17.0, 83.0, 36.0, 7.0, 33.0, 26.0, 28.0, 139.0, 9.0, 9.0, 9.0, 15.0, 13.0, 6.0, 4.0, 10.0, 8.0, 25.0, 5.0, 110.0, 4.0, 2.0, 79.0, 10.0, 37.0, 42.0, 1.0, 12.0, 2.0, 119.0, 25.0, 5.0, 41.0, 338.0, 10.0, 9.0, 68.0, 10.0, 113.0, 20.0, 12.0, 2.0, 94.0, 39.0, 77.0, 2.0, 38.0, 6.0, 17.0, 20.0, 4.0, 29.0, 30.0, 14.0, 12.0, 25.0, 23.0, 6.0, 23.0, 19.0, 27.0, 47.0, 8.0, 67.0, 4.0, 10.0, 30.0, 10.0, 3.0, 23.0, 18.0, 20.0, 21.0, 63.0, 5.0, 34.0, 9.0, 32.0, 40.0, 41.0, 24.0, 387.0, 142.0, 7.0, 67.0, 46.0, 24.0, 14.0, 9.0, 9.0, 2.0, 6.0, 9.0, 21.0, 5.0, 19.0, 64.0, 9.0, 78.0, 8.0, 23.0, 85.0, 2.0, 34.0, 10.0, 2.0, 7.0, 8.0, 6.0, 10.0, 7.0, 7.0, 14.0, 79.0, 6.0, 8.0, 19.0, 19.0, 20.0, 48.0, 60.0, 18.0, 31.0, 3.0, 67.0, 8.0, 36.0, 9.0, 1.0, 9.0, 9.0, 139.0, 59.0, 22.0, 16.0, 22.0, 1.0, 10.0, 15.0, 58.0, 45.0, 35.0, 9.0, 160.0, 16.0, 14.0, 4.0, 9.0, 20.0, 3.0, 9.0, 22.0, 16.0, 5.0, 10.0, 303.0, 9.0, 28.0, 78.0, 11.0, 30.0, 11.0, 266.0, 3.0, 6.0, 1.0, 34.0, 1.0, 8.0, 5.0, 5.0, 22.0, 5.0, 152.0, 12.0, 18.0, 7.0, 21.0, 20.0, 116.0, 1.0, 5.0, 11.0, 154.0, 45.0, 2.0, 1.0, 20.0, 86.0, 9.0, 5.0, 28.0, 8.0, 1.0, 4.0, 59.0, 20.0, 15.0, 13.0, 3.0, 10.0, 9.0, 21.0, 22.0, 7.0, 2.0, 35.0, 23.0, 3.0, 49.0, 52.0, 4.0, 25.0, 13.0, 5.0, 6.0, 8.0, 73.0, 5.0, 11.0, 9.0, 28.0, 261.0, 2.0, 5.0, 22.0, 48.0, 43.0, 30.0, 6.0, 19.0, 13.0, 11.0, 9.0, 56.0, 7.0, 13.0, 12.0, 10.0, 58.0, 10.0, 10.0, 106.0, 32.0, 3.0, 36.0, 23.0, 2.0, 2.0, 49.0, 205.0, 2.0, 10.0, 8.0, 2.0, 80.0, 3.0, 51.0, 67.0, 14.0, 22.0, 5.0, 53.0, 23.0, 43.0, 8.0, 31.0, 44.0, 9.0, 49.0, 4.0, 55.0, 90.0, 71.0, 9.0, 19.0, 3.0, 13.0, 63.0, 9.0, 19.0, 8.0, 30.0, 63.0, 9.0, 9.0, 5.0, 21.0, 20.0, 7.0, 8.0, 55.0, 1.0, 48.0, 224.0, 24.0, 9.0, 10.0, 34.0, 78.0, 6.0, 5.0, 6.0, 118.0, 49.0, 16.0, 25.0, 9.0, 2.0, 2.0, 9.0, 8.0, 27.0, 40.0, 9.0, 33.0, 1.0, 11.0, 5.0, 21.0, 16.0, 8.0, 14.0, 10.0, 5.0, 2.0, 33.0, 9.0, 45.0, 5.0, 7.0, 49.0, 183.0, 91.0, 9.0, 20.0, 7.0, 12.0, 16.0, 10.0, 338.0, 20.0, 14.0, 10.0, 13.0, 43.0, 2.0, 1.0, 1.0, 25.0, 5.0, 6.0, 32.0, 7.0, 11.0, 10.0, 27.0, 10.0, 4.0, 32.0, 12.0, 39.0, 11.0, 32.0, 70.0, 40.0, 11.0, 1.0, 6.0, 55.0, 12.0, 6.0, 14.0, 10.0, 20.0, 62.0, 9.0, 31.0, 22.0, 20.0, 21.0, 4.0, 58.0, 11.0, 77.0, 7.0, 30.0, 22.0, 112.0, 3.0, 10.0, 8.0, 9.0, 10.0, 21.0, 8.0, 24.0, 12.0, 10.0, 8.0, 6.0, 11.0, 21.0, 47.0, 79.0, 20.0, 9.0, 17.0, 11.0, 59.0, 11.0, 66.0, 42.0, 49.0, 14.0, 1.0, 11.0, 15.0, 34.0, 45.0, 7.0, 34.0, 19.0, 5.0, 3.0, 19.0, 26.0, 196.0, 23.0, 10.0, 8.0, 179.0, 6.0, 27.0, 24.0, 8.0, 16.0, 13.0, 76.0, 20.0, 10.0, 22.0, 7.0, 9.0, 68.0, 9.0, 4.0, 26.0, 42.0, 1.0, 23.0, 9.0, 24.0, 1.0, 52.0, 30.0, 12.0, 70.0, 75.0, 2.0, 57.0, 69.0, 10.0, 57.0, 10.0, 38.0, 403.0, 1.0, 8.0, 120.0, 23.0, 3.0, 9.0, 26.0, 33.0, 71.0, 27.0, 3.0, 42.0, 29.0, 5.0, 3.0, 12.0, 8.0, 5.0, 36.0, 10.0, 428.0, 65.0, 5.0, 47.0, 37.0, 6.0, 59.0, 43.0, 16.0, 13.0, 28.0, 10.0, 21.0, 4.0, 39.0, 9.0, 48.0, 11.0, 30.0, 1.0, 5.0, 20.0, 2.0, 4.0, 14.0, 7.0, 5.0, 51.0, 3.0, 1.0, 325.0, 6.0, 8.0, 84.0, 45.0, 1.0, 14.0, 40.0, 79.0, 57.0, 7.0, 3.0, 9.0, 8.0, 5.0, 10.0, 31.0, 57.0, 5.0, 22.0, 33.0, 3.0, 7.0, 41.0, 15.0, 24.0, 5.0, 2.0, 14.0, 15.0, 33.0, 20.0, 3.0, 21.0, 52.0, 11.0, 4.0, 10.0, 133.0, 11.0, 13.0, 179.0, 13.0, 29.0, 29.0, 99.0, 20.0, 51.0, 10.0, 30.0, 5.0, 45.0, 2.0, 25.0, 9.0, 99.0, 9.0, 11.0, 8.0, 10.0, 8.0, 21.0, 7.0, 20.0, 17.0, 19.0, 33.0, 102.0, 12.0, 253.0, 68.0, 62.0, 2.0, 57.0, 14.0, 144.0, 8.0, 25.0, 24.0, 45.0, 22.0, 1.0, 10.0, 7.0, 10.0, 5.0, 30.0, 9.0, 162.0, 22.0, 14.0, 3.0, 10.0, 4.0, 41.0, 64.0, 10.0, 10.0, 148.0, 11.0, 80.0, 9.0, 10.0, 24.0, 49.0, 6.0, 9.0, 94.0, 44.0, 23.0, 30.0, 6.0, 14.0, 361.0, 8.0, 11.0, 10.0, 121.0, 13.0, 43.0, 2.0, 6.0, 5.0, 123.0, 9.0, 23.0, 9.0, 195.0, 10.0, 10.0, 43.0, 22.0, 5.0, 34.0, 25.0, 23.0, 30.0, 23.0, 1.0, 43.0, 20.0, 13.0, 147.0, 22.0, 19.0, 17.0, 9.0, 25.0, 3.0, 129.0, 16.0, 24.0, 3.0, 48.0, 5.0, 22.0, 8.0, 1.0, 55.0, 6.0, 48.0, 32.0, 60.0, 6.0, 7.0, 13.0, 12.0, 4.0, 51.0, 13.0, 5.0, 13.0, 11.0, 10.0, 5.0, 22.0, 64.0, 9.0, 10.0, 5.0, 111.0, 7.0, 11.0, 41.0, 10.0, 7.0, 44.0, 363.0, 10.0, 68.0, 5.0, 44.0, 2.0, 10.0, 26.0, 53.0, 8.0, 10.0, 16.0, 53.0, 18.0, 69.0, 29.0, 14.0, 9.0, 19.0, 37.0, 11.0, 59.0, 6.0, 10.0, 3.0, 9.0, 49.0, 10.0, 4.0, 99.0, 9.0, 19.0, 52.0, 4.0, 19.0, 14.0, 12.0, 5.0, 18.0, 85.0, 57.0, 5.0, 5.0, 26.0, 16.0, 39.0, 58.0, 96.0, 18.0, 56.0, 80.0, 16.0, 22.0, 24.0, 302.0, 20.0, 8.0, 77.0, 76.0, 137.0, 41.0, 39.0, 34.0, 8.0, 202.0, 10.0, 15.0, 22.0, 14.0, 50.0, 45.0, 11.0, 20.0, 40.0, 14.0, 8.0, 4.0, 58.0, 36.0, 1.0, 52.0, 12.0, 6.0, 49.0, 3.0, 71.0, 9.0, 27.0, 39.0, 40.0, 8.0, 16.0, 7.0, 10.0, 9.0, 23.0, 10.0, 9.0, 26.0, 5.0, 151.0, 11.0, 11.0, 72.0, 9.0, 16.0, 30.0, 65.0, 8.0, 32.0, 19.0, 25.0, 18.0, 31.0, 12.0, 2.0, 18.0, 9.0, 10.0, 9.0, 1.0, 20.0, 9.0, 7.0, 121.0, 101.0, 12.0, 11.0, 15.0, 8.0, 1.0, 11.0, 3.0, 4.0, 36.0, 67.0, 23.0, 26.0, 59.0, 20.0, 40.0, 2.0, 10.0, 31.0, 18.0, 32.0, 89.0, 9.0, 19.0, 29.0, 64.0, 30.0, 13.0, 8.0, 22.0, 25.0, 31.0, 8.0, 25.0, 17.0, 24.0, 9.0, 33.0, 5.0, 61.0, 2.0, 141.0, 41.0, 39.0, 88.0, 54.0, 15.0, 10.0, 8.0, 6.0, 7.0, 16.0, 10.0, 8.0, 18.0, 11.0, 70.0, 9.0, 76.0, 47.0, 42.0, 153.0, 18.0, 5.0, 24.0, 4.0, 11.0, 19.0, 30.0, 22.0, 8.0, 10.0, 20.0, 11.0, 1.0, 33.0, 7.0, 12.0, 39.0, 2.0, 11.0, 1.0, 7.0, 11.0, 30.0, 39.0, 271.0, 10.0, 98.0, 61.0, 6.0, 19.0, 2.0, 60.0, 15.0, 32.0, 8.0, 18.0, 56.0, 103.0, 59.0, 5.0, 107.0, 3.0, 2.0, 7.0, 42.0, 4.0, 55.0, 26.0, 64.0, 18.0, 9.0, 7.0, 37.0, 55.0, 10.0, 14.0, 15.0, 221.0, 27.0, 1.0, 9.0, 10.0, 7.0, 23.0, 17.0, 22.0, 17.0, 9.0, 49.0, 53.0, 67.0, 9.0, 17.0, 59.0, 87.0, 7.0, 21.0, 50.0, 17.0, 9.0, 5.0, 8.0, 35.0, 39.0, 25.0, 41.0, 6.0, 20.0, 12.0, 25.0, 29.0, 27.0, 30.0, 8.0, 2.0, 4.0, 36.0, 10.0, 6.0, 1.0, 12.0, 1.0, 8.0, 86.0, 20.0, 52.0, 1.0, 8.0, 1.0, 29.0, 45.0, 7.0, 5.0, 3.0, 11.0, 71.0, 4.0, 11.0, 27.0, 11.0, 37.0, 5.0, 19.0, 10.0, 10.0, 52.0, 24.0, 33.0, 8.0, 61.0, 258.0, 29.0, 103.0, 4.0, 7.0, 16.0, 40.0, 5.0, 29.0, 44.0, 6.0, 5.0, 46.0, 11.0, 11.0, 14.0, 1.0, 15.0, 33.0, 14.0, 9.0, 4.0, 28.0, 23.0, 11.0, 1.0, 8.0, 22.0, 50.0, 16.0, 66.0, 76.0, 12.0, 5.0, 17.0, 38.0, 6.0, 30.0, 59.0, 26.0, 16.0, 31.0, 36.0, 5.0, 22.0, 29.0, 11.0, 15.0, 4.0, 14.0, 9.0, 19.0, 9.0, 9.0, 5.0, 3.0, 30.0, 3.0, 19.0, 6.0, 30.0, 2.0, 11.0, 201.0, 30.0, 25.0, 3.0, 11.0, 21.0, 5.0, 64.0, 15.0, 16.0, 15.0, 8.0, 24.0, 12.0, 11.0, 49.0, 11.0, 8.0, 25.0, 26.0, 12.0, 5.0, 5.0, 9.0, 5.0, 20.0, 3.0, 4.0, 21.0, 9.0, 41.0, 63.0, 36.0, 25.0, 67.0, 6.0, 22.0, 6.0, 7.0, 16.0, 32.0, 14.0, 19.0, 86.0, 24.0, 63.0, 23.0, 10.0, 1.0, 2.0, 38.0, 148.0, 89.0, 33.0, 139.0, 25.0, 50.0, 23.0, 9.0, 122.0, 63.0, 45.0, 13.0, 6.0, 17.0, 11.0, 11.0, 55.0, 9.0, 28.0, 1.0, 46.0, 122.0, 1.0, 38.0, 35.0, 42.0, 19.0, 9.0, 5.0, 50.0, 56.0, 51.0, 353.0, 6.0, 11.0, 11.0, 149.0, 38.0, 14.0, 22.0, 1.0, 19.0, 32.0, 101.0, 44.0, 30.0, 9.0, 16.0, 106.0, 23.0, 32.0, 8.0, 125.0, 24.0, 9.0, 9.0, 10.0, 12.0, 40.0, 9.0, 428.0, 5.0, 5.0, 10.0, 47.0, 4.0, 7.0, 21.0, 64.0, 10.0, 6.0, 28.0, 71.0, 124.0, 21.0, 11.0, 32.0, 30.0, 20.0, 299.0, 10.0, 27.0, 44.0, 56.0, 26.0, 4.0, 1.0, 126.0, 15.0, 9.0, 22.0, 57.0, 8.0, 10.0, 5.0, 5.0, 21.0, 8.0, 120.0, 21.0, 12.0, 18.0, 6.0, 57.0, 1.0, 33.0, 8.0, 33.0, 6.0, 11.0, 9.0, 95.0, 23.0, 51.0, 11.0, 10.0, 9.0, 2.0, 11.0, 174.0, 43.0, 8.0, 5.0, 32.0, 13.0, 3.0, 75.0, 13.0, 11.0, 9.0, 9.0, 29.0, 46.0, 3.0, 85.0, 32.0, 86.0, 23.0, 18.0, 11.0, 39.0, 82.0, 96.0, 63.0, 48.0, 9.0, 11.0, 4.0, 2.0, 8.0, 23.0, 22.0, 39.0, 45.0, 3.0, 86.0, 6.0, 11.0, 13.0, 41.0, 53.0, 31.0, 79.0, 130.0, 18.0, 81.0, 50.0, 9.0, 13.0, 9.0, 8.0, 68.0, 7.0, 14.0, 7.0, 13.0, 38.0, 9.0, 52.0, 25.0, 8.0, 77.0, 219.0, 4.0, 4.0, 9.0, 15.0, 14.0, 9.0, 31.0, 13.0, 9.0, 26.0, 57.0, 14.0, 1.0, 12.0, 3.0, 11.0, 43.0, 28.0, 7.0, 1.0, 64.0, 7.0, 24.0, 2.0, 72.0, 19.0, 24.0, 39.0, 6.0, 3.0, 14.0, 8.0, 11.0, 8.0, 50.0, 10.0, 96.0, 29.0, 2.0, 2.0, 8.0, 6.0, 8.0, 35.0, 16.0, 9.0, 30.0, 1.0, 5.0, 55.0, 49.0, 46.0, 10.0, 14.0, 14.0, 30.0, 25.0, 108.0, 7.0, 52.0, 2.0, 19.0, 4.0, 5.0, 41.0, 2.0, 1.0, 21.0, 2.0, 10.0, 5.0, 5.0, 342.0, 3.0, 10.0, 180.0, 8.0, 8.0, 43.0, 8.0, 36.0, 9.0, 2.0, 2.0, 33.0, 94.0, 50.0, 9.0, 3.0, 8.0, 43.0, 12.0, 50.0, 2.0, 6.0, 193.0, 10.0, 3.0, 14.0, 1.0, 79.0, 11.0, 35.0, 3.0, 2.0, 5.0, 42.0, 15.0, 11.0, 11.0, 56.0, 5.0, 7.0, 37.0, 6.0, 27.0, 82.0, 5.0, 9.0, 5.0, 17.0, 84.0, 11.0, 36.0, 3.0, 13.0, 11.0, 42.0, 23.0, 31.0, 16.0, 11.0, 2.0, 21.0, 3.0, 22.0, 26.0, 5.0, 4.0, 5.0, 1.0, 21.0, 51.0, 19.0, 10.0, 127.0, 21.0, 4.0, 31.0, 26.0, 8.0, 9.0, 34.0, 35.0, 3.0, 22.0, 22.0, 24.0, 31.0, 5.0, 77.0, 71.0, 6.0, 49.0, 3.0, 112.0, 17.0, 32.0, 15.0, 36.0, 25.0, 10.0, 7.0, 16.0, 8.0, 26.0, 26.0, 7.0, 99.0, 4.0, 146.0, 40.0, 21.0, 13.0, 97.0, 19.0, 53.0, 52.0, 45.0, 5.0, 15.0, 83.0, 14.0, 216.0, 7.0, 23.0, 1.0, 18.0, 5.0, 5.0, 8.0, 6.0, 2.0, 8.0, 33.0, 9.0, 77.0, 26.0, 28.0, 33.0, 183.0, 19.0, 17.0, 12.0, 139.0, 67.0, 39.0, 9.0, 22.0, 4.0, 7.0, 107.0, 22.0, 13.0, 29.0, 36.0, 28.0, 2.0, 69.0, 26.0, 40.0, 68.0, 16.0, 3.0, 43.0, 8.0, 14.0, 44.0, 53.0, 56.0, 8.0, 24.0, 49.0, 17.0, 72.0, 36.0, 43.0, 24.0, 136.0, 22.0, 80.0, 53.0, 52.0, 10.0, 42.0, 1.0, 9.0, 1.0, 42.0, 78.0, 27.0, 15.0, 37.0, 17.0, 3.0, 1.0, 8.0, 147.0, 7.0, 55.0, 31.0, 20.0, 10.0, 50.0, 3.0, 35.0, 25.0, 36.0, 42.0, 32.0, 9.0, 4.0, 47.0, 5.0, 13.0, 15.0, 6.0, 10.0, 8.0, 36.0, 84.0, 35.0, 14.0, 9.0, 25.0, 8.0, 9.0, 151.0, 11.0, 22.0, 4.0, 33.0, 2.0, 47.0, 2.0, 18.0, 68.0, 16.0, 44.0, 36.0, 3.0, 1.0, 14.0, 14.0, 11.0, 103.0, 25.0, 15.0, 85.0, 1.0, 88.0, 6.0, 29.0, 7.0, 8.0, 28.0, 15.0, 13.0, 9.0, 68.0, 9.0, 70.0, 5.0, 5.0, 1.0, 14.0, 11.0, 31.0, 3.0, 18.0, 59.0, 9.0, 29.0, 15.0, 9.0, 36.0, 12.0, 93.0, 8.0, 73.0, 8.0, 4.0, 47.0, 5.0, 20.0, 13.0, 40.0, 9.0, 28.0, 9.0, 10.0, 11.0, 9.0, 20.0, 9.0, 26.0, 31.0, 60.0, 9.0, 35.0, 7.0, 9.0, 17.0, 15.0, 31.0, 39.0, 7.0, 5.0, 128.0, 13.0, 7.0, 7.0, 78.0, 4.0, 2.0, 193.0, 50.0, 2.0, 2.0, 46.0, 50.0, 3.0, 9.0, 67.0, 15.0, 19.0, 58.0, 8.0, 9.0, 14.0, 52.0, 6.0, 30.0, 9.0, 27.0, 10.0, 14.0, 50.0, 181.0, 7.0, 5.0, 3.0, 1.0, 39.0, 22.0, 10.0, 24.0, 4.0, 1.0, 6.0, 18.0, 19.0, 35.0, 21.0, 229.0, 6.0, 10.0, 41.0, 67.0, 10.0, 8.0, 22.0, 25.0, 53.0, 11.0, 16.0, 11.0, 62.0, 28.0, 7.0, 2.0, 46.0, 8.0, 9.0, 26.0, 8.0, 1.0, 1.0, 188.0, 5.0, 4.0, 24.0, 11.0, 2.0, 18.0, 1.0, 16.0, 29.0, 26.0, 6.0, 35.0, 39.0, 35.0, 17.0, 12.0, 25.0, 6.0, 1.0, 10.0, 62.0, 9.0, 36.0, 12.0, 51.0, 27.0, 41.0, 6.0, 155.0, 10.0, 37.0, 50.0, 10.0, 65.0, 26.0, 10.0, 43.0, 90.0, 23.0, 6.0, 5.0, 34.0, 10.0, 7.0, 10.0, 129.0, 18.0, 3.0, 1.0, 8.0, 4.0, 9.0, 9.0, 10.0, 71.0, 12.0, 5.0, 52.0, 4.0, 7.0, 29.0, 3.0, 36.0, 13.0, 37.0, 66.0, 4.0, 15.0, 10.0, 20.0, 93.0, 2.0, 39.0, 28.0, 3.0, 5.0, 11.0, 45.0, 21.0, 36.0, 47.0, 4.0, 9.0, 19.0, 30.0, 7.0, 10.0, 31.0, 159.0, 5.0, 7.0, 6.0, 25.0, 17.0, 10.0, 33.0, 7.0, 13.0, 12.0, 7.0, 8.0, 66.0, 10.0, 11.0, 206.0, 40.0, 11.0, 46.0, 11.0, 7.0, 215.0, 28.0, 20.0, 10.0, 14.0, 11.0, 24.0, 5.0, 22.0, 7.0, 8.0, 22.0, 23.0, 52.0, 30.0, 7.0, 10.0, 61.0, 25.0, 10.0, 379.0, 5.0, 11.0, 12.0, 9.0, 15.0, 63.0, 15.0, 14.0, 164.0, 18.0, 209.0, 10.0, 6.0, 3.0, 56.0, 16.0, 7.0, 18.0, 11.0, 10.0, 5.0, 149.0, 16.0, 5.0, 61.0, 24.0, 21.0, 43.0, 3.0, 11.0, 6.0, 187.0, 21.0, 12.0, 98.0, 4.0, 11.0, 9.0, 6.0, 6.0, 7.0, 27.0, 1.0, 37.0, 9.0, 20.0, 37.0, 4.0, 54.0, 29.0, 28.0, 20.0, 6.0, 13.0, 10.0, 43.0, 6.0, 77.0, 15.0, 20.0, 1.0, 4.0, 1.0, 98.0, 60.0, 27.0, 54.0, 50.0, 48.0, 23.0] 

MGT times
 [3.0, 9.0, 1.0, 31.0, 1.0, 10.0, 1.0, 19.0, 3.0, 4.0, 23.0, 9.0, 10.0, 9.0, 11.0, 17.0, 4.0, 11.0, 3.0, 35.0, 13.0, 4.0, 55.0, 9.0, 5.0, 28.0, 29.0, 4.0, 19.0, 15.0, 19.0, 15.0, 9.0, 7.0, 11.0, 19.0, 1.0, 4.0, 10.0, 1.0, 3.0, 46.0, 12.0, 17.0, 43.0, 9.0, 5.0, 1.0, 10.0, 1.0, 45.0, 12.0, 20.0, 8.0, 30.0, 3.0, 13.0, 20.0, 4.0, 32.0, 11.0, 7.0, 10.0, 10.0, 4.0, 3.0, 3.0, 9.0, 1.0, 11.0, 8.0, 27.0, 7.0, 8.0, 1.0, 9.0, 15.0, 30.0, 1.0, 3.0, 4.0, 1.0, 24.0, 29.0, 8.0, 10.0, 9.0, 21.0, 43.0, 8.0, 2.0, 7.0, 39.0, 1.0, 6.0, 9.0, 9.0, 33.0, 12.0, 1.0, 23.0, 11.0, 4.0, 16.0, 1.0, 12.0, 8.0, 10.0, 12.0, 21.0, 11.0, 41.0, 31.0, 9.0, 6.0, 1.0, 28.0, 10.0, 5.0, 9.0, 37.0, 10.0, 14.0, 7.0, 14.0, 1.0, 19.0, 23.0, 12.0, 2.0, 4.0, 27.0, 2.0, 16.0, 8.0, 4.0, 6.0, 20.0, 15.0, 8.0, 12.0, 4.0, 51.0, 10.0, 36.0, 2.0, 4.0, 10.0, 18.0, 9.0, 1.0, 31.0, 1.0, 4.0, 1.0, 11.0, 6.0, 19.0, 46.0, 9.0, 10.0, 25.0, 9.0, 3.0, 2.0, 19.0, 20.0, 1.0, 13.0, 44.0, 23.0, 14.0, 15.0, 27.0, 6.0, 10.0, 19.0, 25.0, 20.0, 18.0, 12.0, 11.0, 11.0, 3.0, 10.0, 12.0, 19.0, 10.0, 5.0, 8.0, 9.0, 4.0, 6.0, 13.0, 26.0, 12.0, 1.0, 9.0, 56.0, 3.0, 13.0, 4.0, 24.0, 6.0, 8.0, 29.0, 9.0, 101.0, 11.0, 41.0, 7.0, 2.0, 6.0, 1.0, 10.0, 7.0, 20.0, 22.0, 12.0, 5.0, 19.0, 11.0, 11.0, 16.0, 19.0, 2.0, 30.0, 8.0, 24.0, 2.0, 16.0, 3.0, 5.0, 10.0, 3.0, 6.0, 18.0, 25.0, 2.0, 8.0, 12.0, 18.0, 46.0, 8.0, 19.0, 21.0, 13.0, 2.0, 64.0, 15.0, 18.0, 33.0, 20.0, 11.0, 9.0, 9.0, 93.0, 2.0, 32.0, 2.0, 19.0, 28.0, 17.0, 11.0, 11.0, 1.0, 10.0, 5.0, 15.0, 3.0, 10.0, 10.0, 59.0, 10.0, 11.0, 2.0, 28.0, 6.0, 8.0, 14.0, 46.0, 19.0, 35.0, 12.0, 20.0, 12.0, 10.0, 9.0, 3.0, 8.0, 26.0, 6.0, 4.0, 10.0, 11.0, 32.0, 3.0, 26.0, 20.0, 31.0, 19.0, 8.0, 29.0, 20.0, 1.0, 9.0, 22.0, 27.0, 1.0, 27.0, 6.0, 9.0, 12.0, 7.0, 1.0, 5.0, 10.0, 10.0, 35.0, 36.0, 1.0, 3.0, 45.0, 14.0, 7.0, 8.0, 4.0, 14.0, 2.0, 5.0, 18.0, 12.0, 10.0, 4.0, 23.0, 17.0, 5.0, 6.0, 10.0, 6.0, 4.0, 20.0, 16.0, 29.0, 11.0, 48.0, 2.0, 9.0, 3.0, 5.0, 50.0, 9.0, 8.0, 5.0, 3.0, 7.0, 13.0, 4.0, 36.0, 8.0, 1.0, 2.0, 7.0, 6.0, 16.0, 12.0, 26.0, 9.0, 27.0, 9.0, 20.0, 1.0, 21.0, 12.0, 10.0, 3.0, 31.0, 39.0, 18.0, 25.0, 2.0, 32.0, 11.0, 13.0, 7.0, 2.0, 4.0, 11.0, 7.0, 11.0, 9.0, 1.0, 14.0, 6.0, 25.0, 23.0, 4.0, 3.0, 12.0, 8.0, 12.0, 10.0, 23.0, 9.0, 16.0, 3.0, 35.0, 11.0, 11.0, 1.0, 13.0, 14.0, 47.0, 11.0, 17.0, 30.0, 11.0, 25.0, 5.0, 14.0, 2.0, 17.0, 5.0, 1.0, 3.0, 7.0, 5.0, 1.0, 9.0, 4.0, 8.0, 15.0, 13.0, 3.0, 11.0, 13.0, 5.0, 26.0, 1.0, 2.0, 55.0, 7.0, 4.0, 7.0, 7.0, 7.0, 6.0, 4.0, 10.0, 7.0, 12.0, 14.0, 12.0, 2.0, 13.0, 18.0, 6.0, 20.0, 8.0, 16.0, 5.0, 9.0, 13.0, 2.0, 1.0, 4.0, 3.0, 20.0, 4.0, 15.0, 18.0, 11.0, 4.0, 10.0, 20.0, 16.0, 7.0, 3.0, 5.0, 37.0, 17.0, 10.0, 6.0, 5.0, 3.0, 10.0, 10.0, 10.0, 7.0, 1.0, 40.0, 11.0, 4.0, 4.0, 13.0, 4.0, 8.0, 9.0, 30.0, 9.0, 10.0, 14.0, 36.0, 37.0, 25.0, 7.0, 26.0, 28.0, 3.0, 9.0, 9.0, 9.0, 13.0, 6.0, 4.0, 10.0, 8.0, 32.0, 4.0, 2.0, 34.0, 10.0, 12.0, 31.0, 1.0, 12.0, 2.0, 37.0, 25.0, 82.0, 10.0, 9.0, 1.0, 20.0, 2.0, 9.0, 39.0, 32.0, 2.0, 38.0, 6.0, 17.0, 20.0, 4.0, 17.0, 14.0, 12.0, 23.0, 6.0, 14.0, 19.0, 9.0, 33.0, 8.0, 10.0, 4.0, 10.0, 21.0, 3.0, 21.0, 18.0, 20.0, 21.0, 5.0, 21.0, 9.0, 31.0, 30.0, 11.0, 22.0, 35.0, 7.0, 7.0, 11.0, 9.0, 9.0, 2.0, 6.0, 9.0, 21.0, 5.0, 19.0, 1.0, 9.0, 60.0, 8.0, 23.0, 29.0, 2.0, 34.0, 10.0, 2.0, 7.0, 8.0, 10.0, 7.0, 7.0, 38.0, 6.0, 8.0, 9.0, 9.0, 20.0, 20.0, 18.0, 10.0, 3.0, 8.0, 11.0, 9.0, 1.0, 9.0, 9.0, 20.0, 22.0, 6.0, 22.0, 1.0, 10.0, 10.0, 34.0, 9.0, 48.0, 16.0, 14.0, 4.0, 9.0, 20.0, 3.0, 9.0, 22.0, 16.0, 10.0, 21.0, 9.0, 39.0, 11.0, 30.0, 11.0, 69.0, 3.0, 6.0, 1.0, 1.0, 8.0, 5.0, 5.0, 13.0, 12.0, 18.0, 7.0, 21.0, 21.0, 1.0, 5.0, 11.0, 14.0, 2.0, 2.0, 1.0, 20.0, 21.0, 9.0, 5.0, 8.0, 4.0, 44.0, 20.0, 8.0, 13.0, 3.0, 10.0, 9.0, 10.0, 7.0, 7.0, 2.0, 25.0, 23.0, 3.0, 30.0, 4.0, 24.0, 5.0, 6.0, 8.0, 11.0, 1.0, 28.0, 34.0, 2.0, 5.0, 21.0, 19.0, 32.0, 6.0, 19.0, 13.0, 11.0, 9.0, 18.0, 7.0, 12.0, 10.0, 1.0, 10.0, 10.0, 9.0, 13.0, 3.0, 4.0, 2.0, 2.0, 49.0, 140.0, 2.0, 10.0, 8.0, 9.0, 3.0, 6.0, 14.0, 19.0, 5.0, 3.0, 42.0, 8.0, 10.0, 4.0, 19.0, 47.0, 9.0, 19.0, 3.0, 39.0, 9.0, 19.0, 4.0, 9.0, 21.0, 11.0, 7.0, 8.0, 55.0, 20.0, 51.0, 24.0, 9.0, 34.0, 19.0, 6.0, 4.0, 66.0, 16.0, 25.0, 9.0, 2.0, 2.0, 9.0, 8.0, 27.0, 8.0, 9.0, 23.0, 1.0, 11.0, 5.0, 21.0, 16.0, 8.0, 10.0, 2.0, 33.0, 9.0, 5.0, 7.0, 20.0, 31.0, 9.0, 20.0, 7.0, 16.0, 10.0, 39.0, 20.0, 14.0, 13.0, 8.0, 2.0, 1.0, 1.0, 1.0, 6.0, 7.0, 11.0, 10.0, 17.0, 10.0, 4.0, 1.0, 32.0, 17.0, 17.0, 4.0, 1.0, 6.0, 12.0, 10.0, 4.0, 62.0, 9.0, 20.0, 11.0, 4.0, 12.0, 22.0, 7.0, 22.0, 37.0, 3.0, 10.0, 8.0, 10.0, 8.0, 8.0, 14.0, 10.0, 8.0, 6.0, 11.0, 10.0, 19.0, 20.0, 9.0, 11.0, 11.0, 36.0, 18.0, 4.0, 1.0, 34.0, 31.0, 7.0, 18.0, 19.0, 4.0, 3.0, 19.0, 26.0, 62.0, 23.0, 10.0, 8.0, 111.0, 6.0, 12.0, 24.0, 12.0, 37.0, 1.0, 10.0, 22.0, 7.0, 9.0, 18.0, 4.0, 8.0, 1.0, 12.0, 9.0, 24.0, 1.0, 12.0, 16.0, 6.0, 2.0, 38.0, 23.0, 10.0, 30.0, 10.0, 38.0, 46.0, 54.0, 23.0, 3.0, 9.0, 33.0, 19.0, 27.0, 3.0, 15.0, 11.0, 5.0, 3.0, 12.0, 8.0, 5.0, 27.0, 10.0, 52.0, 41.0, 5.0, 9.0, 6.0, 9.0, 16.0, 13.0, 10.0, 10.0, 4.0, 25.0, 9.0, 48.0, 11.0, 30.0, 1.0, 1.0, 19.0, 2.0, 3.0, 14.0, 7.0, 5.0, 3.0, 1.0, 71.0, 6.0, 8.0, 18.0, 29.0, 1.0, 12.0, 47.0, 7.0, 3.0, 9.0, 8.0, 1.0, 11.0, 22.0, 3.0, 7.0, 15.0, 11.0, 5.0, 2.0, 14.0, 15.0, 33.0, 20.0, 3.0, 21.0, 11.0, 4.0, 10.0, 20.0, 11.0, 3.0, 15.0, 21.0, 19.0, 1.0, 5.0, 29.0, 2.0, 25.0, 9.0, 21.0, 9.0, 11.0, 10.0, 8.0, 21.0, 7.0, 20.0, 7.0, 30.0, 2.0, 33.0, 2.0, 14.0, 1.0, 8.0, 25.0, 24.0, 10.0, 22.0, 1.0, 10.0, 7.0, 10.0, 5.0, 9.0, 36.0, 22.0, 3.0, 10.0, 4.0, 27.0, 10.0, 10.0, 51.0, 11.0, 37.0, 9.0, 10.0, 7.0, 36.0, 6.0, 9.0, 36.0, 3.0, 23.0, 20.0, 6.0, 1.0, 23.0, 8.0, 11.0, 10.0, 46.0, 13.0, 33.0, 2.0, 6.0, 5.0, 28.0, 9.0, 23.0, 9.0, 36.0, 10.0, 10.0, 25.0, 22.0, 5.0, 7.0, 23.0, 11.0, 23.0, 1.0, 13.0, 134.0, 1.0, 19.0, 9.0, 3.0, 4.0, 16.0, 24.0, 3.0, 11.0, 4.0, 21.0, 8.0, 1.0, 32.0, 6.0, 22.0, 2.0, 2.0, 7.0, 13.0, 12.0, 4.0, 20.0, 7.0, 5.0, 13.0, 11.0, 10.0, 5.0, 10.0, 4.0, 9.0, 10.0, 24.0, 7.0, 11.0, 10.0, 10.0, 7.0, 44.0, 14.0, 10.0, 10.0, 2.0, 10.0, 26.0, 33.0, 8.0, 10.0, 4.0, 18.0, 18.0, 9.0, 29.0, 9.0, 4.0, 11.0, 4.0, 6.0, 10.0, 3.0, 39.0, 4.0, 16.0, 9.0, 19.0, 33.0, 19.0, 14.0, 12.0, 5.0, 30.0, 23.0, 5.0, 16.0, 16.0, 28.0, 31.0, 10.0, 18.0, 12.0, 40.0, 16.0, 24.0, 20.0, 8.0, 27.0, 16.0, 13.0, 41.0, 17.0, 10.0, 15.0, 14.0, 10.0, 29.0, 11.0, 20.0, 14.0, 8.0, 4.0, 37.0, 25.0, 1.0, 19.0, 12.0, 39.0, 3.0, 34.0, 9.0, 12.0, 12.0, 40.0, 8.0, 8.0, 10.0, 9.0, 23.0, 10.0, 9.0, 4.0, 2.0, 3.0, 11.0, 55.0, 9.0, 30.0, 35.0, 8.0, 20.0, 3.0, 5.0, 13.0, 12.0, 2.0, 18.0, 9.0, 10.0, 9.0, 10.0, 9.0, 7.0, 45.0, 16.0, 11.0, 15.0, 8.0, 1.0, 11.0, 3.0, 4.0, 22.0, 13.0, 20.0, 9.0, 2.0, 10.0, 31.0, 18.0, 18.0, 7.0, 4.0, 19.0, 18.0, 54.0, 19.0, 8.0, 22.0, 15.0, 31.0, 9.0, 33.0, 5.0, 2.0, 70.0, 10.0, 22.0, 15.0, 10.0, 8.0, 6.0, 7.0, 10.0, 8.0, 13.0, 52.0, 9.0, 7.0, 42.0, 63.0, 18.0, 5.0, 4.0, 11.0, 19.0, 30.0, 22.0, 8.0, 20.0, 11.0, 1.0, 29.0, 7.0, 27.0, 2.0, 11.0, 1.0, 7.0, 11.0, 29.0, 10.0, 3.0, 36.0, 15.0, 6.0, 19.0, 2.0, 8.0, 15.0, 32.0, 8.0, 18.0, 48.0, 19.0, 21.0, 5.0, 3.0, 2.0, 7.0, 42.0, 4.0, 18.0, 9.0, 7.0, 26.0, 21.0, 10.0, 15.0, 108.0, 27.0, 1.0, 9.0, 7.0, 23.0, 17.0, 22.0, 11.0, 17.0, 6.0, 9.0, 11.0, 29.0, 7.0, 21.0, 17.0, 9.0, 5.0, 8.0, 4.0, 25.0, 22.0, 6.0, 2.0, 28.0, 27.0, 8.0, 4.0, 36.0, 1.0, 12.0, 1.0, 8.0, 30.0, 20.0, 1.0, 8.0, 1.0, 19.0, 5.0, 3.0, 11.0, 44.0, 4.0, 11.0, 21.0, 11.0, 37.0, 5.0, 10.0, 10.0, 43.0, 14.0, 20.0, 13.0, 22.0, 20.0, 48.0, 4.0, 7.0, 21.0, 5.0, 29.0, 35.0, 6.0, 5.0, 34.0, 11.0, 11.0, 14.0, 1.0, 15.0, 20.0, 9.0, 4.0, 12.0, 22.0, 11.0, 1.0, 8.0, 11.0, 16.0, 11.0, 5.0, 17.0, 28.0, 6.0, 15.0, 16.0, 7.0, 5.0, 22.0, 10.0, 11.0, 4.0, 14.0, 9.0, 8.0, 9.0, 3.0, 4.0, 3.0, 6.0, 8.0, 2.0, 11.0, 19.0, 30.0, 25.0, 3.0, 11.0, 21.0, 5.0, 20.0, 15.0, 16.0, 15.0, 8.0, 12.0, 11.0, 11.0, 8.0, 25.0, 26.0, 9.0, 20.0, 3.0, 4.0, 21.0, 9.0, 10.0, 7.0, 7.0, 6.0, 21.0, 7.0, 16.0, 14.0, 19.0, 50.0, 12.0, 3.0, 10.0, 1.0, 2.0, 29.0, 8.0, 23.0, 33.0, 11.0, 11.0, 36.0, 6.0, 11.0, 11.0, 9.0, 28.0, 1.0, 34.0, 1.0, 8.0, 5.0, 42.0, 23.0, 6.0, 11.0, 11.0, 12.0, 38.0, 1.0, 6.0, 58.0, 20.0, 18.0, 9.0, 16.0, 32.0, 23.0, 32.0, 8.0, 9.0, 9.0, 12.0, 9.0, 17.0, 5.0, 38.0, 4.0, 7.0, 21.0, 18.0, 10.0, 6.0, 28.0, 38.0, 21.0, 11.0, 31.0, 30.0, 20.0, 19.0, 10.0, 11.0, 9.0, 4.0, 1.0, 3.0, 15.0, 9.0, 11.0, 8.0, 10.0, 5.0, 5.0, 21.0, 8.0, 33.0, 19.0, 12.0, 6.0, 21.0, 1.0, 33.0, 8.0, 2.0, 6.0, 11.0, 9.0, 1.0, 22.0, 27.0, 11.0, 9.0, 2.0, 11.0, 16.0, 7.0, 8.0, 5.0, 18.0, 8.0, 3.0, 26.0, 13.0, 9.0, 9.0, 29.0, 20.0, 3.0, 12.0, 27.0, 18.0, 11.0, 32.0, 24.0, 16.0, 9.0, 11.0, 4.0, 2.0, 8.0, 9.0, 22.0, 7.0, 27.0, 3.0, 53.0, 6.0, 11.0, 13.0, 41.0, 19.0, 11.0, 45.0, 28.0, 8.0, 42.0, 9.0, 13.0, 9.0, 8.0, 7.0, 14.0, 7.0, 14.0, 9.0, 25.0, 4.0, 4.0, 4.0, 9.0, 15.0, 13.0, 9.0, 9.0, 31.0, 1.0, 4.0, 3.0, 11.0, 29.0, 8.0, 7.0, 8.0, 7.0, 15.0, 2.0, 30.0, 19.0, 39.0, 6.0, 3.0, 10.0, 8.0, 17.0, 2.0, 8.0, 6.0, 8.0, 35.0, 16.0, 9.0, 30.0, 1.0, 5.0, 19.0, 28.0, 17.0, 10.0, 14.0, 8.0, 14.0, 26.0, 7.0, 17.0, 2.0, 1.0, 4.0, 9.0, 2.0, 1.0, 21.0, 2.0, 10.0, 5.0, 5.0, 25.0, 3.0, 10.0, 42.0, 8.0, 8.0, 42.0, 8.0, 9.0, 2.0, 2.0, 33.0, 8.0, 41.0, 9.0, 3.0, 8.0, 17.0, 6.0, 2.0, 6.0, 10.0, 14.0, 1.0, 28.0, 11.0, 35.0, 3.0, 2.0, 24.0, 11.0, 21.0, 5.0, 7.0, 6.0, 1.0, 5.0, 9.0, 17.0, 27.0, 11.0, 3.0, 13.0, 11.0, 32.0, 23.0, 31.0, 2.0, 21.0, 3.0, 22.0, 26.0, 5.0, 4.0, 1.0, 21.0, 9.0, 10.0, 21.0, 4.0, 23.0, 3.0, 8.0, 9.0, 3.0, 10.0, 10.0, 11.0, 2.0, 5.0, 37.0, 71.0, 6.0, 40.0, 3.0, 17.0, 32.0, 36.0, 6.0, 4.0, 7.0, 8.0, 7.0, 24.0, 4.0, 8.0, 23.0, 21.0, 13.0, 28.0, 19.0, 12.0, 17.0, 5.0, 14.0, 7.0, 17.0, 1.0, 18.0, 8.0, 2.0, 12.0, 9.0, 33.0, 10.0, 48.0, 25.0, 26.0, 9.0, 22.0, 4.0, 7.0, 9.0, 22.0, 29.0, 13.0, 2.0, 27.0, 10.0, 39.0, 32.0, 16.0, 3.0, 8.0, 14.0, 8.0, 8.0, 10.0, 7.0, 1.0, 9.0, 5.0, 22.0, 31.0, 10.0, 42.0, 1.0, 9.0, 1.0, 42.0, 31.0, 3.0, 1.0, 8.0, 34.0, 7.0, 21.0, 20.0, 10.0, 41.0, 3.0, 23.0, 25.0, 13.0, 32.0, 9.0, 3.0, 47.0, 5.0, 13.0, 4.0, 10.0, 8.0, 25.0, 9.0, 9.0, 24.0, 11.0, 22.0, 4.0, 22.0, 2.0, 6.0, 2.0, 8.0, 7.0, 23.0, 3.0, 1.0, 14.0, 14.0, 11.0, 13.0, 15.0, 1.0, 1.0, 25.0, 6.0, 6.0, 7.0, 3.0, 13.0, 27.0, 9.0, 20.0, 5.0, 1.0, 14.0, 11.0, 22.0, 3.0, 18.0, 51.0, 9.0, 15.0, 2.0, 12.0, 34.0, 8.0, 12.0, 8.0, 4.0, 27.0, 20.0, 29.0, 10.0, 9.0, 10.0, 11.0, 9.0, 20.0, 9.0, 26.0, 19.0, 12.0, 9.0, 7.0, 9.0, 17.0, 15.0, 18.0, 7.0, 5.0, 57.0, 13.0, 7.0, 32.0, 4.0, 2.0, 25.0, 2.0, 2.0, 50.0, 3.0, 9.0, 19.0, 15.0, 19.0, 22.0, 8.0, 9.0, 14.0, 12.0, 6.0, 16.0, 9.0, 9.0, 10.0, 44.0, 7.0, 5.0, 3.0, 1.0, 12.0, 15.0, 4.0, 1.0, 6.0, 19.0, 35.0, 12.0, 79.0, 6.0, 40.0, 38.0, 10.0, 22.0, 11.0, 16.0, 11.0, 29.0, 10.0, 7.0, 2.0, 29.0, 8.0, 4.0, 8.0, 1.0, 1.0, 98.0, 5.0, 4.0, 24.0, 11.0, 2.0, 18.0, 1.0, 16.0, 29.0, 26.0, 35.0, 12.0, 5.0, 17.0, 12.0, 6.0, 1.0, 10.0, 9.0, 4.0, 20.0, 11.0, 6.0, 95.0, 10.0, 11.0, 10.0, 12.0, 10.0, 20.0, 14.0, 6.0, 5.0, 10.0, 7.0, 10.0, 7.0, 3.0, 1.0, 8.0, 4.0, 9.0, 9.0, 10.0, 31.0, 12.0, 5.0, 4.0, 24.0, 13.0, 6.0, 4.0, 15.0, 10.0, 20.0, 25.0, 2.0, 3.0, 5.0, 34.0, 17.0, 36.0, 4.0, 9.0, 7.0, 10.0, 12.0, 23.0, 5.0, 7.0, 6.0, 12.0, 10.0, 3.0, 4.0, 8.0, 14.0, 10.0, 40.0, 11.0, 7.0, 9.0, 22.0, 20.0, 10.0, 11.0, 22.0, 7.0, 8.0, 22.0, 39.0, 7.0, 10.0, 19.0, 25.0, 10.0, 11.0, 5.0, 11.0, 12.0, 9.0, 15.0, 5.0, 14.0, 47.0, 18.0, 48.0, 10.0, 6.0, 3.0, 2.0, 7.0, 11.0, 10.0, 5.0, 16.0, 4.0, 30.0, 10.0, 3.0, 11.0, 6.0, 23.0, 12.0, 13.0, 4.0, 11.0, 9.0, 6.0, 6.0, 27.0, 1.0, 12.0, 9.0, 20.0, 4.0, 11.0, 28.0, 28.0, 19.0, 6.0, 13.0, 41.0, 6.0, 2.0, 2.0, 1.0, 4.0, 47.0, 26.0, 27.0, 21.0, 50.0, 7.0] 

SGT times
 [5.0, 5.0, 53.0, 9.0, 3.0, 1.0, 5.0, 12.0, 45.0, 36.0, 184.0, 12.0, 61.0, 1.0, 44.0, 23.0, 87.0, 44.0, 1.0, 28.0, 1.0, 6.0, 13.0, 152.0, 1.0, 63.0, 25.0, 78.0, 22.0, 71.0, 47.0, 9.0, 11.0, 36.0, 3.0, 130.0, 45.0, 2.0, 22.0, 28.0, 26.0, 25.0, 3.0, 15.0, 16.0, 43.0, 133.0, 23.0, 4.0, 21.0, 13.0, 176.0, 10.0, 41.0, 12.0, 39.0, 29.0, 55.0, 1.0, 4.0, 1.0, 11.0, 18.0, 12.0, 57.0, 1.0, 6.0, 46.0, 14.0, 58.0, 8.0, 273.0, 60.0, 100.0, 16.0, 26.0, 17.0, 20.0, 50.0, 47.0, 1.0, 66.0, 20.0, 8.0, 71.0, 43.0, 12.0, 14.0, 2.0, 10.0, 13.0, 31.0, 1.0, 117.0, 81.0, 6.0, 16.0, 2.0, 141.0, 11.0, 16.0, 19.0, 52.0, 19.0, 5.0, 1.0, 4.0, 115.0, 31.0, 56.0, 1.0, 133.0, 11.0, 11.0, 28.0, 5.0, 106.0, 23.0, 59.0, 12.0, 37.0, 9.0, 6.0, 2.0, 4.0, 7.0, 41.0, 9.0, 11.0, 13.0, 13.0, 41.0, 51.0, 41.0, 4.0, 13.0, 18.0, 25.0, 4.0, 47.0, 18.0, 4.0, 41.0, 141.0, 29.0, 74.0, 6.0, 194.0, 69.0, 1.0, 1.0, 1.0, 27.0, 28.0, 1.0, 66.0, 15.0, 45.0, 16.0, 48.0, 24.0, 51.0, 9.0, 127.0, 5.0, 8.0, 14.0, 75.0, 11.0, 11.0, 17.0, 4.0, 6.0, 1.0, 5.0, 42.0, 25.0, 35.0, 16.0, 67.0, 290.0, 12.0, 69.0, 7.0, 47.0, 1.0, 53.0, 189.0, 72.0, 167.0, 125.0, 12.0, 15.0, 1.0, 28.0, 35.0, 5.0, 20.0, 13.0, 7.0, 43.0, 18.0, 20.0, 7.0, 12.0, 9.0, 5.0, 11.0, 1.0, 16.0, 1.0, 93.0, 10.0, 163.0, 21.0, 60.0, 64.0, 24.0, 1.0, 4.0, 47.0, 1.0, 107.0, 41.0, 30.0, 62.0, 7.0, 78.0, 12.0, 114.0, 30.0, 13.0, 102.0, 192.0, 55.0, 3.0, 14.0, 203.0, 5.0, 1.0, 62.0, 1.0, 3.0, 146.0, 1.0, 27.0, 32.0, 21.0, 1.0, 37.0, 9.0, 89.0, 13.0, 6.0, 66.0, 22.0, 5.0, 2.0, 22.0, 7.0, 1.0, 20.0, 24.0, 11.0, 32.0, 89.0, 24.0, 15.0, 46.0, 11.0, 30.0, 128.0, 12.0, 17.0, 1.0, 68.0, 35.0, 16.0, 11.0, 82.0, 5.0, 39.0, 247.0, 64.0, 10.0, 112.0, 9.0, 76.0, 37.0, 26.0, 3.0, 21.0, 1.0, 10.0, 7.0, 49.0, 1.0, 10.0, 2.0, 60.0, 6.0, 1.0, 2.0, 21.0, 2.0, 344.0, 135.0, 53.0, 25.0, 21.0, 10.0, 55.0, 11.0, 50.0, 43.0, 3.0, 12.0, 41.0, 1.0, 1.0, 19.0, 52.0, 13.0, 63.0, 16.0, 119.0, 30.0, 18.0, 1.0, 13.0, 39.0, 1.0, 35.0, 103.0, 5.0, 272.0, 28.0, 39.0, 187.0, 33.0, 22.0, 1.0, 130.0, 16.0, 87.0, 131.0, 35.0, 65.0, 18.0, 1.0, 15.0, 7.0, 11.0, 15.0, 1.0, 46.0, 13.0, 1.0, 9.0, 70.0, 1.0, 8.0, 220.0, 1.0, 20.0, 11.0, 22.0, 29.0, 13.0, 49.0, 97.0, 10.0, 32.0, 19.0, 55.0, 2.0, 71.0, 35.0, 65.0, 3.0, 42.0, 17.0, 1.0, 28.0, 25.0, 7.0, 49.0, 51.0, 71.0, 24.0, 11.0, 24.0, 4.0, 26.0, 59.0, 1.0, 1.0, 1.0, 1.0, 28.0, 164.0, 7.0, 50.0, 1.0, 2.0, 52.0, 45.0, 24.0, 1.0, 14.0, 1.0, 42.0, 21.0, 180.0, 50.0, 10.0, 290.0, 8.0, 35.0, 15.0, 1.0, 30.0, 1.0, 29.0, 8.0, 38.0, 1.0, 53.0, 15.0, 7.0, 51.0, 3.0, 10.0, 16.0, 29.0, 21.0, 1.0, 46.0, 11.0, 47.0, 29.0, 67.0, 7.0, 13.0, 1.0, 8.0, 1.0, 47.0, 60.0, 64.0, 12.0, 59.0, 21.0, 40.0, 25.0, 10.0, 7.0, 9.0, 14.0, 7.0, 1.0, 134.0, 61.0, 8.0, 8.0, 11.0, 1.0, 33.0, 10.0, 50.0, 5.0, 23.0, 26.0, 1.0, 31.0, 25.0, 10.0, 48.0, 59.0, 10.0, 38.0, 18.0, 349.0, 1.0, 1.0, 58.0, 22.0, 44.0, 21.0, 9.0, 1.0, 365.0, 15.0, 45.0, 20.0, 52.0, 34.0, 1.0, 6.0, 4.0, 1.0, 1.0, 49.0, 246.0, 58.0, 6.0, 12.0, 36.0, 58.0, 1.0, 1.0, 9.0, 27.0, 38.0, 1.0, 33.0, 39.0, 4.0, 52.0, 105.0, 13.0, 167.0, 12.0, 25.0, 6.0, 71.0, 1.0, 50.0, 8.0, 21.0, 16.0, 78.0, 1.0, 12.0, 5.0, 29.0, 72.0, 1.0, 253.0, 35.0, 58.0, 48.0, 134.0, 25.0, 30.0, 119.0, 14.0, 37.0, 28.0, 87.0, 33.0, 11.0, 2.0, 49.0, 33.0, 1.0, 8.0, 338.0, 75.0, 1.0, 1.0, 86.0, 150.0, 10.0, 27.0, 25.0, 10.0, 39.0, 18.0, 4.0, 14.0, 16.0, 25.0, 118.0, 30.0, 1.0, 1.0, 14.0, 48.0, 1.0, 51.0, 4.0, 31.0, 6.0, 12.0, 60.0, 2.0, 82.0, 31.0, 340.0, 65.0, 1.0, 26.0, 11.0, 2.0, 26.0, 60.0, 11.0, 12.0, 55.0, 9.0, 1.0, 6.0, 78.0, 11.0, 1.0, 15.0, 45.0, 24.0, 1.0, 1.0, 11.0, 27.0, 77.0, 35.0, 32.0, 21.0, 300.0, 42.0, 55.0, 114.0, 39.0, 30.0, 175.0, 22.0, 31.0, 16.0, 40.0, 16.0, 1.0, 23.0, 3.0, 1.0, 28.0, 15.0, 27.0, 8.0, 7.0, 24.0, 1.0, 143.0, 8.0, 17.0, 13.0, 22.0, 12.0, 19.0, 15.0, 13.0, 11.0, 1.0, 1.0, 67.0, 76.0, 12.0, 32.0, 36.0, 19.0, 3.0, 32.0, 1.0, 32.0, 5.0, 74.0, 5.0, 11.0, 1.0, 1.0, 10.0, 1.0, 6.0, 24.0, 11.0, 24.0, 57.0, 63.0, 39.0, 24.0, 81.0, 23.0, 13.0, 5.0, 5.0, 9.0, 61.0, 47.0, 81.0, 20.0, 6.0, 4.0, 8.0, 5.0, 1.0, 21.0, 262.0, 7.0, 62.0, 40.0, 43.0, 1.0, 75.0, 30.0, 100.0, 53.0, 26.0, 64.0, 1.0, 34.0, 12.0, 6.0, 15.0, 5.0, 32.0, 27.0, 53.0, 17.0, 39.0, 50.0, 49.0, 31.0, 35.0, 9.0, 20.0, 2.0, 21.0, 1.0, 24.0, 1.0, 7.0, 2.0, 48.0, 20.0, 20.0, 1.0, 45.0, 1.0, 17.0, 6.0, 16.0, 1.0, 10.0, 4.0, 7.0, 40.0, 226.0, 1.0, 47.0, 12.0, 19.0, 1.0, 5.0, 13.0, 12.0, 10.0, 1.0, 1.0, 46.0, 46.0, 74.0, 10.0, 2.0, 15.0, 57.0, 26.0, 18.0, 36.0, 14.0, 7.0, 3.0, 7.0, 1.0, 26.0, 19.0, 15.0, 174.0, 35.0, 24.0, 11.0, 28.0, 9.0, 1.0, 1.0, 1.0, 37.0, 47.0, 32.0, 18.0, 50.0, 1.0, 1.0, 25.0, 36.0, 12.0, 60.0, 23.0, 1.0, 131.0, 56.0, 121.0, 23.0, 47.0, 23.0, 5.0, 105.0, 19.0, 45.0, 9.0, 13.0, 11.0, 35.0, 44.0, 81.0, 38.0, 31.0, 42.0, 2.0, 5.0, 45.0, 14.0, 19.0, 353.0, 131.0, 10.0, 22.0, 4.0, 30.0, 37.0, 24.0, 2.0, 74.0, 124.0, 24.0, 10.0, 37.0, 401.0, 1.0, 8.0, 1.0, 46.0, 68.0, 77.0, 1.0, 280.0, 24.0, 24.0, 54.0, 17.0, 113.0, 19.0, 38.0, 79.0, 2.0, 15.0, 36.0, 31.0, 94.0, 1.0, 16.0, 6.0, 150.0, 31.0, 8.0, 5.0, 40.0, 5.0, 73.0, 30.0, 50.0, 23.0, 7.0, 82.0, 63.0, 39.0, 48.0, 6.0, 24.0, 18.0, 24.0, 25.0, 11.0, 26.0, 102.0, 1.0, 31.0, 50.0, 66.0, 9.0, 17.0, 50.0, 4.0, 73.0, 219.0, 12.0, 9.0, 31.0, 7.0, 17.0, 14.0, 8.0, 8.0, 11.0, 1.0, 47.0, 1.0, 42.0, 20.0, 13.0, 8.0, 1.0, 50.0, 6.0, 79.0, 29.0, 2.0, 36.0, 15.0, 20.0, 14.0, 13.0, 1.0, 72.0, 35.0, 9.0, 1.0, 24.0, 309.0, 130.0, 1.0, 36.0, 86.0, 9.0, 26.0, 8.0, 37.0, 192.0, 3.0, 51.0, 1.0, 12.0, 15.0, 8.0, 26.0, 37.0, 19.0, 78.0, 1.0, 48.0, 34.0, 1.0, 13.0, 11.0, 1.0, 47.0, 1.0, 127.0, 1.0, 17.0, 33.0, 35.0, 3.0, 6.0, 8.0, 21.0, 40.0, 1.0, 103.0, 13.0, 19.0, 6.0, 15.0, 21.0, 25.0, 67.0, 129.0, 9.0, 69.0, 50.0, 31.0, 28.0, 12.0, 77.0, 216.0, 6.0, 1.0, 1.0, 5.0, 5.0, 12.0, 77.0, 22.0, 28.0, 183.0, 1.0, 17.0, 8.0, 84.0, 36.0, 7.0, 91.0, 10.0, 36.0, 5.0, 34.0, 6.0, 1.0, 30.0, 43.0, 42.0, 53.0, 38.0, 16.0, 30.0, 13.0, 72.0, 20.0, 34.0, 20.0, 118.0, 7.0, 49.0, 45.0, 13.0, 75.0, 24.0, 12.0, 6.0, 13.0, 113.0, 55.0, 1.0, 1.0, 12.0, 35.0, 20.0, 1.0, 11.0, 2.0, 32.0, 76.0, 1.0, 8.0, 21.0, 4.0, 118.0, 2.0, 32.0, 14.0, 54.0, 1.0, 14.0, 34.0, 99.0, 5.0, 75.0, 57.0, 14.0, 5.0, 28.0, 15.0, 7.0, 32.0, 50.0, 1.0, 1.0, 1.0, 26.0, 7.0, 32.0, 53.0, 53.0, 12.0, 1.0, 13.0, 1.0, 9.0, 9.0, 12.0, 38.0, 29.0, 13.0, 37.0, 71.0, 3.0, 46.0, 190.0, 25.0, 46.0, 41.0, 36.0, 31.0, 8.0, 12.0, 12.0, 48.0, 137.0, 30.0, 1.0, 10.0, 1.0, 12.0, 1.0, 142.0, 1.0, 1.0, 29.0, 8.0, 18.0, 51.0, 23.0, 18.0, 8.0, 9.0, 15.0, 82.0, 2.0, 23.0, 20.0, 21.0, 59.0, 34.0, 8.0, 47.0, 7.0, 22.0, 53.0, 34.0, 31.0, 6.0, 55.0, 6.0, 23.0, 86.0, 1.0, 31.0, 126.0, 2.0, 34.0, 50.0, 3.0, 28.0, 3.0, 2.0, 21.0, 66.0, 60.0, 39.0, 28.0, 8.0, 11.0, 21.0, 12.0, 1.0, 19.0, 30.0, 9.0, 128.0, 6.0, 15.0, 24.0, 3.0, 4.0, 6.0, 4.0, 46.0, 1.0, 204.0, 7.0, 42.0, 199.0, 6.0, 14.0, 20.0, 1.0, 18.0, 1.0, 4.0, 26.0, 34.0, 360.0, 63.0, 10.0, 108.0, 161.0, 46.0, 12.0, 18.0, 149.0, 1.0, 24.0, 8.0, 21.0, 41.0, 158.0, 21.0, 77.0, 3.0, 17.0, 37.0, 34.0, 1.0, 1.0, 10.0, 2.0, 66.0, 15.0, 10.0, 1.0, 42.0, 25.0, 33.0, 44.0, 8.0]
