avgTJ:  15.050403225806452
stdDvTJ:  14.510012759040434
avgTJ without 0:  16.0021436227224
stdDvTJ without 0:  14.443839661184517
maxTJ:  26.193548387096776
minTJ:  8.807692307692308

avgTT:  18.92787524366472
stdDvTT:  17.285433781698174
avgTT without 0:  18.92787524366472
stdDvTT without 0:  17.285433781698174
maxTT:  29.5
minTT:  8.6

avgTotT:  20.086648983200707
stdDvTotT:  19.040702251589845
avgTotT without 0:  20.633969118982744
stdDvTotT without 0:  19.00351696073747
maxTotT:  29.771428571428572
minTotT:  13.710526315789474

avgMGT:  15.050403225806452
stdDvMGT:  14.510012759040434
avgMGT without 0:  16.0021436227224
stdDvMGT without 0:  14.443839661184517
maxMGT:  26.193548387096776
minMGT:  8.807692307692308

avgSGT:  18.92787524366472
stdDvSGT:  17.285433781698174
avgSGT without 0:  18.92787524366472
stdDvSGT without 0:  17.285433781698174
maxSGT:  29.5
minSGT:  8.6

free lanes %:  36.140127388535035 %, number of free traverse:  2837 num of traverse 7850
number of times in traffic %:  13.095541401273886 %, numero di volte nel traffico:  1028 num of traverse 7850
not free passage %:  64.2547770700637 %, number of not free passage:  5044 num of traverse 7850
junction times
 [7.0, 20.0, 1.0, 10.0, 21.0, 16.0, 3.0, 16.0, 4.0, 9.0, 21.0, 7.0, 25.0, 32.0, 3.0, 8.0, 12.0, 27.0, 15.0, 32.0, 8.0, 8.0, 44.0, 38.0, 7.0, 1.0, 4.0, 9.0, 9.0, 10.0, 29.0, 12.0, 34.0, 2.0, 13.0, 6.0, 1.0, 4.0, 4.0, 5.0, 18.0, 40.0, 11.0, 14.0, 3.0, 6.0, 6.0, 3.0, 27.0, 12.0, 11.0, 21.0, 29.0, 23.0, 34.0, 3.0, 5.0, 87.0, 41.0, 6.0, 3.0, 14.0, 3.0, 32.0, 9.0, 11.0, 4.0, 28.0, 12.0, 3.0, 10.0, 8.0, 20.0, 16.0, 5.0, 9.0, 21.0, 44.0, 18.0, 23.0, 83.0, 8.0, 21.0, 13.0, 1.0, 4.0, 18.0, 40.0, 25.0, 8.0, 42.0, 60.0, 5.0, 36.0, 5.0, 15.0, 18.0, 2.0, 63.0, 10.0, 53.0, 31.0, 22.0, 1.0, 68.0, 19.0, 34.0, 21.0, 11.0, 5.0, 13.0, 4.0, 16.0, 26.0, 8.0, 6.0, 2.0, 40.0, 3.0, 6.0, 9.0, 8.0, 4.0, 9.0, 3.0, 28.0, 14.0, 64.0, 63.0, 10.0, 45.0, 4.0, 14.0, 8.0, 1.0, 8.0, 54.0, 1.0, 20.0, 16.0, 2.0, 30.0, 1.0, 1.0, 18.0, 3.0, 2.0, 3.0, 25.0, 92.0, 8.0, 4.0, 26.0, 11.0, 5.0, 1.0, 9.0, 10.0, 69.0, 17.0, 9.0, 20.0, 8.0, 16.0, 15.0, 11.0, 4.0, 1.0, 4.0, 27.0, 17.0, 19.0, 2.0, 4.0, 2.0, 3.0, 2.0, 21.0, 11.0, 18.0, 10.0, 8.0, 56.0, 11.0, 15.0, 8.0, 64.0, 15.0, 8.0, 12.0, 3.0, 11.0, 1.0, 72.0, 10.0, 23.0, 5.0, 49.0, 8.0, 2.0, 24.0, 2.0, 27.0, 8.0, 25.0, 5.0, 11.0, 7.0, 28.0, 20.0, 7.0, 12.0, 18.0, 13.0, 64.0, 5.0, 1.0, 7.0, 20.0, 62.0, 5.0, 4.0, 2.0, 3.0, 12.0, 39.0, 22.0, 20.0, 12.0, 21.0, 16.0, 1.0, 24.0, 54.0, 37.0, 7.0, 15.0, 19.0, 18.0, 2.0, 17.0, 7.0, 6.0, 8.0, 5.0, 16.0, 26.0, 12.0, 9.0, 15.0, 4.0, 8.0, 21.0, 5.0, 25.0, 17.0, 6.0, 62.0, 13.0, 3.0, 10.0, 15.0, 16.0, 4.0, 6.0, 21.0, 11.0, 19.0, 8.0, 5.0, 8.0, 60.0, 2.0, 27.0, 8.0, 3.0, 3.0, 5.0, 18.0, 26.0, 20.0, 13.0, 8.0, 13.0, 6.0, 4.0, 21.0, 10.0, 8.0, 26.0, 20.0, 2.0, 32.0, 9.0, 2.0, 22.0, 12.0, 44.0, 8.0, 11.0, 39.0, 5.0, 11.0, 20.0, 9.0, 1.0, 19.0, 17.0, 31.0, 32.0, 24.0, 9.0, 20.0, 50.0, 66.0, 51.0, 2.0, 9.0, 7.0, 76.0, 9.0, 1.0, 9.0, 4.0, 9.0, 4.0, 20.0, 8.0, 49.0, 4.0, 3.0, 32.0, 22.0, 14.0, 6.0, 7.0, 6.0, 3.0, 7.0, 13.0, 25.0, 6.0, 15.0, 13.0, 2.0, 11.0, 40.0, 10.0, 8.0, 20.0, 1.0, 9.0, 3.0, 3.0, 34.0, 11.0, 42.0, 17.0, 18.0, 15.0, 27.0, 10.0, 12.0, 24.0, 19.0, 49.0, 20.0, 28.0, 27.0, 26.0, 21.0, 23.0, 24.0, 10.0, 7.0, 17.0, 45.0, 10.0, 12.0, 28.0, 2.0, 18.0, 18.0, 30.0, 46.0, 3.0, 9.0, 8.0, 3.0, 57.0, 8.0, 21.0, 42.0, 29.0, 1.0, 39.0, 7.0, 3.0, 121.0, 12.0, 1.0, 9.0, 2.0, 27.0, 10.0, 7.0, 4.0, 28.0, 24.0, 1.0, 1.0, 60.0, 8.0, 19.0, 7.0, 6.0, 15.0, 2.0, 11.0, 12.0, 5.0, 23.0, 25.0, 9.0, 9.0, 1.0, 30.0, 4.0, 12.0, 23.0, 3.0, 14.0, 5.0, 32.0, 6.0, 22.0, 2.0, 27.0, 11.0, 1.0, 2.0, 23.0, 33.0, 33.0, 14.0, 22.0, 49.0, 17.0, 15.0, 10.0, 17.0, 5.0, 35.0, 20.0, 4.0, 19.0, 7.0, 8.0, 1.0, 1.0, 50.0, 3.0, 14.0, 3.0, 7.0, 13.0, 21.0, 16.0, 17.0, 3.0, 36.0, 2.0, 16.0, 90.0, 4.0, 26.0, 5.0, 11.0, 5.0, 6.0, 15.0, 10.0, 5.0, 9.0, 3.0, 7.0, 8.0, 20.0, 1.0, 20.0, 27.0, 19.0, 11.0, 14.0, 1.0, 32.0, 9.0, 19.0, 42.0, 4.0, 42.0, 14.0, 26.0, 19.0, 15.0, 10.0, 6.0, 14.0, 59.0, 9.0, 1.0, 22.0, 7.0, 1.0, 8.0, 4.0, 20.0, 10.0, 11.0, 6.0, 21.0, 16.0, 8.0, 8.0, 35.0, 26.0, 11.0, 6.0, 12.0, 11.0, 10.0, 31.0, 2.0, 47.0, 2.0, 6.0, 4.0, 18.0, 2.0, 41.0, 9.0, 15.0, 26.0, 28.0, 41.0, 2.0, 17.0, 1.0, 4.0, 11.0, 6.0, 7.0, 8.0, 1.0, 15.0, 4.0, 52.0, 11.0, 8.0, 42.0, 13.0, 17.0, 24.0, 8.0, 8.0, 33.0, 1.0, 20.0, 9.0, 15.0, 15.0, 17.0, 33.0, 2.0, 18.0, 20.0, 2.0, 21.0, 10.0, 43.0, 1.0, 15.0, 8.0, 73.0, 1.0, 1.0, 10.0, 24.0, 15.0, 14.0, 33.0, 2.0, 9.0, 3.0, 20.0, 15.0, 2.0, 6.0, 4.0, 8.0, 2.0, 38.0, 10.0, 1.0, 13.0, 4.0, 6.0, 10.0, 18.0, 20.0, 7.0, 28.0, 21.0, 68.0, 8.0, 20.0, 14.0, 6.0, 5.0, 7.0, 3.0, 7.0, 9.0, 5.0, 10.0, 4.0, 23.0, 5.0, 3.0, 21.0, 1.0, 31.0, 6.0, 18.0, 44.0, 3.0, 3.0, 10.0, 10.0, 5.0, 15.0, 1.0, 10.0, 1.0, 10.0, 8.0, 20.0, 3.0, 37.0, 19.0, 21.0, 8.0, 9.0, 3.0, 14.0, 8.0, 8.0, 6.0, 17.0, 22.0, 30.0, 35.0, 16.0, 18.0, 4.0, 19.0, 17.0, 9.0, 25.0, 25.0, 3.0, 36.0, 22.0, 37.0, 5.0, 3.0, 16.0, 28.0, 35.0, 4.0, 67.0, 16.0, 8.0, 2.0, 1.0, 5.0, 17.0, 11.0, 1.0, 17.0, 5.0, 24.0, 6.0, 30.0, 20.0, 29.0, 9.0, 15.0, 82.0, 4.0, 12.0, 9.0, 6.0, 8.0, 20.0, 5.0, 4.0, 10.0, 10.0, 8.0, 4.0, 8.0, 14.0, 6.0, 3.0, 10.0, 48.0, 7.0, 64.0, 10.0, 27.0, 20.0, 56.0, 28.0, 11.0, 7.0, 6.0, 1.0, 23.0, 6.0, 1.0, 33.0, 6.0, 24.0, 8.0, 10.0, 9.0, 20.0, 3.0, 6.0, 2.0, 2.0, 28.0, 2.0, 10.0, 1.0, 7.0, 20.0, 3.0, 4.0, 6.0, 18.0, 6.0, 10.0, 10.0, 1.0, 20.0, 11.0, 2.0, 11.0, 19.0, 31.0, 55.0, 9.0, 45.0, 21.0, 6.0, 12.0, 18.0, 18.0, 13.0, 4.0, 41.0, 2.0, 5.0, 37.0, 13.0, 8.0, 9.0, 12.0, 33.0, 26.0, 14.0, 9.0, 32.0, 7.0, 18.0, 12.0, 22.0, 41.0, 12.0, 3.0, 18.0, 24.0, 2.0, 3.0, 9.0, 19.0, 17.0, 5.0, 12.0, 28.0, 17.0, 29.0, 52.0, 21.0, 9.0, 6.0, 5.0, 11.0, 8.0, 3.0, 40.0, 5.0, 8.0, 16.0, 23.0, 9.0, 38.0, 4.0, 15.0, 18.0, 11.0, 8.0, 1.0, 2.0, 60.0, 21.0, 3.0, 21.0, 5.0, 26.0, 19.0, 5.0, 24.0, 6.0, 18.0, 15.0, 9.0, 1.0, 8.0, 3.0, 36.0, 3.0, 16.0, 13.0, 2.0, 36.0, 11.0, 12.0, 23.0, 60.0, 30.0, 13.0, 10.0, 21.0, 8.0, 17.0, 5.0, 81.0, 31.0, 8.0, 9.0, 15.0, 18.0, 3.0, 32.0, 12.0, 44.0, 3.0, 15.0, 29.0, 11.0, 11.0, 2.0, 8.0, 7.0, 11.0, 9.0, 5.0, 23.0, 1.0, 12.0, 3.0, 11.0, 20.0, 12.0, 12.0, 20.0, 9.0, 27.0, 6.0, 9.0, 37.0, 10.0, 7.0, 5.0, 5.0, 23.0, 1.0, 20.0, 4.0, 1.0, 12.0, 10.0, 9.0, 21.0, 19.0, 24.0, 2.0, 2.0, 49.0, 2.0, 31.0, 5.0, 1.0, 11.0, 5.0, 27.0, 4.0, 47.0, 31.0, 8.0, 9.0, 4.0, 11.0, 10.0, 23.0, 4.0, 2.0, 9.0, 11.0, 28.0, 14.0, 40.0, 13.0, 10.0, 20.0, 1.0, 11.0, 1.0, 13.0, 8.0, 2.0, 18.0, 5.0, 8.0, 32.0, 3.0, 1.0, 8.0, 7.0, 2.0, 11.0, 4.0, 31.0, 7.0, 21.0, 34.0, 21.0, 19.0, 26.0, 18.0, 22.0, 19.0, 2.0, 10.0, 12.0, 23.0, 7.0, 22.0, 7.0, 15.0, 1.0, 2.0, 9.0, 10.0, 13.0, 39.0, 20.0, 40.0, 1.0, 5.0, 9.0, 21.0, 84.0, 13.0, 13.0, 8.0, 9.0, 3.0, 21.0, 5.0, 25.0, 22.0, 17.0, 17.0, 7.0, 22.0, 34.0, 4.0, 3.0, 2.0, 15.0, 42.0, 28.0, 21.0, 16.0, 36.0, 1.0, 1.0, 33.0, 12.0, 8.0, 36.0, 22.0, 25.0, 10.0, 4.0, 11.0, 4.0, 25.0, 8.0, 34.0, 1.0, 21.0, 11.0, 29.0, 7.0, 2.0, 4.0, 8.0, 19.0, 3.0, 1.0, 4.0, 4.0, 23.0, 23.0, 3.0, 7.0, 22.0, 11.0, 50.0, 19.0, 3.0, 20.0, 10.0, 9.0, 15.0, 24.0, 10.0, 27.0, 1.0, 31.0, 18.0, 4.0, 26.0, 8.0, 13.0, 6.0, 6.0, 6.0, 8.0, 21.0, 5.0, 21.0, 6.0, 14.0, 9.0, 4.0, 3.0, 91.0, 22.0, 26.0, 16.0, 10.0, 6.0, 2.0, 30.0, 19.0, 1.0, 3.0, 23.0, 15.0, 15.0, 28.0, 8.0, 12.0, 23.0, 23.0, 7.0, 22.0, 8.0, 41.0, 41.0, 6.0, 31.0, 5.0, 14.0, 12.0, 19.0, 31.0, 11.0, 31.0, 24.0, 67.0, 26.0, 44.0, 2.0, 8.0, 42.0, 13.0, 33.0, 4.0, 10.0, 12.0, 9.0, 1.0, 4.0, 1.0, 5.0, 10.0, 18.0, 8.0, 8.0, 10.0, 19.0, 2.0, 2.0, 20.0, 13.0, 12.0, 3.0, 7.0, 5.0, 15.0, 3.0, 29.0, 11.0, 11.0, 1.0, 4.0, 4.0, 3.0, 6.0, 9.0, 5.0, 28.0, 11.0, 19.0, 10.0, 2.0, 60.0, 19.0, 2.0, 44.0, 10.0, 12.0, 9.0, 8.0, 18.0, 9.0, 20.0, 31.0, 3.0, 17.0, 37.0, 31.0, 42.0, 39.0, 5.0, 10.0, 22.0, 12.0, 27.0, 78.0, 9.0, 52.0, 21.0, 14.0, 10.0, 9.0, 29.0, 17.0, 1.0, 1.0, 6.0, 18.0, 22.0, 1.0, 17.0, 22.0, 30.0, 19.0, 15.0, 6.0, 1.0, 34.0, 61.0, 21.0, 6.0, 12.0, 10.0, 12.0, 3.0, 21.0, 10.0, 9.0, 16.0, 14.0, 55.0, 28.0, 9.0, 1.0, 14.0, 3.0, 21.0, 36.0, 25.0, 9.0, 33.0, 7.0, 5.0, 15.0, 4.0, 32.0, 13.0, 2.0, 5.0, 18.0, 9.0, 3.0, 2.0, 7.0, 24.0, 18.0, 8.0, 4.0, 7.0, 14.0, 4.0, 53.0, 45.0, 11.0, 21.0, 21.0, 8.0, 37.0, 18.0, 57.0, 8.0, 34.0, 12.0, 2.0, 1.0, 8.0, 48.0, 40.0, 39.0, 44.0, 31.0, 5.0, 9.0, 10.0, 20.0, 40.0, 19.0, 2.0, 20.0, 2.0, 19.0, 16.0, 6.0, 12.0, 36.0, 5.0, 12.0, 6.0, 9.0, 39.0, 17.0, 6.0, 24.0, 5.0, 33.0, 3.0, 78.0, 16.0, 32.0, 11.0, 11.0, 5.0, 8.0, 12.0, 3.0, 20.0, 27.0, 10.0, 21.0, 7.0, 21.0, 32.0, 8.0, 14.0, 14.0, 12.0, 10.0, 31.0, 11.0, 7.0, 5.0, 24.0, 2.0, 64.0, 25.0, 38.0, 12.0, 16.0, 23.0, 8.0, 41.0, 8.0, 18.0, 13.0, 21.0, 20.0, 2.0, 2.0, 11.0, 7.0, 31.0, 7.0, 20.0, 4.0, 3.0, 13.0, 7.0, 9.0, 14.0, 25.0, 14.0, 70.0, 14.0, 49.0, 6.0, 5.0, 3.0, 56.0, 4.0, 17.0, 4.0, 9.0, 4.0, 3.0, 11.0, 14.0, 26.0, 16.0, 19.0, 16.0, 12.0, 3.0, 1.0, 24.0, 8.0, 7.0, 16.0, 9.0, 1.0, 35.0, 25.0, 8.0, 12.0, 45.0, 8.0, 3.0, 49.0, 8.0, 2.0, 3.0, 20.0, 2.0, 1.0, 50.0, 13.0, 60.0, 17.0, 23.0, 19.0, 9.0, 10.0, 32.0, 11.0, 9.0, 6.0, 3.0, 2.0, 9.0, 14.0, 10.0, 4.0, 4.0, 17.0, 10.0, 9.0, 21.0, 9.0, 28.0, 33.0, 5.0, 9.0, 17.0, 17.0, 2.0, 6.0, 29.0, 8.0, 31.0, 13.0, 35.0, 18.0, 19.0, 13.0, 6.0, 10.0, 8.0, 2.0, 11.0, 7.0, 9.0, 6.0, 35.0, 37.0, 6.0, 9.0, 11.0, 47.0, 4.0, 6.0, 12.0, 4.0, 3.0, 3.0, 9.0, 10.0, 31.0, 2.0, 9.0, 9.0, 1.0, 14.0, 19.0, 22.0, 13.0, 2.0, 2.0, 10.0, 6.0, 29.0, 20.0, 2.0, 2.0, 6.0, 2.0, 3.0, 4.0, 23.0, 9.0, 23.0, 19.0, 25.0, 21.0, 21.0, 11.0, 17.0, 11.0, 19.0, 11.0, 4.0, 2.0, 4.0, 21.0, 9.0, 26.0, 11.0, 15.0, 20.0, 48.0, 13.0, 33.0, 26.0, 27.0, 1.0, 22.0, 35.0, 14.0, 12.0, 9.0, 14.0, 50.0, 11.0, 5.0, 40.0, 3.0, 9.0, 11.0, 19.0, 6.0, 1.0, 13.0, 13.0, 25.0, 19.0, 23.0, 10.0, 18.0, 1.0, 6.0, 65.0, 7.0, 9.0, 19.0, 16.0, 26.0, 41.0, 31.0, 1.0, 6.0, 14.0, 2.0, 15.0, 7.0, 1.0, 25.0, 39.0, 20.0, 11.0, 50.0, 8.0, 1.0, 7.0, 22.0, 13.0, 2.0, 4.0, 22.0, 27.0, 19.0, 22.0, 32.0, 11.0, 9.0, 17.0, 3.0, 21.0, 32.0, 14.0, 24.0, 22.0, 10.0, 4.0, 10.0, 50.0, 17.0, 24.0, 17.0, 38.0, 14.0, 19.0, 9.0, 1.0, 18.0, 1.0, 26.0, 4.0, 8.0, 7.0, 11.0, 12.0, 26.0, 10.0, 13.0, 49.0, 10.0, 12.0, 24.0, 2.0, 21.0, 22.0, 36.0, 9.0, 5.0, 4.0, 1.0, 8.0, 31.0, 1.0, 8.0, 29.0, 12.0, 8.0, 4.0, 72.0, 1.0, 27.0, 10.0, 21.0, 10.0, 8.0, 16.0, 26.0, 45.0, 26.0, 16.0, 2.0, 5.0, 4.0, 4.0, 10.0, 7.0, 1.0, 10.0, 1.0, 45.0, 7.0, 9.0, 16.0, 32.0, 20.0, 8.0, 16.0, 12.0, 23.0, 41.0, 7.0, 11.0, 13.0, 44.0, 18.0, 9.0, 12.0, 36.0, 4.0, 1.0, 2.0, 12.0, 14.0, 19.0, 42.0, 46.0, 10.0, 5.0, 16.0, 6.0, 48.0, 4.0, 44.0, 9.0, 2.0, 10.0, 1.0, 19.0, 7.0, 24.0, 9.0, 15.0, 12.0, 3.0, 11.0, 22.0, 6.0, 9.0, 27.0, 9.0, 48.0, 2.0, 5.0, 8.0, 24.0, 7.0, 21.0, 15.0, 4.0, 15.0, 19.0, 13.0, 15.0, 20.0, 4.0, 14.0, 23.0, 12.0, 2.0, 18.0, 2.0, 21.0, 14.0, 5.0, 61.0, 21.0, 18.0, 26.0, 18.0, 3.0, 14.0, 23.0, 8.0, 6.0, 11.0, 38.0, 7.0, 4.0, 10.0, 10.0, 7.0, 2.0, 22.0, 17.0, 5.0, 9.0, 1.0, 1.0, 11.0, 10.0, 2.0, 26.0, 26.0, 9.0, 11.0, 10.0, 7.0, 15.0, 7.0, 9.0, 10.0, 1.0, 45.0, 10.0, 5.0, 57.0, 4.0, 19.0, 9.0, 10.0, 15.0, 24.0, 1.0, 33.0, 26.0, 20.0, 15.0, 4.0, 15.0, 35.0, 9.0, 1.0, 57.0, 3.0, 36.0, 4.0, 8.0, 9.0, 18.0, 10.0, 29.0, 11.0, 1.0, 5.0, 22.0, 2.0, 24.0, 26.0, 15.0, 11.0, 48.0, 11.0, 2.0, 19.0, 4.0, 11.0, 5.0, 1.0, 44.0, 5.0, 17.0, 10.0, 1.0, 23.0, 9.0, 39.0, 26.0, 31.0, 16.0, 9.0, 12.0, 17.0, 20.0, 8.0, 8.0, 5.0, 12.0, 6.0, 3.0, 15.0, 22.0, 22.0, 8.0, 1.0, 12.0, 2.0, 1.0, 30.0, 1.0, 19.0, 6.0, 19.0, 17.0, 45.0, 39.0, 14.0, 7.0, 15.0, 2.0, 33.0, 26.0, 28.0, 2.0, 4.0, 52.0, 1.0, 12.0, 2.0, 12.0, 34.0, 26.0, 54.0, 23.0, 37.0, 4.0, 25.0, 5.0, 78.0, 32.0, 3.0, 65.0, 15.0, 19.0, 8.0, 6.0, 40.0, 3.0, 25.0, 33.0, 9.0, 71.0, 31.0, 22.0, 52.0, 46.0, 9.0, 19.0, 4.0, 6.0, 13.0, 23.0, 28.0, 6.0, 10.0, 10.0, 4.0, 40.0, 16.0, 20.0, 17.0, 8.0, 73.0, 3.0, 5.0, 8.0, 17.0, 28.0, 16.0, 9.0, 7.0, 9.0, 6.0, 1.0, 42.0, 36.0, 1.0, 9.0, 15.0, 2.0, 27.0, 12.0, 28.0, 35.0, 12.0, 29.0, 3.0, 35.0, 19.0, 10.0, 11.0, 10.0, 10.0, 27.0, 2.0, 12.0, 5.0, 10.0, 42.0, 8.0, 16.0, 24.0, 8.0, 22.0, 21.0, 20.0, 40.0, 1.0, 20.0, 25.0, 26.0, 1.0, 11.0, 15.0, 7.0, 24.0, 9.0, 25.0, 20.0, 21.0, 24.0, 11.0, 9.0, 12.0, 24.0, 4.0, 18.0, 28.0, 14.0, 4.0, 1.0, 20.0, 16.0, 49.0, 5.0, 26.0, 1.0, 6.0, 44.0, 10.0, 16.0, 9.0, 1.0, 10.0, 2.0, 13.0, 7.0, 4.0, 11.0, 35.0, 14.0, 10.0, 29.0, 39.0, 5.0, 48.0, 4.0, 25.0, 2.0, 7.0, 5.0, 20.0, 9.0, 1.0, 9.0, 9.0, 56.0, 3.0, 14.0, 10.0, 18.0, 8.0, 77.0, 76.0, 12.0, 11.0, 6.0, 26.0, 8.0, 24.0, 15.0, 6.0, 6.0, 20.0, 86.0, 1.0, 54.0, 24.0, 17.0, 1.0, 4.0, 44.0, 10.0, 8.0, 17.0, 1.0, 22.0, 7.0, 5.0, 2.0, 15.0, 28.0, 2.0, 19.0, 4.0, 19.0, 54.0, 9.0, 13.0, 12.0, 4.0, 9.0, 9.0, 19.0, 10.0, 14.0, 20.0, 8.0, 28.0, 43.0, 8.0, 14.0, 30.0, 10.0, 11.0, 10.0, 3.0, 20.0, 5.0, 1.0, 22.0, 8.0, 12.0, 9.0, 1.0, 11.0, 6.0, 17.0, 16.0, 4.0, 2.0, 14.0, 10.0, 15.0, 23.0, 29.0, 1.0, 56.0, 20.0, 20.0, 55.0, 1.0, 6.0, 33.0, 13.0, 18.0, 27.0, 6.0, 12.0, 5.0, 12.0, 3.0, 6.0, 15.0, 39.0, 3.0, 22.0, 7.0, 12.0, 14.0, 54.0, 8.0, 6.0, 8.0, 18.0, 5.0, 6.0, 7.0, 24.0, 16.0, 14.0, 5.0, 13.0, 23.0, 5.0, 1.0, 10.0, 24.0, 21.0, 21.0, 14.0, 12.0, 14.0, 28.0, 50.0, 14.0, 44.0, 10.0, 18.0, 27.0, 10.0, 11.0, 29.0, 25.0, 9.0, 22.0, 22.0, 33.0, 5.0, 21.0, 6.0, 7.0, 15.0, 5.0, 11.0, 42.0, 9.0, 9.0, 8.0, 8.0, 54.0, 6.0, 12.0, 5.0, 25.0, 7.0, 31.0, 3.0, 12.0, 13.0, 22.0, 2.0, 19.0, 29.0, 10.0, 22.0, 2.0, 3.0, 4.0, 41.0, 11.0, 3.0, 15.0, 7.0, 9.0, 8.0, 25.0, 11.0, 9.0, 37.0, 7.0, 9.0, 32.0, 20.0, 1.0, 8.0, 10.0, 30.0, 1.0, 30.0, 19.0, 5.0, 26.0, 17.0, 31.0, 11.0, 14.0, 17.0, 10.0, 33.0, 10.0, 7.0, 8.0, 8.0, 7.0, 23.0, 24.0, 24.0, 7.0, 5.0, 28.0, 17.0, 6.0, 13.0, 49.0, 9.0, 26.0, 8.0, 30.0, 22.0, 6.0, 5.0, 5.0, 11.0, 86.0, 36.0, 4.0, 4.0, 42.0, 5.0, 10.0, 7.0, 17.0, 4.0, 33.0, 23.0, 6.0, 15.0, 14.0, 29.0, 26.0, 21.0, 6.0, 8.0, 10.0, 17.0, 22.0, 1.0, 50.0, 10.0, 6.0, 2.0, 8.0, 10.0, 3.0, 3.0, 24.0, 50.0, 50.0, 14.0, 1.0, 10.0, 19.0, 5.0, 3.0, 11.0, 18.0, 13.0, 17.0, 1.0, 32.0, 6.0, 17.0, 36.0, 12.0, 13.0, 34.0, 36.0, 10.0, 6.0, 6.0, 4.0, 10.0, 3.0, 19.0, 10.0, 23.0, 21.0, 2.0, 31.0, 12.0, 9.0, 11.0, 31.0, 3.0, 4.0, 16.0, 27.0, 13.0, 8.0, 9.0, 79.0, 7.0, 8.0, 7.0, 5.0, 1.0, 10.0, 46.0, 10.0, 17.0, 25.0, 6.0, 11.0, 17.0, 8.0, 16.0, 35.0, 9.0, 22.0, 1.0, 12.0, 15.0, 8.0, 11.0, 2.0, 14.0, 15.0, 20.0, 9.0, 6.0, 4.0, 15.0, 6.0, 5.0, 10.0, 33.0, 6.0, 26.0, 7.0, 11.0, 64.0, 35.0, 19.0, 11.0, 8.0, 20.0, 4.0, 9.0, 45.0, 20.0, 8.0, 11.0, 4.0, 8.0, 5.0, 8.0, 9.0, 6.0, 25.0, 23.0, 21.0, 8.0, 15.0, 17.0, 1.0, 9.0, 9.0, 14.0, 6.0, 52.0, 14.0, 11.0, 12.0, 17.0, 10.0, 6.0, 5.0, 22.0, 5.0, 15.0, 33.0, 5.0, 5.0, 8.0, 4.0, 1.0, 39.0, 18.0, 11.0, 1.0, 26.0, 6.0, 19.0, 4.0, 6.0, 16.0, 1.0, 41.0, 26.0, 11.0, 1.0, 21.0, 11.0, 8.0, 3.0, 7.0, 1.0, 6.0, 10.0, 9.0, 5.0, 2.0, 2.0, 8.0, 31.0, 52.0, 16.0, 41.0, 39.0, 9.0, 3.0, 57.0, 39.0, 57.0, 21.0, 11.0, 1.0, 1.0, 32.0, 22.0, 74.0, 21.0, 5.0, 4.0, 7.0, 8.0, 20.0, 6.0, 4.0, 17.0, 33.0, 35.0, 9.0, 12.0, 4.0, 7.0, 7.0, 6.0, 16.0, 3.0, 34.0, 6.0, 45.0, 5.0, 3.0, 24.0, 12.0, 32.0, 11.0, 35.0, 8.0, 12.0, 9.0, 17.0, 9.0, 4.0, 20.0, 11.0, 36.0, 1.0, 1.0, 25.0, 11.0, 10.0, 19.0, 31.0, 13.0, 28.0, 9.0, 23.0, 2.0, 6.0, 12.0, 17.0, 21.0, 8.0, 18.0, 9.0, 2.0, 24.0, 19.0, 2.0, 10.0, 6.0, 18.0, 4.0, 53.0, 16.0, 29.0, 9.0, 22.0, 33.0, 15.0, 1.0, 4.0, 12.0, 9.0, 41.0, 3.0, 10.0, 30.0, 9.0, 4.0, 1.0, 16.0, 57.0, 46.0, 9.0, 2.0, 9.0, 10.0, 33.0, 60.0, 10.0, 5.0, 1.0, 27.0, 12.0, 6.0, 16.0, 17.0, 14.0, 7.0, 40.0, 21.0, 29.0, 4.0, 18.0, 8.0, 21.0, 3.0, 20.0, 1.0, 7.0, 6.0, 15.0, 3.0, 37.0, 17.0, 5.0, 13.0, 27.0, 12.0, 2.0, 10.0, 25.0, 1.0, 8.0, 3.0, 14.0, 29.0, 11.0, 21.0, 3.0, 29.0, 10.0, 21.0, 8.0, 13.0, 1.0, 23.0, 3.0, 6.0, 19.0, 9.0, 20.0, 6.0, 6.0, 11.0, 4.0, 12.0, 22.0, 11.0, 3.0, 18.0, 11.0, 13.0, 26.0, 44.0, 3.0, 28.0, 7.0, 48.0, 23.0, 8.0, 21.0, 25.0, 18.0, 2.0, 5.0, 16.0, 30.0, 30.0, 19.0, 25.0, 1.0, 8.0, 20.0, 41.0, 4.0, 1.0, 7.0, 17.0, 17.0, 37.0, 1.0, 20.0, 3.0, 7.0, 5.0, 9.0, 3.0, 18.0, 32.0, 2.0, 41.0, 5.0, 2.0, 2.0, 26.0, 39.0, 2.0, 11.0, 8.0, 1.0, 5.0, 21.0, 61.0, 20.0, 19.0, 11.0, 2.0, 21.0, 3.0, 8.0, 11.0, 13.0, 10.0, 13.0, 9.0, 3.0, 35.0, 17.0, 16.0, 33.0, 29.0, 6.0, 38.0, 21.0, 15.0, 3.0, 39.0, 9.0, 1.0, 12.0, 21.0, 24.0, 13.0, 15.0, 26.0, 41.0, 7.0, 5.0, 6.0, 17.0, 4.0, 10.0, 25.0, 34.0, 45.0, 11.0, 22.0, 28.0, 11.0, 85.0, 4.0, 21.0, 38.0, 11.0, 11.0, 15.0, 20.0, 6.0, 3.0, 7.0, 8.0, 6.0, 1.0, 16.0, 7.0, 6.0, 8.0, 12.0, 20.0, 3.0, 48.0, 41.0, 11.0, 19.0, 4.0, 50.0, 23.0, 52.0, 19.0, 6.0, 18.0, 19.0, 11.0, 19.0, 11.0, 26.0, 28.0, 13.0, 11.0, 18.0, 7.0, 2.0, 6.0, 13.0, 5.0, 17.0, 54.0, 3.0, 3.0, 3.0, 6.0, 75.0, 20.0, 3.0, 2.0, 10.0, 8.0, 8.0, 11.0, 4.0, 9.0, 23.0, 9.0, 11.0, 33.0, 55.0, 54.0, 30.0, 10.0, 10.0, 25.0, 2.0, 8.0, 1.0, 5.0, 4.0, 4.0, 15.0, 22.0, 17.0, 4.0, 9.0, 18.0, 5.0, 8.0, 13.0, 7.0, 15.0, 11.0, 6.0, 29.0, 19.0, 1.0, 35.0, 5.0, 18.0, 8.0, 8.0, 18.0, 20.0, 50.0, 2.0, 4.0, 28.0, 13.0, 13.0, 6.0, 4.0, 7.0, 10.0, 10.0, 10.0, 49.0, 14.0, 4.0, 2.0, 23.0, 40.0, 2.0, 8.0, 20.0, 1.0, 28.0, 3.0, 22.0, 10.0, 19.0, 9.0, 8.0] 

traffic times
 [12.0, 46.0, 21.0, 5.0, 16.0, 11.0, 9.0, 14.0, 21.0, 37.0, 4.0, 15.0, 16.0, 12.0, 4.0, 30.0, 47.0, 2.0, 21.0, 41.0, 26.0, 22.0, 20.0, 11.0, 34.0, 3.0, 13.0, 8.0, 5.0, 12.0, 8.0, 20.0, 13.0, 12.0, 27.0, 3.0, 16.0, 17.0, 15.0, 21.0, 5.0, 23.0, 23.0, 14.0, 1.0, 12.0, 17.0, 43.0, 15.0, 37.0, 1.0, 32.0, 9.0, 5.0, 53.0, 15.0, 17.0, 1.0, 8.0, 6.0, 11.0, 3.0, 13.0, 26.0, 38.0, 41.0, 28.0, 11.0, 32.0, 17.0, 32.0, 24.0, 9.0, 16.0, 10.0, 11.0, 1.0, 21.0, 28.0, 1.0, 11.0, 7.0, 9.0, 20.0, 41.0, 18.0, 7.0, 10.0, 7.0, 2.0, 12.0, 12.0, 36.0, 25.0, 29.0, 6.0, 1.0, 5.0, 2.0, 30.0, 29.0, 62.0, 15.0, 35.0, 14.0, 37.0, 13.0, 5.0, 2.0, 22.0, 25.0, 17.0, 2.0, 33.0, 31.0, 38.0, 21.0, 87.0, 24.0, 10.0, 12.0, 9.0, 16.0, 12.0, 15.0, 13.0, 25.0, 1.0, 16.0, 66.0, 33.0, 10.0, 18.0, 12.0, 20.0, 17.0, 56.0, 8.0, 12.0, 8.0, 19.0, 47.0, 15.0, 29.0, 28.0, 13.0, 45.0, 1.0, 27.0, 18.0, 25.0, 21.0, 30.0, 8.0, 18.0, 25.0, 9.0, 23.0, 17.0, 22.0, 22.0, 14.0, 1.0, 13.0, 11.0, 7.0, 29.0, 12.0, 6.0, 9.0, 79.0, 61.0, 66.0, 1.0, 5.0, 32.0, 6.0, 36.0, 11.0, 1.0, 8.0, 26.0, 40.0, 35.0, 9.0, 11.0, 4.0, 3.0, 12.0, 9.0, 9.0, 54.0, 80.0, 37.0, 8.0, 22.0, 4.0, 1.0, 12.0, 5.0, 6.0, 3.0, 10.0, 5.0, 11.0, 48.0, 22.0, 27.0, 9.0, 32.0, 2.0, 16.0, 2.0, 84.0, 12.0, 4.0, 20.0, 9.0, 21.0, 24.0, 61.0, 42.0, 20.0, 7.0, 14.0, 7.0, 29.0, 5.0, 8.0, 22.0, 6.0, 6.0, 21.0, 3.0, 39.0, 74.0, 10.0, 28.0, 14.0, 2.0, 18.0, 15.0, 23.0, 6.0, 27.0, 1.0, 13.0, 53.0, 20.0, 21.0, 42.0, 16.0, 17.0, 21.0, 10.0, 54.0, 2.0, 18.0, 24.0, 32.0, 20.0, 23.0, 7.0, 32.0, 1.0, 22.0, 5.0, 15.0, 61.0, 1.0, 9.0, 11.0, 6.0, 22.0, 13.0, 7.0, 12.0, 30.0, 8.0, 23.0, 35.0, 24.0, 31.0, 9.0, 4.0, 54.0, 2.0, 1.0, 6.0, 7.0, 47.0, 17.0, 38.0, 4.0, 11.0, 5.0, 17.0, 5.0, 14.0, 6.0, 6.0, 21.0, 45.0, 12.0, 1.0, 6.0, 13.0, 5.0, 29.0, 10.0, 17.0, 33.0, 1.0, 9.0, 35.0, 24.0, 9.0, 39.0, 2.0, 42.0, 8.0, 5.0, 11.0, 16.0, 11.0, 10.0, 26.0, 35.0, 1.0, 47.0, 19.0, 1.0, 17.0, 4.0, 3.0, 59.0, 12.0, 22.0, 47.0, 16.0, 30.0, 10.0, 12.0, 19.0, 14.0, 4.0, 11.0, 7.0, 2.0, 12.0, 24.0, 16.0, 1.0, 15.0, 26.0, 19.0, 3.0, 5.0, 22.0, 1.0, 25.0, 23.0, 29.0, 25.0, 34.0, 19.0, 1.0, 33.0, 27.0, 5.0, 34.0, 8.0, 10.0, 9.0, 44.0, 15.0, 7.0, 14.0, 35.0, 1.0, 54.0, 20.0, 5.0, 17.0, 43.0, 2.0, 28.0, 21.0, 18.0, 23.0, 2.0, 57.0, 28.0, 25.0, 27.0, 26.0, 11.0, 23.0, 22.0, 20.0, 27.0, 1.0, 23.0, 31.0, 52.0, 70.0, 13.0, 19.0, 54.0, 1.0, 15.0, 3.0, 17.0, 19.0, 16.0, 2.0, 7.0, 42.0, 5.0, 17.0, 37.0, 15.0, 14.0, 51.0, 8.0, 44.0, 10.0, 2.0, 134.0, 31.0, 5.0, 14.0, 4.0, 16.0, 1.0, 5.0, 36.0, 62.0, 5.0, 3.0, 36.0, 4.0, 11.0, 38.0, 15.0, 1.0, 18.0, 6.0, 1.0, 11.0, 46.0, 1.0, 19.0, 30.0, 40.0, 16.0, 25.0, 19.0, 21.0, 44.0, 6.0, 18.0, 4.0, 34.0, 3.0, 12.0, 11.0, 47.0, 12.0, 48.0, 14.0, 22.0, 18.0, 20.0, 78.0, 19.0, 4.0, 4.0, 8.0, 8.0, 20.0, 1.0, 57.0, 48.0, 8.0, 2.0, 16.0, 4.0, 10.0, 30.0, 19.0, 32.0, 3.0, 2.0, 4.0, 2.0, 5.0, 2.0, 30.0, 19.0, 10.0, 14.0, 89.0, 30.0, 5.0, 30.0, 1.0, 8.0, 23.0, 5.0, 2.0, 16.0, 20.0, 52.0, 11.0, 47.0, 7.0, 24.0, 29.0, 25.0, 8.0, 22.0, 9.0, 15.0, 29.0, 15.0, 7.0, 9.0, 1.0, 18.0, 12.0, 11.0, 5.0, 1.0, 58.0, 33.0, 37.0, 5.0, 18.0, 30.0, 15.0, 6.0, 27.0, 18.0, 4.0, 10.0, 35.0, 28.0, 10.0, 50.0, 1.0, 6.0, 13.0, 10.0, 14.0, 15.0, 47.0, 6.0, 1.0, 87.0, 15.0, 11.0, 5.0, 9.0, 46.0, 22.0, 6.0, 1.0, 12.0, 75.0, 24.0, 7.0, 3.0, 21.0, 15.0, 21.0, 1.0, 18.0, 25.0, 15.0, 11.0, 15.0, 5.0, 1.0, 1.0, 22.0, 11.0, 8.0, 12.0, 1.0, 16.0, 59.0, 1.0, 16.0, 27.0, 15.0, 3.0, 3.0, 103.0, 53.0, 36.0, 9.0, 6.0, 16.0, 28.0, 2.0, 3.0, 10.0, 12.0, 30.0, 1.0, 27.0, 39.0, 6.0, 28.0, 14.0, 3.0, 39.0, 38.0, 13.0, 17.0, 130.0, 67.0, 26.0, 5.0, 51.0, 4.0, 11.0, 1.0, 21.0, 32.0, 25.0, 10.0, 10.0, 41.0, 6.0, 19.0, 1.0, 25.0, 16.0, 2.0, 13.0, 31.0, 31.0, 9.0, 5.0, 2.0, 1.0, 36.0, 14.0, 37.0, 2.0, 52.0, 52.0, 1.0, 6.0, 34.0, 10.0, 12.0, 7.0, 18.0, 3.0, 26.0, 3.0, 4.0, 16.0, 34.0, 45.0, 1.0, 1.0, 26.0, 2.0, 20.0, 12.0, 29.0, 9.0, 8.0, 7.0, 10.0, 10.0, 9.0, 27.0, 3.0, 2.0, 1.0, 13.0, 15.0, 29.0, 15.0, 17.0, 5.0, 6.0, 8.0, 17.0, 7.0, 18.0, 3.0, 14.0, 23.0, 17.0, 49.0, 15.0, 8.0, 8.0, 7.0, 1.0, 16.0, 5.0, 44.0, 19.0, 38.0, 28.0, 5.0, 11.0, 29.0, 19.0, 60.0, 33.0, 1.0, 12.0, 82.0, 11.0, 1.0, 24.0, 47.0, 18.0, 4.0, 20.0, 35.0, 1.0, 25.0, 78.0, 18.0, 16.0, 20.0, 20.0, 42.0, 1.0, 20.0, 15.0, 1.0, 48.0, 64.0, 16.0, 2.0, 14.0, 35.0, 16.0, 3.0, 8.0, 12.0, 7.0, 7.0, 9.0, 22.0, 4.0, 38.0, 36.0, 6.0, 26.0, 5.0, 91.0, 2.0, 15.0, 7.0, 23.0, 33.0, 4.0, 59.0, 21.0, 24.0, 13.0, 24.0, 3.0, 7.0, 6.0, 11.0, 50.0, 21.0, 14.0, 21.0, 2.0, 2.0, 5.0, 13.0, 18.0, 32.0, 13.0, 4.0, 11.0, 3.0, 12.0, 56.0, 7.0, 7.0, 1.0, 10.0, 54.0, 20.0, 14.0, 21.0, 7.0, 8.0, 1.0, 5.0, 27.0, 15.0, 22.0, 24.0, 45.0, 8.0, 17.0, 14.0, 2.0, 1.0, 18.0, 15.0, 7.0, 11.0, 28.0, 1.0, 19.0, 36.0, 12.0, 17.0, 4.0, 1.0, 7.0, 70.0, 60.0, 10.0, 17.0, 14.0, 26.0, 22.0, 10.0, 4.0, 1.0, 43.0, 21.0, 45.0, 32.0, 6.0, 7.0, 15.0, 6.0, 3.0, 7.0, 6.0, 19.0, 14.0, 27.0, 23.0, 3.0, 7.0, 33.0, 22.0, 4.0, 3.0, 20.0, 1.0, 14.0, 10.0, 63.0, 37.0, 22.0, 24.0, 36.0, 21.0, 11.0, 29.0, 13.0, 24.0, 2.0, 28.0, 21.0, 6.0, 1.0, 6.0, 10.0, 1.0, 18.0, 4.0, 16.0, 14.0, 15.0, 19.0, 1.0, 60.0, 24.0, 14.0, 5.0, 36.0, 12.0, 8.0, 75.0, 18.0, 25.0, 1.0, 40.0, 3.0, 14.0, 29.0, 10.0, 75.0, 31.0, 42.0, 9.0, 13.0, 12.0, 12.0, 8.0, 14.0, 6.0, 11.0, 7.0, 17.0, 6.0, 20.0, 1.0, 7.0, 3.0, 1.0, 11.0, 7.0, 42.0, 30.0, 69.0, 43.0, 20.0, 32.0, 26.0, 2.0, 39.0, 9.0, 6.0, 5.0, 23.0, 22.0, 14.0, 10.0, 27.0, 21.0, 14.0, 13.0, 19.0, 1.0, 5.0, 3.0, 30.0, 12.0, 16.0, 9.0, 19.0, 53.0, 13.0, 13.0, 21.0, 2.0, 14.0, 12.0, 34.0, 11.0, 22.0, 10.0, 4.0, 19.0, 20.0, 1.0, 14.0, 1.0, 12.0, 46.0, 19.0, 13.0, 10.0, 28.0, 40.0, 1.0, 22.0, 51.0, 13.0, 8.0, 6.0, 8.0, 4.0, 9.0, 6.0, 7.0, 15.0, 10.0, 26.0, 9.0, 58.0, 5.0, 1.0, 36.0, 55.0, 12.0, 43.0, 15.0, 9.0, 13.0, 3.0, 23.0, 2.0, 16.0, 4.0, 19.0, 13.0, 14.0, 11.0, 24.0, 17.0, 44.0, 23.0, 2.0, 18.0, 41.0, 101.0, 8.0, 61.0, 10.0, 16.0, 9.0, 10.0] 

total times
 [20.0, 7.0, 20.0, 56.0, 10.0, 21.0, 16.0, 3.0, 16.0, 25.0, 14.0, 21.0, 7.0, 25.0, 32.0, 16.0, 3.0, 8.0, 12.0, 27.0, 15.0, 32.0, 8.0, 8.0, 44.0, 38.0, 7.0, 1.0, 4.0, 9.0, 28.0, 13.0, 10.0, 29.0, 12.0, 58.0, 24.0, 39.0, 8.0, 18.0, 13.0, 6.0, 1.0, 4.0, 16.0, 4.0, 5.0, 18.0, 40.0, 11.0, 12.0, 14.0, 12.0, 3.0, 6.0, 6.0, 3.0, 27.0, 12.0, 11.0, 21.0, 67.0, 78.0, 34.0, 5.0, 5.0, 87.0, 30.0, 82.0, 32.0, 3.0, 14.0, 3.0, 32.0, 9.0, 11.0, 25.0, 4.0, 28.0, 40.0, 17.0, 3.0, 10.0, 34.0, 8.0, 23.0, 39.0, 5.0, 9.0, 21.0, 44.0, 18.0, 23.0, 83.0, 8.0, 29.0, 13.0, 5.0, 1.0, 4.0, 12.0, 18.0, 40.0, 25.0, 8.0, 57.0, 60.0, 5.0, 36.0, 5.0, 15.0, 27.0, 18.0, 2.0, 63.0, 10.0, 53.0, 21.0, 52.0, 22.0, 1.0, 28.0, 71.0, 35.0, 34.0, 25.0, 21.0, 15.0, 11.0, 25.0, 5.0, 13.0, 4.0, 31.0, 49.0, 8.0, 6.0, 2.0, 70.0, 3.0, 6.0, 9.0, 22.0, 4.0, 10.0, 16.0, 3.0, 28.0, 19.0, 14.0, 44.0, 64.0, 63.0, 10.0, 60.0, 4.0, 59.0, 8.0, 2.0, 8.0, 86.0, 1.0, 18.0, 5.0, 20.0, 69.0, 2.0, 30.0, 1.0, 1.0, 18.0, 3.0, 2.0, 3.0, 50.0, 109.0, 8.0, 4.0, 26.0, 11.0, 5.0, 1.0, 10.0, 10.0, 69.0, 17.0, 9.0, 20.0, 11.0, 8.0, 10.0, 14.0, 16.0, 15.0, 7.0, 11.0, 17.0, 1.0, 4.0, 27.0, 17.0, 45.0, 2.0, 43.0, 4.0, 41.0, 30.0, 3.0, 2.0, 13.0, 21.0, 11.0, 18.0, 10.0, 8.0, 88.0, 11.0, 15.0, 8.0, 64.0, 17.0, 15.0, 8.0, 12.0, 35.0, 11.0, 28.0, 19.0, 16.0, 72.0, 29.0, 23.0, 5.0, 49.0, 11.0, 8.0, 2.0, 34.0, 23.0, 31.0, 37.0, 8.0, 25.0, 11.0, 5.0, 11.0, 7.0, 28.0, 20.0, 7.0, 12.0, 18.0, 13.0, 71.0, 18.0, 5.0, 1.0, 7.0, 23.0, 20.0, 111.0, 5.0, 4.0, 2.0, 3.0, 27.0, 12.0, 39.0, 22.0, 20.0, 12.0, 21.0, 16.0, 7.0, 11.0, 24.0, 54.0, 37.0, 7.0, 31.0, 19.0, 18.0, 2.0, 17.0, 2.0, 7.0, 18.0, 8.0, 5.0, 16.0, 26.0, 12.0, 15.0, 36.0, 9.0, 15.0, 4.0, 43.0, 21.0, 5.0, 29.0, 25.0, 23.0, 6.0, 62.0, 13.0, 3.0, 10.0, 16.0, 16.0, 5.0, 4.0, 6.0, 21.0, 11.0, 19.0, 8.0, 5.0, 20.0, 90.0, 2.0, 31.0, 27.0, 8.0, 3.0, 3.0, 5.0, 80.0, 26.0, 20.0, 13.0, 15.0, 52.0, 13.0, 6.0, 18.0, 21.0, 40.0, 10.0, 8.0, 26.0, 33.0, 2.0, 32.0, 9.0, 7.0, 22.0, 2.0, 34.0, 25.0, 44.0, 8.0, 11.0, 39.0, 5.0, 11.0, 20.0, 21.0, 9.0, 1.0, 10.0, 19.0, 17.0, 31.0, 73.0, 24.0, 50.0, 20.0, 50.0, 66.0, 89.0, 2.0, 9.0, 7.0, 76.0, 9.0, 1.0, 9.0, 4.0, 9.0, 4.0, 46.0, 93.0, 24.0, 8.0, 49.0, 4.0, 14.0, 14.0, 18.0, 32.0, 45.0, 14.0, 6.0, 7.0, 6.0, 3.0, 27.0, 13.0, 40.0, 13.0, 6.0, 40.0, 13.0, 2.0, 21.0, 19.0, 67.0, 73.0, 10.0, 10.0, 8.0, 20.0, 1.0, 9.0, 3.0, 3.0, 34.0, 37.0, 42.0, 17.0, 18.0, 16.0, 15.0, 20.0, 27.0, 10.0, 12.0, 41.0, 75.0, 57.0, 12.0, 20.0, 28.0, 8.0, 27.0, 26.0, 21.0, 23.0, 52.0, 10.0, 7.0, 17.0, 45.0, 10.0, 67.0, 28.0, 22.0, 2.0, 18.0, 18.0, 33.0, 33.0, 52.0, 46.0, 57.0, 9.0, 8.0, 3.0, 57.0, 8.0, 21.0, 43.0, 56.0, 27.0, 1.0, 25.0, 39.0, 7.0, 3.0, 121.0, 12.0, 1.0, 26.0, 9.0, 2.0, 36.0, 27.0, 14.0, 10.0, 7.0, 4.0, 28.0, 24.0, 1.0, 27.0, 60.0, 8.0, 19.0, 7.0, 6.0, 15.0, 2.0, 11.0, 12.0, 5.0, 23.0, 33.0, 9.0, 25.0, 9.0, 32.0, 20.0, 9.0, 1.0, 26.0, 30.0, 4.0, 22.0, 12.0, 23.0, 3.0, 14.0, 5.0, 1.0, 32.0, 6.0, 45.0, 2.0, 37.0, 11.0, 1.0, 13.0, 2.0, 23.0, 51.0, 12.0, 33.0, 43.0, 12.0, 37.0, 49.0, 17.0, 15.0, 10.0, 26.0, 5.0, 35.0, 89.0, 62.0, 20.0, 4.0, 68.0, 28.0, 7.0, 8.0, 1.0, 9.0, 38.0, 1.0, 50.0, 3.0, 10.0, 41.0, 25.0, 4.0, 7.0, 13.0, 21.0, 16.0, 25.0, 40.0, 3.0, 36.0, 2.0, 16.0, 90.0, 44.0, 4.0, 26.0, 5.0, 26.0, 16.0, 6.0, 8.0, 18.0, 10.0, 5.0, 9.0, 3.0, 7.0, 8.0, 20.0, 17.0, 19.0, 20.0, 27.0, 19.0, 11.0, 14.0, 1.0, 32.0, 9.0, 19.0, 42.0, 13.0, 42.0, 14.0, 26.0, 54.0, 99.0, 64.0, 10.0, 12.0, 6.0, 26.0, 14.0, 59.0, 9.0, 13.0, 22.0, 7.0, 1.0, 1.0, 8.0, 4.0, 20.0, 10.0, 11.0, 6.0, 21.0, 12.0, 8.0, 15.0, 16.0, 7.0, 26.0, 8.0, 35.0, 26.0, 11.0, 11.0, 12.0, 11.0, 18.0, 10.0, 31.0, 2.0, 47.0, 2.0, 6.0, 4.0, 18.0, 2.0, 95.0, 26.0, 30.0, 9.0, 12.0, 15.0, 26.0, 69.0, 43.0, 2.0, 25.0, 17.0, 1.0, 4.0, 11.0, 6.0, 2.0, 7.0, 8.0, 1.0, 15.0, 4.0, 136.0, 11.0, 8.0, 42.0, 13.0, 37.0, 37.0, 8.0, 8.0, 33.0, 20.0, 1.0, 20.0, 9.0, 15.0, 15.0, 17.0, 33.0, 2.0, 18.0, 29.0, 2.0, 47.0, 10.0, 43.0, 1.0, 29.0, 15.0, 78.0, 115.0, 1.0, 1.0, 10.0, 24.0, 15.0, 24.0, 14.0, 33.0, 2.0, 9.0, 3.0, 20.0, 15.0, 2.0, 6.0, 4.0, 8.0, 2.0, 38.0, 10.0, 16.0, 13.0, 21.0, 14.0, 37.0, 9.0, 6.0, 10.0, 34.0, 48.0, 7.0, 28.0, 36.0, 74.0, 31.0, 8.0, 20.0, 14.0, 6.0, 3.0, 5.0, 39.0, 7.0, 3.0, 83.0, 14.0, 7.0, 46.0, 5.0, 16.0, 10.0, 4.0, 23.0, 7.0, 22.0, 3.0, 46.0, 1.0, 31.0, 29.0, 18.0, 44.0, 6.0, 3.0, 27.0, 3.0, 10.0, 20.0, 5.0, 15.0, 1.0, 10.0, 1.0, 15.0, 10.0, 8.0, 20.0, 56.0, 3.0, 37.0, 39.0, 21.0, 29.0, 9.0, 3.0, 14.0, 8.0, 8.0, 6.0, 17.0, 22.0, 30.0, 35.0, 16.0, 18.0, 4.0, 19.0, 17.0, 9.0, 25.0, 25.0, 3.0, 46.0, 36.0, 22.0, 37.0, 5.0, 3.0, 16.0, 28.0, 35.0, 20.0, 92.0, 45.0, 8.0, 12.0, 62.0, 5.0, 17.0, 11.0, 1.0, 17.0, 9.0, 5.0, 18.0, 27.0, 24.0, 6.0, 32.0, 30.0, 20.0, 29.0, 9.0, 15.0, 82.0, 22.0, 4.0, 12.0, 9.0, 6.0, 8.0, 20.0, 5.0, 4.0, 43.0, 10.0, 8.0, 4.0, 8.0, 14.0, 6.0, 3.0, 10.0, 7.0, 48.0, 7.0, 64.0, 36.0, 1.0, 10.0, 49.0, 20.0, 5.0, 56.0, 28.0, 11.0, 7.0, 6.0, 25.0, 62.0, 32.0, 16.0, 6.0, 1.0, 44.0, 6.0, 39.0, 30.0, 21.0, 10.0, 9.0, 20.0, 8.0, 23.0, 38.0, 6.0, 2.0, 2.0, 28.0, 2.0, 13.0, 27.0, 54.0, 1.0, 7.0, 20.0, 3.0, 28.0, 6.0, 18.0, 6.0, 49.0, 10.0, 1.0, 20.0, 11.0, 2.0, 9.0, 11.0, 19.0, 31.0, 67.0, 58.0, 10.0, 9.0, 45.0, 21.0, 16.0, 12.0, 33.0, 18.0, 69.0, 4.0, 58.0, 48.0, 5.0, 37.0, 13.0, 8.0, 9.0, 8.0, 13.0, 8.0, 12.0, 58.0, 37.0, 14.0, 9.0, 22.0, 38.0, 7.0, 18.0, 6.0, 29.0, 50.0, 12.0, 14.0, 22.0, 41.0, 21.0, 3.0, 18.0, 24.0, 2.0, 3.0, 9.0, 19.0, 17.0, 5.0, 12.0, 6.0, 28.0, 17.0, 17.0, 29.0, 57.0, 21.0, 9.0, 6.0, 5.0, 11.0, 8.0, 3.0, 40.0, 5.0, 8.0, 16.0, 33.0, 23.0, 9.0, 10.0, 38.0, 4.0, 17.0, 15.0, 51.0, 11.0, 8.0, 1.0, 3.0, 60.0, 21.0, 9.0, 38.0, 21.0, 5.0, 25.0, 26.0, 28.0, 5.0, 24.0, 53.0, 18.0, 15.0, 6.0, 42.0, 23.0, 1.0, 5.0, 8.0, 3.0, 36.0, 3.0, 16.0, 35.0, 18.0, 36.0, 11.0, 12.0, 23.0, 60.0, 30.0, 32.0, 10.0, 21.0, 10.0, 8.0, 17.0, 33.0, 5.0, 81.0, 31.0, 8.0, 9.0, 15.0, 18.0, 3.0, 67.0, 23.0, 44.0, 3.0, 15.0, 51.0, 29.0, 19.0, 11.0, 8.0, 44.0, 2.0, 8.0, 7.0, 11.0, 9.0, 5.0, 23.0, 1.0, 12.0, 3.0, 11.0, 20.0, 12.0, 12.0, 20.0, 23.0, 27.0, 6.0, 9.0, 37.0, 10.0, 7.0, 5.0, 5.0, 23.0, 1.0, 7.0, 20.0, 4.0, 60.0, 12.0, 10.0, 9.0, 21.0, 19.0, 36.0, 30.0, 57.0, 17.0, 2.0, 49.0, 2.0, 31.0, 5.0, 30.0, 1.0, 14.0, 32.0, 5.0, 22.0, 27.0, 27.0, 8.0, 58.0, 11.0, 33.0, 8.0, 9.0, 4.0, 11.0, 10.0, 23.0, 4.0, 2.0, 12.0, 9.0, 11.0, 28.0, 14.0, 40.0, 30.0, 16.0, 13.0, 10.0, 20.0, 1.0, 20.0, 1.0, 15.0, 13.0, 34.0, 2.0, 18.0, 34.0, 3.0, 8.0, 37.0, 31.0, 1.0, 24.0, 7.0, 25.0, 23.0, 37.0, 2.0, 45.0, 4.0, 65.0, 34.0, 30.0, 34.0, 21.0, 52.0, 26.0, 18.0, 22.0, 19.0, 28.0, 7.0, 10.0, 34.0, 12.0, 9.0, 42.0, 7.0, 22.0, 7.0, 15.0, 15.0, 1.0, 46.0, 32.0, 10.0, 29.0, 39.0, 20.0, 40.0, 14.0, 39.0, 1.0, 5.0, 9.0, 21.0, 9.0, 84.0, 13.0, 13.0, 8.0, 9.0, 3.0, 54.0, 20.0, 21.0, 5.0, 14.0, 25.0, 48.0, 17.0, 43.0, 17.0, 12.0, 28.0, 7.0, 22.0, 25.0, 52.0, 27.0, 3.0, 2.0, 15.0, 52.0, 57.0, 65.0, 55.0, 16.0, 36.0, 1.0, 1.0, 33.0, 12.0, 8.0, 36.0, 29.0, 22.0, 28.0, 25.0, 28.0, 4.0, 34.0, 22.0, 4.0, 28.0, 25.0, 8.0, 61.0, 1.0, 21.0, 11.0, 29.0, 7.0, 2.0, 4.0, 8.0, 19.0, 4.0, 29.0, 1.0, 35.0, 4.0, 23.0, 23.0, 3.0, 7.0, 55.0, 70.0, 22.0, 11.0, 50.0, 30.0, 19.0, 19.0, 3.0, 20.0, 10.0, 9.0, 15.0, 24.0, 73.0, 27.0, 9.0, 17.0, 4.0, 20.0, 31.0, 19.0, 18.0, 4.0, 26.0, 24.0, 7.0, 13.0, 6.0, 6.0, 7.0, 6.0, 8.0, 21.0, 5.0, 46.0, 21.0, 5.0, 6.0, 14.0, 9.0, 4.0, 20.0, 91.0, 22.0, 26.0, 16.0, 10.0, 6.0, 48.0, 30.0, 19.0, 1.0, 15.0, 3.0, 23.0, 38.0, 15.0, 28.0, 8.0, 12.0, 23.0, 74.0, 7.0, 22.0, 16.0, 41.0, 46.0, 41.0, 6.0, 50.0, 5.0, 24.0, 12.0, 19.0, 31.0, 11.0, 134.0, 31.0, 55.0, 67.0, 39.0, 58.0, 15.0, 8.0, 42.0, 13.0, 33.0, 4.0, 10.0, 12.0, 9.0, 1.0, 4.0, 26.0, 5.0, 20.0, 18.0, 8.0, 8.0, 10.0, 19.0, 5.0, 2.0, 2.0, 20.0, 13.0, 12.0, 3.0, 7.0, 5.0, 59.0, 66.0, 3.0, 34.0, 7.0, 11.0, 11.0, 37.0, 8.0, 4.0, 3.0, 6.0, 11.0, 9.0, 5.0, 28.0, 11.0, 38.0, 19.0, 25.0, 11.0, 60.0, 19.0, 19.0, 2.0, 50.0, 10.0, 12.0, 4.0, 14.0, 9.0, 49.0, 8.0, 18.0, 9.0, 20.0, 31.0, 11.0, 25.0, 3.0, 47.0, 37.0, 31.0, 42.0, 87.0, 5.0, 10.0, 22.0, 12.0, 27.0, 78.0, 9.0, 52.0, 37.0, 14.0, 10.0, 9.0, 33.0, 29.0, 36.0, 1.0, 1.0, 6.0, 18.0, 22.0, 1.0, 17.0, 22.0, 30.0, 19.0, 15.0, 6.0, 1.0, 55.0, 61.0, 53.0, 21.0, 6.0, 23.0, 10.0, 12.0, 3.0, 47.0, 10.0, 4.0, 9.0, 16.0, 14.0, 55.0, 28.0, 9.0, 1.0, 36.0, 14.0, 6.0, 3.0, 21.0, 36.0, 25.0, 21.0, 33.0, 7.0, 21.0, 49.0, 15.0, 4.0, 32.0, 14.0, 13.0, 2.0, 5.0, 66.0, 9.0, 3.0, 2.0, 7.0, 24.0, 32.0, 32.0, 8.0, 18.0, 4.0, 7.0, 14.0, 4.0, 53.0, 45.0, 40.0, 107.0, 49.0, 8.0, 37.0, 22.0, 71.0, 16.0, 34.0, 12.0, 8.0, 2.0, 27.0, 8.0, 48.0, 40.0, 39.0, 44.0, 40.0, 5.0, 9.0, 10.0, 60.0, 20.0, 40.0, 19.0, 51.0, 2.0, 20.0, 8.0, 2.0, 19.0, 16.0, 6.0, 12.0, 47.0, 5.0, 12.0, 6.0, 16.0, 9.0, 39.0, 21.0, 6.0, 24.0, 5.0, 33.0, 3.0, 78.0, 35.0, 32.0, 11.0, 11.0, 5.0, 38.0, 19.0, 12.0, 3.0, 36.0, 20.0, 38.0, 10.0, 21.0, 7.0, 21.0, 32.0, 8.0, 14.0, 16.0, 12.0, 10.0, 31.0, 11.0, 7.0, 5.0, 24.0, 2.0, 64.0, 25.0, 12.0, 2.0, 38.0, 12.0, 16.0, 23.0, 8.0, 46.0, 8.0, 9.0, 18.0, 13.0, 21.0, 20.0, 30.0, 2.0, 2.0, 11.0, 7.0, 31.0, 7.0, 20.0, 4.0, 3.0, 13.0, 7.0, 9.0, 14.0, 25.0, 14.0, 19.0, 70.0, 10.0, 14.0, 14.0, 49.0, 89.0, 6.0, 5.0, 3.0, 36.0, 56.0, 9.0, 4.0, 17.0, 4.0, 39.0, 4.0, 13.0, 12.0, 11.0, 14.0, 26.0, 16.0, 19.0, 39.0, 12.0, 8.0, 1.0, 34.0, 8.0, 17.0, 7.0, 16.0, 20.0, 9.0, 1.0, 87.0, 46.0, 8.0, 12.0, 45.0, 48.0, 8.0, 3.0, 8.0, 49.0, 8.0, 2.0, 3.0, 20.0, 2.0, 1.0, 50.0, 13.0, 93.0, 17.0, 33.0, 23.0, 25.0, 19.0, 9.0, 10.0, 32.0, 11.0, 9.0, 6.0, 3.0, 8.0, 2.0, 9.0, 14.0, 22.0, 10.0, 4.0, 13.0, 17.0, 25.0, 9.0, 21.0, 9.0, 28.0, 33.0, 5.0, 9.0, 29.0, 17.0, 32.0, 18.0, 6.0, 29.0, 8.0, 9.0, 31.0, 13.0, 35.0, 18.0, 19.0, 13.0, 6.0, 20.0, 26.0, 2.0, 12.0, 11.0, 7.0, 9.0, 6.0, 35.0, 15.0, 37.0, 6.0, 9.0, 11.0, 8.0, 5.0, 114.0, 4.0, 6.0, 33.0, 12.0, 37.0, 4.0, 3.0, 3.0, 9.0, 10.0, 8.0, 18.0, 31.0, 2.0, 9.0, 9.0, 40.0, 14.0, 19.0, 44.0, 15.0, 50.0, 2.0, 23.0, 6.0, 10.0, 6.0, 39.0, 55.0, 28.0, 20.0, 50.0, 3.0, 2.0, 6.0, 2.0, 3.0, 10.0, 45.0, 13.0, 9.0, 23.0, 19.0, 25.0, 14.0, 24.0, 21.0, 21.0, 11.0, 64.0, 11.0, 6.0, 19.0, 12.0, 101.0, 2.0, 4.0, 21.0, 30.0, 13.0, 26.0, 27.0, 15.0, 37.0, 48.0, 13.0, 86.0, 26.0, 27.0, 1.0, 22.0, 35.0, 14.0, 12.0, 9.0, 14.0, 50.0, 42.0, 5.0, 40.0, 3.0, 9.0, 11.0, 19.0, 6.0, 9.0, 1.0, 13.0, 13.0, 26.0, 38.0, 30.0, 75.0, 10.0, 18.0, 1.0, 6.0, 65.0, 7.0, 9.0, 25.0, 11.0, 19.0, 16.0, 29.0, 41.0, 31.0, 1.0, 6.0, 27.0, 14.0, 2.0, 21.0, 23.0, 24.0, 7.0, 19.0, 31.0, 49.0, 58.0, 20.0, 11.0, 50.0, 8.0, 1.0, 15.0, 7.0, 22.0, 13.0, 7.0, 4.0, 22.0, 28.0, 19.0, 22.0, 42.0, 43.0, 9.0, 17.0, 14.0, 29.0, 32.0, 14.0, 24.0, 22.0, 10.0, 4.0, 10.0, 50.0, 17.0, 24.0, 17.0, 38.0, 14.0, 31.0, 9.0, 9.0, 1.0, 40.0, 1.0, 26.0, 4.0, 8.0, 66.0, 8.0, 11.0, 12.0, 52.0, 10.0, 13.0, 85.0, 10.0, 12.0, 24.0, 2.0, 21.0, 15.0, 22.0, 36.0, 9.0, 5.0, 3.0, 4.0, 1.0, 8.0, 9.0, 31.0, 1.0, 8.0, 29.0, 12.0, 118.0, 4.0, 72.0, 1.0, 27.0, 69.0, 36.0, 21.0, 10.0, 17.0, 30.0, 26.0, 45.0, 20.0, 26.0, 16.0, 30.0, 5.0, 4.0, 4.0, 10.0, 7.0, 1.0, 10.0, 1.0, 47.0, 7.0, 9.0, 16.0, 32.0, 20.0, 19.0, 16.0, 12.0, 23.0, 41.0, 7.0, 11.0, 13.0, 13.0, 66.0, 18.0, 9.0, 48.0, 36.0, 1.0, 4.0, 37.0, 41.0, 12.0, 14.0, 34.0, 42.0, 46.0, 10.0, 33.0, 14.0, 16.0, 6.0, 59.0, 4.0, 44.0, 9.0, 48.0, 10.0, 1.0, 38.0, 19.0, 7.0, 13.0, 19.0, 24.0, 148.0, 15.0, 76.0, 29.0, 12.0, 3.0, 11.0, 5.0, 22.0, 6.0, 51.0, 9.0, 40.0, 9.0, 11.0, 48.0, 2.0, 5.0, 10.0, 25.0, 8.0, 24.0, 7.0, 21.0, 15.0, 4.0, 15.0, 19.0, 13.0, 15.0, 20.0, 36.0, 26.0, 18.0, 14.0, 23.0, 12.0, 2.0, 18.0, 12.0, 46.0, 34.0, 14.0, 5.0, 61.0, 21.0, 18.0, 26.0, 45.0, 3.0, 14.0, 5.0, 23.0, 33.0, 8.0, 25.0, 6.0, 2.0, 32.0, 79.0, 7.0, 43.0, 10.0, 10.0, 7.0, 2.0, 22.0, 17.0, 5.0, 9.0, 1.0, 1.0, 9.0, 11.0, 10.0, 9.0, 2.0, 26.0, 26.0, 9.0, 11.0, 10.0, 8.0, 7.0, 15.0, 7.0, 9.0, 10.0, 1.0, 45.0, 10.0, 5.0, 68.0, 4.0, 65.0, 9.0, 10.0, 15.0, 24.0, 14.0, 1.0, 79.0, 26.0, 30.0, 52.0, 76.0, 7.0, 4.0, 15.0, 35.0, 9.0, 1.0, 57.0, 3.0, 51.0, 4.0, 8.0, 9.0, 18.0, 39.0, 10.0, 10.0, 29.0, 32.0, 9.0, 23.0, 4.0, 37.0, 34.0, 6.0, 24.0, 26.0, 15.0, 11.0, 48.0, 11.0, 2.0, 19.0, 4.0, 11.0, 5.0, 1.0, 22.0, 38.0, 44.0, 5.0, 17.0, 10.0, 1.0, 23.0, 9.0, 93.0, 26.0, 31.0, 16.0, 20.0, 1.0, 30.0, 23.0, 45.0, 37.0, 8.0, 8.0, 32.0, 5.0, 12.0, 6.0, 3.0, 15.0, 22.0, 22.0, 8.0, 1.0, 12.0, 11.0, 1.0, 30.0, 1.0, 19.0, 6.0, 12.0, 19.0, 13.0, 17.0, 55.0, 10.0, 39.0, 14.0, 7.0, 15.0, 9.0, 2.0, 33.0, 53.0, 41.0, 2.0, 4.0, 52.0, 1.0, 12.0, 2.0, 12.0, 34.0, 9.0, 36.0, 54.0, 23.0, 19.0, 37.0, 4.0, 25.0, 5.0, 102.0, 61.0, 3.0, 88.0, 15.0, 45.0, 5.0, 7.0, 8.0, 6.0, 58.0, 3.0, 25.0, 33.0, 9.0, 97.0, 47.0, 22.0, 52.0, 46.0, 9.0, 37.0, 4.0, 10.0, 6.0, 13.0, 23.0, 28.0, 6.0, 10.0, 23.0, 10.0, 27.0, 40.0, 19.0, 16.0, 69.0, 32.0, 8.0, 81.0, 3.0, 5.0, 8.0, 17.0, 28.0, 16.0, 9.0, 7.0, 12.0, 16.0, 5.0, 6.0, 1.0, 58.0, 36.0, 1.0, 9.0, 15.0, 14.0, 2.0, 27.0, 12.0, 28.0, 35.0, 65.0, 29.0, 3.0, 35.0, 19.0, 19.0, 42.0, 10.0, 36.0, 11.0, 13.0, 29.0, 10.0, 27.0, 2.0, 12.0, 5.0, 48.0, 42.0, 27.0, 60.0, 16.0, 36.0, 1.0, 24.0, 12.0, 8.0, 22.0, 91.0, 20.0, 10.0, 21.0, 20.0, 73.0, 57.0, 20.0, 22.0, 25.0, 4.0, 53.0, 1.0, 11.0, 50.0, 7.0, 24.0, 9.0, 41.0, 25.0, 31.0, 21.0, 24.0, 11.0, 9.0, 45.0, 24.0, 78.0, 31.0, 39.0, 28.0, 14.0, 24.0, 21.0, 20.0, 16.0, 99.0, 5.0, 26.0, 1.0, 4.0, 20.0, 6.0, 44.0, 35.0, 16.0, 9.0, 1.0, 10.0, 2.0, 13.0, 7.0, 5.0, 59.0, 35.0, 78.0, 23.0, 10.0, 40.0, 39.0, 5.0, 48.0, 4.0, 18.0, 25.0, 2.0, 7.0, 41.0, 5.0, 20.0, 20.0, 12.0, 1.0, 9.0, 9.0, 64.0, 3.0, 14.0, 12.0, 9.0, 10.0, 18.0, 8.0, 77.0, 76.0, 12.0, 26.0, 6.0, 26.0, 8.0, 41.0, 15.0, 6.0, 6.0, 20.0, 86.0, 1.0, 54.0, 24.0, 17.0, 1.0, 4.0, 44.0, 10.0, 30.0, 17.0, 7.0, 1.0, 22.0, 46.0, 7.0, 5.0, 2.0, 59.0, 28.0, 2.0, 19.0, 4.0, 19.0, 6.0, 54.0, 9.0, 13.0, 12.0, 4.0, 26.0, 5.0, 9.0, 9.0, 19.0, 10.0, 14.0, 20.0, 99.0, 39.0, 43.0, 8.0, 14.0, 30.0, 10.0, 11.0, 25.0, 3.0, 20.0, 5.0, 1.0, 22.0, 8.0, 12.0, 16.0, 1.0, 11.0, 6.0, 25.0, 17.0, 40.0, 4.0, 16.0, 4.0, 59.0, 2.0, 14.0, 24.0, 10.0, 15.0, 56.0, 29.0, 23.0, 56.0, 20.0, 20.0, 55.0, 1.0, 6.0, 33.0, 13.0, 51.0, 27.0, 7.0, 19.0, 27.0, 5.0, 12.0, 3.0, 6.0, 15.0, 39.0, 23.0, 22.0, 57.0, 7.0, 12.0, 21.0, 14.0, 54.0, 8.0, 6.0, 8.0, 41.0, 36.0, 6.0, 7.0, 24.0, 16.0, 25.0, 5.0, 13.0, 23.0, 5.0, 1.0, 6.0, 15.0, 24.0, 21.0, 21.0, 14.0, 12.0, 13.0, 14.0, 28.0, 50.0, 14.0, 44.0, 10.0, 36.0, 27.0, 10.0, 52.0, 29.0, 25.0, 9.0, 22.0, 13.0, 22.0, 8.0, 33.0, 5.0, 21.0, 6.0, 7.0, 15.0, 5.0, 11.0, 42.0, 9.0, 20.0, 8.0, 8.0, 54.0, 6.0, 12.0, 5.0, 36.0, 19.0, 31.0, 3.0, 61.0, 7.0, 12.0, 13.0, 22.0, 11.0, 1.0, 2.0, 19.0, 29.0, 20.0, 85.0, 2.0, 3.0, 34.0, 41.0, 11.0, 26.0, 15.0, 7.0, 21.0, 24.0, 16.0, 26.0, 11.0, 9.0, 5.0, 37.0, 7.0, 9.0, 32.0, 47.0, 23.0, 8.0, 10.0, 30.0, 22.0, 1.0, 30.0, 19.0, 5.0, 58.0, 17.0, 31.0, 45.0, 11.0, 31.0, 17.0, 10.0, 33.0, 36.0, 30.0, 8.0, 8.0, 7.0, 23.0, 24.0, 2.0, 24.0, 7.0, 2.0, 5.0, 46.0, 17.0, 64.0, 19.0, 13.0, 65.0, 9.0, 26.0, 8.0, 30.0, 22.0, 6.0, 5.0, 5.0, 11.0, 11.0, 86.0, 73.0, 5.0, 19.0, 36.0, 4.0, 42.0, 5.0, 10.0, 7.0, 38.0, 21.0, 45.0, 23.0, 6.0, 15.0, 14.0, 29.0, 26.0, 21.0, 6.0, 8.0, 10.0, 17.0, 22.0, 2.0, 8.0, 129.0, 76.0, 16.0, 2.0, 8.0, 36.0, 3.0, 3.0, 24.0, 50.0, 14.0, 26.0, 50.0, 14.0, 32.0, 10.0, 12.0, 4.0, 19.0, 5.0, 4.0, 47.0, 11.0, 18.0, 13.0, 17.0, 1.0, 32.0, 36.0, 72.0, 36.0, 12.0, 13.0, 66.0, 6.0, 36.0, 11.0, 10.0, 6.0, 6.0, 19.0, 10.0, 6.0, 3.0, 19.0, 10.0, 23.0, 21.0, 2.0, 10.0, 31.0, 12.0, 16.0, 25.0, 31.0, 3.0, 26.0, 4.0, 16.0, 22.0, 27.0, 13.0, 8.0, 9.0, 79.0, 34.0, 8.0, 7.0, 28.0, 1.0, 10.0, 46.0, 10.0, 17.0, 25.0, 9.0, 11.0, 10.0, 17.0, 33.0, 8.0, 16.0, 35.0, 25.0, 9.0, 22.0, 14.0, 12.0, 15.0, 8.0, 11.0, 2.0, 14.0, 15.0, 3.0, 20.0, 9.0, 22.0, 6.0, 5.0, 14.0, 15.0, 6.0, 14.0, 5.0, 73.0, 70.0, 6.0, 56.0, 7.0, 11.0, 64.0, 35.0, 43.0, 11.0, 8.0, 56.0, 4.0, 9.0, 75.0, 11.0, 49.0, 8.0, 11.0, 4.0, 15.0, 24.0, 10.0, 33.0, 8.0, 25.0, 9.0, 6.0, 25.0, 23.0, 36.0, 8.0, 15.0, 1.0, 6.0, 14.0, 18.0, 1.0, 18.0, 9.0, 9.0, 14.0, 6.0, 52.0, 14.0, 11.0, 12.0, 17.0, 10.0, 6.0, 13.0, 5.0, 22.0, 5.0, 15.0, 58.0, 5.0, 5.0, 8.0, 4.0, 1.0, 17.0, 39.0, 18.0, 11.0, 1.0, 26.0, 6.0, 19.0, 4.0, 17.0, 6.0, 16.0, 19.0, 8.0, 69.0, 41.0, 26.0, 11.0, 1.0, 21.0, 24.0, 33.0, 8.0, 3.0, 7.0, 1.0, 10.0, 6.0, 10.0, 9.0, 46.0, 5.0, 2.0, 2.0, 8.0, 31.0, 20.0, 52.0, 16.0, 41.0, 10.0, 39.0, 9.0, 3.0, 57.0, 39.0, 83.0, 83.0, 21.0, 11.0, 1.0, 1.0, 25.0, 32.0, 22.0, 9.0, 74.0, 70.0, 5.0, 4.0, 7.0, 8.0, 20.0, 6.0, 4.0, 17.0, 33.0, 35.0, 9.0, 12.0, 4.0, 5.0, 14.0, 7.0, 45.0, 17.0, 75.0, 6.0, 16.0, 3.0, 65.0, 6.0, 45.0, 5.0, 3.0, 24.0, 12.0, 42.0, 32.0, 11.0, 35.0, 8.0, 12.0, 16.0, 9.0, 17.0, 9.0, 17.0, 21.0, 20.0, 21.0, 11.0, 36.0, 1.0, 1.0, 25.0, 11.0, 10.0, 19.0, 31.0, 31.0, 28.0, 9.0, 23.0, 2.0, 6.0, 33.0, 17.0, 21.0, 13.0, 8.0, 18.0, 20.0, 2.0, 24.0, 19.0, 7.0, 2.0, 10.0, 6.0, 18.0, 4.0, 53.0, 16.0, 29.0, 26.0, 28.0, 33.0, 15.0, 1.0, 4.0, 32.0, 5.0, 25.0, 41.0, 3.0, 13.0, 30.0, 9.0, 5.0, 1.0, 11.0, 16.0, 57.0, 46.0, 22.0, 2.0, 9.0, 10.0, 75.0, 60.0, 31.0, 10.0, 5.0, 73.0, 1.0, 47.0, 27.0, 12.0, 6.0, 36.0, 17.0, 14.0, 7.0, 40.0, 21.0, 29.0, 4.0, 18.0, 8.0, 21.0, 3.0, 20.0, 1.0, 7.0, 6.0, 47.0, 3.0, 26.0, 8.0, 37.0, 64.0, 9.0, 5.0, 13.0, 27.0, 12.0, 8.0, 10.0, 25.0, 1.0, 5.0, 8.0, 3.0, 23.0, 14.0, 60.0, 11.0, 35.0, 3.0, 29.0, 10.0, 40.0, 8.0, 27.0, 44.0, 15.0, 23.0, 3.0, 13.0, 25.0, 19.0, 10.0, 20.0, 6.0, 6.0, 11.0, 4.0, 12.0, 22.0, 11.0, 5.0, 3.0, 18.0, 11.0, 13.0, 26.0, 47.0, 3.0, 58.0, 7.0, 48.0, 35.0, 8.0, 16.0, 21.0, 25.0, 18.0, 2.0, 5.0, 34.0, 30.0, 30.0, 19.0, 25.0, 1.0, 8.0, 20.0, 69.0, 4.0, 1.0, 7.0, 17.0, 17.0, 37.0, 61.0, 20.0, 3.0, 7.0, 5.0, 9.0, 3.0, 18.0, 32.0, 2.0, 61.0, 5.0, 2.0, 21.0, 2.0, 21.0, 37.0, 39.0, 2.0, 11.0, 8.0, 1.0, 5.0, 44.0, 73.0, 20.0, 19.0, 11.0, 2.0, 21.0, 3.0, 8.0, 11.0, 13.0, 10.0, 13.0, 9.0, 3.0, 35.0, 60.0, 16.0, 33.0, 29.0, 6.0, 38.0, 21.0, 15.0, 3.0, 59.0, 9.0, 1.0, 12.0, 21.0, 24.0, 13.0, 15.0, 26.0, 63.0, 7.0, 5.0, 6.0, 17.0, 14.0, 7.0, 10.0, 25.0, 34.0, 45.0, 39.0, 22.0, 28.0, 11.0, 85.0, 22.0, 5.0, 35.0, 39.0, 12.0, 11.0, 11.0, 46.0, 15.0, 20.0, 6.0, 3.0, 7.0, 8.0, 6.0, 20.0, 16.0, 7.0, 6.0, 8.0, 31.0, 20.0, 3.0, 10.0, 48.0, 41.0, 11.0, 56.0, 4.0, 50.0, 40.0, 23.0, 52.0, 19.0, 6.0, 18.0, 19.0, 11.0, 19.0, 12.0, 27.0, 26.0, 79.0, 13.0, 13.0, 11.0, 18.0, 7.0, 8.0, 7.0, 2.0, 6.0, 13.0, 5.0, 33.0, 54.0, 7.0, 3.0, 11.0, 9.0, 3.0, 6.0, 88.0, 20.0, 3.0, 2.0, 10.0, 8.0, 8.0, 11.0, 4.0, 9.0, 20.0, 23.0, 9.0, 10.0, 45.0, 33.0, 55.0, 54.0, 30.0, 12.0, 10.0, 76.0, 39.0, 1.0, 2.0, 44.0, 1.0, 5.0, 4.0, 4.0, 15.0, 56.0, 22.0, 17.0, 4.0, 16.0, 52.0, 24.0, 18.0, 9.0, 5.0, 8.0, 35.0, 7.0, 15.0, 23.0, 29.0, 29.0, 30.0, 19.0, 1.0, 47.0, 5.0, 26.0, 15.0, 22.0, 18.0, 8.0, 19.0, 18.0, 20.0, 50.0, 24.0, 28.0, 47.0, 4.0, 28.0, 13.0, 45.0, 6.0, 4.0, 7.0, 10.0, 12.0, 22.0, 10.0, 49.0, 14.0, 4.0, 2.0, 23.0, 49.0, 110.0, 40.0, 8.0, 2.0, 77.0, 20.0, 1.0, 10.0, 54.0, 9.0, 3.0, 22.0, 10.0, 29.0, 9.0, 8.0] 

MGT times
 [7.0, 20.0, 1.0, 10.0, 21.0, 16.0, 3.0, 16.0, 4.0, 9.0, 21.0, 7.0, 25.0, 32.0, 3.0, 8.0, 12.0, 27.0, 15.0, 32.0, 8.0, 8.0, 44.0, 38.0, 7.0, 1.0, 4.0, 9.0, 9.0, 10.0, 29.0, 12.0, 34.0, 2.0, 13.0, 6.0, 1.0, 4.0, 4.0, 5.0, 18.0, 40.0, 11.0, 14.0, 3.0, 6.0, 6.0, 3.0, 27.0, 12.0, 11.0, 21.0, 29.0, 23.0, 34.0, 3.0, 5.0, 87.0, 41.0, 6.0, 3.0, 14.0, 3.0, 32.0, 9.0, 11.0, 4.0, 28.0, 12.0, 3.0, 10.0, 8.0, 20.0, 16.0, 5.0, 9.0, 21.0, 44.0, 18.0, 23.0, 83.0, 8.0, 21.0, 13.0, 1.0, 4.0, 18.0, 40.0, 25.0, 8.0, 42.0, 60.0, 5.0, 36.0, 5.0, 15.0, 18.0, 2.0, 63.0, 10.0, 53.0, 31.0, 22.0, 1.0, 68.0, 19.0, 34.0, 21.0, 11.0, 5.0, 13.0, 4.0, 16.0, 26.0, 8.0, 6.0, 2.0, 40.0, 3.0, 6.0, 9.0, 8.0, 4.0, 9.0, 3.0, 28.0, 14.0, 64.0, 63.0, 10.0, 45.0, 4.0, 14.0, 8.0, 1.0, 8.0, 54.0, 1.0, 20.0, 16.0, 2.0, 30.0, 1.0, 1.0, 18.0, 3.0, 2.0, 3.0, 25.0, 92.0, 8.0, 4.0, 26.0, 11.0, 5.0, 1.0, 9.0, 10.0, 69.0, 17.0, 9.0, 20.0, 8.0, 16.0, 15.0, 11.0, 4.0, 1.0, 4.0, 27.0, 17.0, 19.0, 2.0, 4.0, 2.0, 3.0, 2.0, 21.0, 11.0, 18.0, 10.0, 8.0, 56.0, 11.0, 15.0, 8.0, 64.0, 15.0, 8.0, 12.0, 3.0, 11.0, 1.0, 72.0, 10.0, 23.0, 5.0, 49.0, 8.0, 2.0, 24.0, 2.0, 27.0, 8.0, 25.0, 5.0, 11.0, 7.0, 28.0, 20.0, 7.0, 12.0, 18.0, 13.0, 64.0, 5.0, 1.0, 7.0, 20.0, 62.0, 5.0, 4.0, 2.0, 3.0, 12.0, 39.0, 22.0, 20.0, 12.0, 21.0, 16.0, 1.0, 24.0, 54.0, 37.0, 7.0, 15.0, 19.0, 18.0, 2.0, 17.0, 7.0, 6.0, 8.0, 5.0, 16.0, 26.0, 12.0, 9.0, 15.0, 4.0, 8.0, 21.0, 5.0, 25.0, 17.0, 6.0, 62.0, 13.0, 3.0, 10.0, 15.0, 16.0, 4.0, 6.0, 21.0, 11.0, 19.0, 8.0, 5.0, 8.0, 60.0, 2.0, 27.0, 8.0, 3.0, 3.0, 5.0, 18.0, 26.0, 20.0, 13.0, 8.0, 13.0, 6.0, 4.0, 21.0, 10.0, 8.0, 26.0, 20.0, 2.0, 32.0, 9.0, 2.0, 22.0, 12.0, 44.0, 8.0, 11.0, 39.0, 5.0, 11.0, 20.0, 9.0, 1.0, 19.0, 17.0, 31.0, 32.0, 24.0, 9.0, 20.0, 50.0, 66.0, 51.0, 2.0, 9.0, 7.0, 76.0, 9.0, 1.0, 9.0, 4.0, 9.0, 4.0, 20.0, 8.0, 49.0, 4.0, 3.0, 32.0, 22.0, 14.0, 6.0, 7.0, 6.0, 3.0, 7.0, 13.0, 25.0, 6.0, 15.0, 13.0, 2.0, 11.0, 40.0, 10.0, 8.0, 20.0, 1.0, 9.0, 3.0, 3.0, 34.0, 11.0, 42.0, 17.0, 18.0, 15.0, 27.0, 10.0, 12.0, 24.0, 19.0, 49.0, 20.0, 28.0, 27.0, 26.0, 21.0, 23.0, 24.0, 10.0, 7.0, 17.0, 45.0, 10.0, 12.0, 28.0, 2.0, 18.0, 18.0, 30.0, 46.0, 3.0, 9.0, 8.0, 3.0, 57.0, 8.0, 21.0, 42.0, 29.0, 1.0, 39.0, 7.0, 3.0, 121.0, 12.0, 1.0, 9.0, 2.0, 27.0, 10.0, 7.0, 4.0, 28.0, 24.0, 1.0, 1.0, 60.0, 8.0, 19.0, 7.0, 6.0, 15.0, 2.0, 11.0, 12.0, 5.0, 23.0, 25.0, 9.0, 9.0, 1.0, 30.0, 4.0, 12.0, 23.0, 3.0, 14.0, 5.0, 32.0, 6.0, 22.0, 2.0, 27.0, 11.0, 1.0, 2.0, 23.0, 33.0, 33.0, 14.0, 22.0, 49.0, 17.0, 15.0, 10.0, 17.0, 5.0, 35.0, 20.0, 4.0, 19.0, 7.0, 8.0, 1.0, 1.0, 50.0, 3.0, 14.0, 3.0, 7.0, 13.0, 21.0, 16.0, 17.0, 3.0, 36.0, 2.0, 16.0, 90.0, 4.0, 26.0, 5.0, 11.0, 5.0, 6.0, 15.0, 10.0, 5.0, 9.0, 3.0, 7.0, 8.0, 20.0, 1.0, 20.0, 27.0, 19.0, 11.0, 14.0, 1.0, 32.0, 9.0, 19.0, 42.0, 4.0, 42.0, 14.0, 26.0, 19.0, 15.0, 10.0, 6.0, 14.0, 59.0, 9.0, 1.0, 22.0, 7.0, 1.0, 8.0, 4.0, 20.0, 10.0, 11.0, 6.0, 21.0, 16.0, 8.0, 8.0, 35.0, 26.0, 11.0, 6.0, 12.0, 11.0, 10.0, 31.0, 2.0, 47.0, 2.0, 6.0, 4.0, 18.0, 2.0, 41.0, 9.0, 15.0, 26.0, 28.0, 41.0, 2.0, 17.0, 1.0, 4.0, 11.0, 6.0, 7.0, 8.0, 1.0, 15.0, 4.0, 52.0, 11.0, 8.0, 42.0, 13.0, 17.0, 24.0, 8.0, 8.0, 33.0, 1.0, 20.0, 9.0, 15.0, 15.0, 17.0, 33.0, 2.0, 18.0, 20.0, 2.0, 21.0, 10.0, 43.0, 1.0, 15.0, 8.0, 73.0, 1.0, 1.0, 10.0, 24.0, 15.0, 14.0, 33.0, 2.0, 9.0, 3.0, 20.0, 15.0, 2.0, 6.0, 4.0, 8.0, 2.0, 38.0, 10.0, 1.0, 13.0, 4.0, 6.0, 10.0, 18.0, 20.0, 7.0, 28.0, 21.0, 68.0, 8.0, 20.0, 14.0, 6.0, 5.0, 7.0, 3.0, 7.0, 9.0, 5.0, 10.0, 4.0, 23.0, 5.0, 3.0, 21.0, 1.0, 31.0, 6.0, 18.0, 44.0, 3.0, 3.0, 10.0, 10.0, 5.0, 15.0, 1.0, 10.0, 1.0, 10.0, 8.0, 20.0, 3.0, 37.0, 19.0, 21.0, 8.0, 9.0, 3.0, 14.0, 8.0, 8.0, 6.0, 17.0, 22.0, 30.0, 35.0, 16.0, 18.0, 4.0, 19.0, 17.0, 9.0, 25.0, 25.0, 3.0, 36.0, 22.0, 37.0, 5.0, 3.0, 16.0, 28.0, 35.0, 4.0, 67.0, 16.0, 8.0, 2.0, 1.0, 5.0, 17.0, 11.0, 1.0, 17.0, 5.0, 24.0, 6.0, 30.0, 20.0, 29.0, 9.0, 15.0, 82.0, 4.0, 12.0, 9.0, 6.0, 8.0, 20.0, 5.0, 4.0, 10.0, 10.0, 8.0, 4.0, 8.0, 14.0, 6.0, 3.0, 10.0, 48.0, 7.0, 64.0, 10.0, 27.0, 20.0, 56.0, 28.0, 11.0, 7.0, 6.0, 1.0, 23.0, 6.0, 1.0, 33.0, 6.0, 24.0, 8.0, 10.0, 9.0, 20.0, 3.0, 6.0, 2.0, 2.0, 28.0, 2.0, 10.0, 1.0, 7.0, 20.0, 3.0, 4.0, 6.0, 18.0, 6.0, 10.0, 10.0, 1.0, 20.0, 11.0, 2.0, 11.0, 19.0, 31.0, 55.0, 9.0, 45.0, 21.0, 6.0, 12.0, 18.0, 18.0, 13.0, 4.0, 41.0, 2.0, 5.0, 37.0, 13.0, 8.0, 9.0, 12.0, 33.0, 26.0, 14.0, 9.0, 32.0, 7.0, 18.0, 12.0, 22.0, 41.0, 12.0, 3.0, 18.0, 24.0, 2.0, 3.0, 9.0, 19.0, 17.0, 5.0, 12.0, 28.0, 17.0, 29.0, 52.0, 21.0, 9.0, 6.0, 5.0, 11.0, 8.0, 3.0, 40.0, 5.0, 8.0, 16.0, 23.0, 9.0, 38.0, 4.0, 15.0, 18.0, 11.0, 8.0, 1.0, 2.0, 60.0, 21.0, 3.0, 21.0, 5.0, 26.0, 19.0, 5.0, 24.0, 6.0, 18.0, 15.0, 9.0, 1.0, 8.0, 3.0, 36.0, 3.0, 16.0, 13.0, 2.0, 36.0, 11.0, 12.0, 23.0, 60.0, 30.0, 13.0, 10.0, 21.0, 8.0, 17.0, 5.0, 81.0, 31.0, 8.0, 9.0, 15.0, 18.0, 3.0, 32.0, 12.0, 44.0, 3.0, 15.0, 29.0, 11.0, 11.0, 2.0, 8.0, 7.0, 11.0, 9.0, 5.0, 23.0, 1.0, 12.0, 3.0, 11.0, 20.0, 12.0, 12.0, 20.0, 9.0, 27.0, 6.0, 9.0, 37.0, 10.0, 7.0, 5.0, 5.0, 23.0, 1.0, 20.0, 4.0, 1.0, 12.0, 10.0, 9.0, 21.0, 19.0, 24.0, 2.0, 2.0, 49.0, 2.0, 31.0, 5.0, 1.0, 11.0, 5.0, 27.0, 4.0, 47.0, 31.0, 8.0, 9.0, 4.0, 11.0, 10.0, 23.0, 4.0, 2.0, 9.0, 11.0, 28.0, 14.0, 40.0, 13.0, 10.0, 20.0, 1.0, 11.0, 1.0, 13.0, 8.0, 2.0, 18.0, 5.0, 8.0, 32.0, 3.0, 1.0, 8.0, 7.0, 2.0, 11.0, 4.0, 31.0, 7.0, 21.0, 34.0, 21.0, 19.0, 26.0, 18.0, 22.0, 19.0, 2.0, 10.0, 12.0, 23.0, 7.0, 22.0, 7.0, 15.0, 1.0, 2.0, 9.0, 10.0, 13.0, 39.0, 20.0, 40.0, 1.0, 5.0, 9.0, 21.0, 84.0, 13.0, 13.0, 8.0, 9.0, 3.0, 21.0, 5.0, 25.0, 22.0, 17.0, 17.0, 7.0, 22.0, 34.0, 4.0, 3.0, 2.0, 15.0, 42.0, 28.0, 21.0, 16.0, 36.0, 1.0, 1.0, 33.0, 12.0, 8.0, 36.0, 22.0, 25.0, 10.0, 4.0, 11.0, 4.0, 25.0, 8.0, 34.0, 1.0, 21.0, 11.0, 29.0, 7.0, 2.0, 4.0, 8.0, 19.0, 3.0, 1.0, 4.0, 4.0, 23.0, 23.0, 3.0, 7.0, 22.0, 11.0, 50.0, 19.0, 3.0, 20.0, 10.0, 9.0, 15.0, 24.0, 10.0, 27.0, 1.0, 31.0, 18.0, 4.0, 26.0, 8.0, 13.0, 6.0, 6.0, 6.0, 8.0, 21.0, 5.0, 21.0, 6.0, 14.0, 9.0, 4.0, 3.0, 91.0, 22.0, 26.0, 16.0, 10.0, 6.0, 2.0, 30.0, 19.0, 1.0, 3.0, 23.0, 15.0, 15.0, 28.0, 8.0, 12.0, 23.0, 23.0, 7.0, 22.0, 8.0, 41.0, 41.0, 6.0, 31.0, 5.0, 14.0, 12.0, 19.0, 31.0, 11.0, 31.0, 24.0, 67.0, 26.0, 44.0, 2.0, 8.0, 42.0, 13.0, 33.0, 4.0, 10.0, 12.0, 9.0, 1.0, 4.0, 1.0, 5.0, 10.0, 18.0, 8.0, 8.0, 10.0, 19.0, 2.0, 2.0, 20.0, 13.0, 12.0, 3.0, 7.0, 5.0, 15.0, 3.0, 29.0, 11.0, 11.0, 1.0, 4.0, 4.0, 3.0, 6.0, 9.0, 5.0, 28.0, 11.0, 19.0, 10.0, 2.0, 60.0, 19.0, 2.0, 44.0, 10.0, 12.0, 9.0, 8.0, 18.0, 9.0, 20.0, 31.0, 3.0, 17.0, 37.0, 31.0, 42.0, 39.0, 5.0, 10.0, 22.0, 12.0, 27.0, 78.0, 9.0, 52.0, 21.0, 14.0, 10.0, 9.0, 29.0, 17.0, 1.0, 1.0, 6.0, 18.0, 22.0, 1.0, 17.0, 22.0, 30.0, 19.0, 15.0, 6.0, 1.0, 34.0, 61.0, 21.0, 6.0, 12.0, 10.0, 12.0, 3.0, 21.0, 10.0, 9.0, 16.0, 14.0, 55.0, 28.0, 9.0, 1.0, 14.0, 3.0, 21.0, 36.0, 25.0, 9.0, 33.0, 7.0, 5.0, 15.0, 4.0, 32.0, 13.0, 2.0, 5.0, 18.0, 9.0, 3.0, 2.0, 7.0, 24.0, 18.0, 8.0, 4.0, 7.0, 14.0, 4.0, 53.0, 45.0, 11.0, 21.0, 21.0, 8.0, 37.0, 18.0, 57.0, 8.0, 34.0, 12.0, 2.0, 1.0, 8.0, 48.0, 40.0, 39.0, 44.0, 31.0, 5.0, 9.0, 10.0, 20.0, 40.0, 19.0, 2.0, 20.0, 2.0, 19.0, 16.0, 6.0, 12.0, 36.0, 5.0, 12.0, 6.0, 9.0, 39.0, 17.0, 6.0, 24.0, 5.0, 33.0, 3.0, 78.0, 16.0, 32.0, 11.0, 11.0, 5.0, 8.0, 12.0, 3.0, 20.0, 27.0, 10.0, 21.0, 7.0, 21.0, 32.0, 8.0, 14.0, 14.0, 12.0, 10.0, 31.0, 11.0, 7.0, 5.0, 24.0, 2.0, 64.0, 25.0, 38.0, 12.0, 16.0, 23.0, 8.0, 41.0, 8.0, 18.0, 13.0, 21.0, 20.0, 2.0, 2.0, 11.0, 7.0, 31.0, 7.0, 20.0, 4.0, 3.0, 13.0, 7.0, 9.0, 14.0, 25.0, 14.0, 70.0, 14.0, 49.0, 6.0, 5.0, 3.0, 56.0, 4.0, 17.0, 4.0, 9.0, 4.0, 3.0, 11.0, 14.0, 26.0, 16.0, 19.0, 16.0, 12.0, 3.0, 1.0, 24.0, 8.0, 7.0, 16.0, 9.0, 1.0, 35.0, 25.0, 8.0, 12.0, 45.0, 8.0, 3.0, 49.0, 8.0, 2.0, 3.0, 20.0, 2.0, 1.0, 50.0, 13.0, 60.0, 17.0, 23.0, 19.0, 9.0, 10.0, 32.0, 11.0, 9.0, 6.0, 3.0, 2.0, 9.0, 14.0, 10.0, 4.0, 4.0, 17.0, 10.0, 9.0, 21.0, 9.0, 28.0, 33.0, 5.0, 9.0, 17.0, 17.0, 2.0, 6.0, 29.0, 8.0, 31.0, 13.0, 35.0, 18.0, 19.0, 13.0, 6.0, 10.0, 8.0, 2.0, 11.0, 7.0, 9.0, 6.0, 35.0, 37.0, 6.0, 9.0, 11.0, 47.0, 4.0, 6.0, 12.0, 4.0, 3.0, 3.0, 9.0, 10.0, 31.0, 2.0, 9.0, 9.0, 1.0, 14.0, 19.0, 22.0, 13.0, 2.0, 2.0, 10.0, 6.0, 29.0, 20.0, 2.0, 2.0, 6.0, 2.0, 3.0, 4.0, 23.0, 9.0, 23.0, 19.0, 25.0, 21.0, 21.0, 11.0, 17.0, 11.0, 19.0, 11.0, 4.0, 2.0, 4.0, 21.0, 9.0, 26.0, 11.0, 15.0, 20.0, 48.0, 13.0, 33.0, 26.0, 27.0, 1.0, 22.0, 35.0, 14.0, 12.0, 9.0, 14.0, 50.0, 11.0, 5.0, 40.0, 3.0, 9.0, 11.0, 19.0, 6.0, 1.0, 13.0, 13.0, 25.0, 19.0, 23.0, 10.0, 18.0, 1.0, 6.0, 65.0, 7.0, 9.0, 19.0, 16.0, 26.0, 41.0, 31.0, 1.0, 6.0, 14.0, 2.0, 15.0, 7.0, 1.0, 25.0, 39.0, 20.0, 11.0, 50.0, 8.0, 1.0, 7.0, 22.0, 13.0, 2.0, 4.0, 22.0, 27.0, 19.0, 22.0, 32.0, 11.0, 9.0, 17.0, 3.0, 21.0, 32.0, 14.0, 24.0, 22.0, 10.0, 4.0, 10.0, 50.0, 17.0, 24.0, 17.0, 38.0, 14.0, 19.0, 9.0, 1.0, 18.0, 1.0, 26.0, 4.0, 8.0, 7.0, 11.0, 12.0, 26.0, 10.0, 13.0, 49.0, 10.0, 12.0, 24.0, 2.0, 21.0, 22.0, 36.0, 9.0, 5.0, 4.0, 1.0, 8.0, 31.0, 1.0, 8.0, 29.0, 12.0, 8.0, 4.0, 72.0, 1.0, 27.0, 10.0, 21.0, 10.0, 8.0, 16.0, 26.0, 45.0, 26.0, 16.0, 2.0, 5.0, 4.0, 4.0, 10.0, 7.0, 1.0, 10.0, 1.0, 45.0, 7.0, 9.0, 16.0, 32.0, 20.0, 8.0, 16.0, 12.0, 23.0, 41.0, 7.0, 11.0, 13.0, 44.0, 18.0, 9.0, 12.0, 36.0, 4.0, 1.0, 2.0, 12.0, 14.0, 19.0, 42.0, 46.0, 10.0, 5.0, 16.0, 6.0, 48.0, 4.0, 44.0, 9.0, 2.0, 10.0, 1.0, 19.0, 7.0, 24.0, 9.0, 15.0, 12.0, 3.0, 11.0, 22.0, 6.0, 9.0, 27.0, 9.0, 48.0, 2.0, 5.0, 8.0, 24.0, 7.0, 21.0, 15.0, 4.0, 15.0, 19.0, 13.0, 15.0, 20.0, 4.0, 14.0, 23.0, 12.0, 2.0, 18.0, 2.0, 21.0, 14.0, 5.0, 61.0, 21.0, 18.0, 26.0, 18.0, 3.0, 14.0, 23.0, 8.0, 6.0, 11.0, 38.0, 7.0, 4.0, 10.0, 10.0, 7.0, 2.0, 22.0, 17.0, 5.0, 9.0, 1.0, 1.0, 11.0, 10.0, 2.0, 26.0, 26.0, 9.0, 11.0, 10.0, 7.0, 15.0, 7.0, 9.0, 10.0, 1.0, 45.0, 10.0, 5.0, 57.0, 4.0, 19.0, 9.0, 10.0, 15.0, 24.0, 1.0, 33.0, 26.0, 20.0, 15.0, 4.0, 15.0, 35.0, 9.0, 1.0, 57.0, 3.0, 36.0, 4.0, 8.0, 9.0, 18.0, 10.0, 29.0, 11.0, 1.0, 5.0, 22.0, 2.0, 24.0, 26.0, 15.0, 11.0, 48.0, 11.0, 2.0, 19.0, 4.0, 11.0, 5.0, 1.0, 44.0, 5.0, 17.0, 10.0, 1.0, 23.0, 9.0, 39.0, 26.0, 31.0, 16.0, 9.0, 12.0, 17.0, 20.0, 8.0, 8.0, 5.0, 12.0, 6.0, 3.0, 15.0, 22.0, 22.0, 8.0, 1.0, 12.0, 2.0, 1.0, 30.0, 1.0, 19.0, 6.0, 19.0, 17.0, 45.0, 39.0, 14.0, 7.0, 15.0, 2.0, 33.0, 26.0, 28.0, 2.0, 4.0, 52.0, 1.0, 12.0, 2.0, 12.0, 34.0, 26.0, 54.0, 23.0, 37.0, 4.0, 25.0, 5.0, 78.0, 32.0, 3.0, 65.0, 15.0, 19.0, 8.0, 6.0, 40.0, 3.0, 25.0, 33.0, 9.0, 71.0, 31.0, 22.0, 52.0, 46.0, 9.0, 19.0, 4.0, 6.0, 13.0, 23.0, 28.0, 6.0, 10.0, 10.0, 4.0, 40.0, 16.0, 20.0, 17.0, 8.0, 73.0, 3.0, 5.0, 8.0, 17.0, 28.0, 16.0, 9.0, 7.0, 9.0, 6.0, 1.0, 42.0, 36.0, 1.0, 9.0, 15.0, 2.0, 27.0, 12.0, 28.0, 35.0, 12.0, 29.0, 3.0, 35.0, 19.0, 10.0, 11.0, 10.0, 10.0, 27.0, 2.0, 12.0, 5.0, 10.0, 42.0, 8.0, 16.0, 24.0, 8.0, 22.0, 21.0, 20.0, 40.0, 1.0, 20.0, 25.0, 26.0, 1.0, 11.0, 15.0, 7.0, 24.0, 9.0, 25.0, 20.0, 21.0, 24.0, 11.0, 9.0, 12.0, 24.0, 4.0, 18.0, 28.0, 14.0, 4.0, 1.0, 20.0, 16.0, 49.0, 5.0, 26.0, 1.0, 6.0, 44.0, 10.0, 16.0, 9.0, 1.0, 10.0, 2.0, 13.0, 7.0, 4.0, 11.0, 35.0, 14.0, 10.0, 29.0, 39.0, 5.0, 48.0, 4.0, 25.0, 2.0, 7.0, 5.0, 20.0, 9.0, 1.0, 9.0, 9.0, 56.0, 3.0, 14.0, 10.0, 18.0, 8.0, 77.0, 76.0, 12.0, 11.0, 6.0, 26.0, 8.0, 24.0, 15.0, 6.0, 6.0, 20.0, 86.0, 1.0, 54.0, 24.0, 17.0, 1.0, 4.0, 44.0, 10.0, 8.0, 17.0, 1.0, 22.0, 7.0, 5.0, 2.0, 15.0, 28.0, 2.0, 19.0, 4.0, 19.0, 54.0, 9.0, 13.0, 12.0, 4.0, 9.0, 9.0, 19.0, 10.0, 14.0, 20.0, 8.0, 28.0, 43.0, 8.0, 14.0, 30.0, 10.0, 11.0, 10.0, 3.0, 20.0, 5.0, 1.0, 22.0, 8.0, 12.0, 9.0, 1.0, 11.0, 6.0, 17.0, 16.0, 4.0, 2.0, 14.0, 10.0, 15.0, 23.0, 29.0, 1.0, 56.0, 20.0, 20.0, 55.0, 1.0, 6.0, 33.0, 13.0, 18.0, 27.0, 6.0, 12.0, 5.0, 12.0, 3.0, 6.0, 15.0, 39.0, 3.0, 22.0, 7.0, 12.0, 14.0, 54.0, 8.0, 6.0, 8.0, 18.0, 5.0, 6.0, 7.0, 24.0, 16.0, 14.0, 5.0, 13.0, 23.0, 5.0, 1.0, 10.0, 24.0, 21.0, 21.0, 14.0, 12.0, 14.0, 28.0, 50.0, 14.0, 44.0, 10.0, 18.0, 27.0, 10.0, 11.0, 29.0, 25.0, 9.0, 22.0, 22.0, 33.0, 5.0, 21.0, 6.0, 7.0, 15.0, 5.0, 11.0, 42.0, 9.0, 9.0, 8.0, 8.0, 54.0, 6.0, 12.0, 5.0, 25.0, 7.0, 31.0, 3.0, 12.0, 13.0, 22.0, 2.0, 19.0, 29.0, 10.0, 22.0, 2.0, 3.0, 4.0, 41.0, 11.0, 3.0, 15.0, 7.0, 9.0, 8.0, 25.0, 11.0, 9.0, 37.0, 7.0, 9.0, 32.0, 20.0, 1.0, 8.0, 10.0, 30.0, 1.0, 30.0, 19.0, 5.0, 26.0, 17.0, 31.0, 11.0, 14.0, 17.0, 10.0, 33.0, 10.0, 7.0, 8.0, 8.0, 7.0, 23.0, 24.0, 24.0, 7.0, 5.0, 28.0, 17.0, 6.0, 13.0, 49.0, 9.0, 26.0, 8.0, 30.0, 22.0, 6.0, 5.0, 5.0, 11.0, 86.0, 36.0, 4.0, 4.0, 42.0, 5.0, 10.0, 7.0, 17.0, 4.0, 33.0, 23.0, 6.0, 15.0, 14.0, 29.0, 26.0, 21.0, 6.0, 8.0, 10.0, 17.0, 22.0, 1.0, 50.0, 10.0, 6.0, 2.0, 8.0, 10.0, 3.0, 3.0, 24.0, 50.0, 50.0, 14.0, 1.0, 10.0, 19.0, 5.0, 3.0, 11.0, 18.0, 13.0, 17.0, 1.0, 32.0, 6.0, 17.0, 36.0, 12.0, 13.0, 34.0, 36.0, 10.0, 6.0, 6.0, 4.0, 10.0, 3.0, 19.0, 10.0, 23.0, 21.0, 2.0, 31.0, 12.0, 9.0, 11.0, 31.0, 3.0, 4.0, 16.0, 27.0, 13.0, 8.0, 9.0, 79.0, 7.0, 8.0, 7.0, 5.0, 1.0, 10.0, 46.0, 10.0, 17.0, 25.0, 6.0, 11.0, 17.0, 8.0, 16.0, 35.0, 9.0, 22.0, 1.0, 12.0, 15.0, 8.0, 11.0, 2.0, 14.0, 15.0, 20.0, 9.0, 6.0, 4.0, 15.0, 6.0, 5.0, 10.0, 33.0, 6.0, 26.0, 7.0, 11.0, 64.0, 35.0, 19.0, 11.0, 8.0, 20.0, 4.0, 9.0, 45.0, 20.0, 8.0, 11.0, 4.0, 8.0, 5.0, 8.0, 9.0, 6.0, 25.0, 23.0, 21.0, 8.0, 15.0, 17.0, 1.0, 9.0, 9.0, 14.0, 6.0, 52.0, 14.0, 11.0, 12.0, 17.0, 10.0, 6.0, 5.0, 22.0, 5.0, 15.0, 33.0, 5.0, 5.0, 8.0, 4.0, 1.0, 39.0, 18.0, 11.0, 1.0, 26.0, 6.0, 19.0, 4.0, 6.0, 16.0, 1.0, 41.0, 26.0, 11.0, 1.0, 21.0, 11.0, 8.0, 3.0, 7.0, 1.0, 6.0, 10.0, 9.0, 5.0, 2.0, 2.0, 8.0, 31.0, 52.0, 16.0, 41.0, 39.0, 9.0, 3.0, 57.0, 39.0, 57.0, 21.0, 11.0, 1.0, 1.0, 32.0, 22.0, 74.0, 21.0, 5.0, 4.0, 7.0, 8.0, 20.0, 6.0, 4.0, 17.0, 33.0, 35.0, 9.0, 12.0, 4.0, 7.0, 7.0, 6.0, 16.0, 3.0, 34.0, 6.0, 45.0, 5.0, 3.0, 24.0, 12.0, 32.0, 11.0, 35.0, 8.0, 12.0, 9.0, 17.0, 9.0, 4.0, 20.0, 11.0, 36.0, 1.0, 1.0, 25.0, 11.0, 10.0, 19.0, 31.0, 13.0, 28.0, 9.0, 23.0, 2.0, 6.0, 12.0, 17.0, 21.0, 8.0, 18.0, 9.0, 2.0, 24.0, 19.0, 2.0, 10.0, 6.0, 18.0, 4.0, 53.0, 16.0, 29.0, 9.0, 22.0, 33.0, 15.0, 1.0, 4.0, 12.0, 9.0, 41.0, 3.0, 10.0, 30.0, 9.0, 4.0, 1.0, 16.0, 57.0, 46.0, 9.0, 2.0, 9.0, 10.0, 33.0, 60.0, 10.0, 5.0, 1.0, 27.0, 12.0, 6.0, 16.0, 17.0, 14.0, 7.0, 40.0, 21.0, 29.0, 4.0, 18.0, 8.0, 21.0, 3.0, 20.0, 1.0, 7.0, 6.0, 15.0, 3.0, 37.0, 17.0, 5.0, 13.0, 27.0, 12.0, 2.0, 10.0, 25.0, 1.0, 8.0, 3.0, 14.0, 29.0, 11.0, 21.0, 3.0, 29.0, 10.0, 21.0, 8.0, 13.0, 1.0, 23.0, 3.0, 6.0, 19.0, 9.0, 20.0, 6.0, 6.0, 11.0, 4.0, 12.0, 22.0, 11.0, 3.0, 18.0, 11.0, 13.0, 26.0, 44.0, 3.0, 28.0, 7.0, 48.0, 23.0, 8.0, 21.0, 25.0, 18.0, 2.0, 5.0, 16.0, 30.0, 30.0, 19.0, 25.0, 1.0, 8.0, 20.0, 41.0, 4.0, 1.0, 7.0, 17.0, 17.0, 37.0, 1.0, 20.0, 3.0, 7.0, 5.0, 9.0, 3.0, 18.0, 32.0, 2.0, 41.0, 5.0, 2.0, 2.0, 26.0, 39.0, 2.0, 11.0, 8.0, 1.0, 5.0, 21.0, 61.0, 20.0, 19.0, 11.0, 2.0, 21.0, 3.0, 8.0, 11.0, 13.0, 10.0, 13.0, 9.0, 3.0, 35.0, 17.0, 16.0, 33.0, 29.0, 6.0, 38.0, 21.0, 15.0, 3.0, 39.0, 9.0, 1.0, 12.0, 21.0, 24.0, 13.0, 15.0, 26.0, 41.0, 7.0, 5.0, 6.0, 17.0, 4.0, 10.0, 25.0, 34.0, 45.0, 11.0, 22.0, 28.0, 11.0, 85.0, 4.0, 21.0, 38.0, 11.0, 11.0, 15.0, 20.0, 6.0, 3.0, 7.0, 8.0, 6.0, 1.0, 16.0, 7.0, 6.0, 8.0, 12.0, 20.0, 3.0, 48.0, 41.0, 11.0, 19.0, 4.0, 50.0, 23.0, 52.0, 19.0, 6.0, 18.0, 19.0, 11.0, 19.0, 11.0, 26.0, 28.0, 13.0, 11.0, 18.0, 7.0, 2.0, 6.0, 13.0, 5.0, 17.0, 54.0, 3.0, 3.0, 3.0, 6.0, 75.0, 20.0, 3.0, 2.0, 10.0, 8.0, 8.0, 11.0, 4.0, 9.0, 23.0, 9.0, 11.0, 33.0, 55.0, 54.0, 30.0, 10.0, 10.0, 25.0, 2.0, 8.0, 1.0, 5.0, 4.0, 4.0, 15.0, 22.0, 17.0, 4.0, 9.0, 18.0, 5.0, 8.0, 13.0, 7.0, 15.0, 11.0, 6.0, 29.0, 19.0, 1.0, 35.0, 5.0, 18.0, 8.0, 8.0, 18.0, 20.0, 50.0, 2.0, 4.0, 28.0, 13.0, 13.0, 6.0, 4.0, 7.0, 10.0, 10.0, 10.0, 49.0, 14.0, 4.0, 2.0, 23.0, 40.0, 2.0, 8.0, 20.0, 1.0, 28.0, 3.0, 22.0, 10.0, 19.0, 9.0, 8.0] 

SGT times
 [12.0, 46.0, 21.0, 5.0, 16.0, 11.0, 9.0, 14.0, 21.0, 37.0, 4.0, 15.0, 16.0, 12.0, 4.0, 30.0, 47.0, 2.0, 21.0, 41.0, 26.0, 22.0, 20.0, 11.0, 34.0, 3.0, 13.0, 8.0, 5.0, 12.0, 8.0, 20.0, 13.0, 12.0, 27.0, 3.0, 16.0, 17.0, 15.0, 21.0, 5.0, 23.0, 23.0, 14.0, 1.0, 12.0, 17.0, 43.0, 15.0, 37.0, 1.0, 32.0, 9.0, 5.0, 53.0, 15.0, 17.0, 1.0, 8.0, 6.0, 11.0, 3.0, 13.0, 26.0, 38.0, 41.0, 28.0, 11.0, 32.0, 17.0, 32.0, 24.0, 9.0, 16.0, 10.0, 11.0, 1.0, 21.0, 28.0, 1.0, 11.0, 7.0, 9.0, 20.0, 41.0, 18.0, 7.0, 10.0, 7.0, 2.0, 12.0, 12.0, 36.0, 25.0, 29.0, 6.0, 1.0, 5.0, 2.0, 30.0, 29.0, 62.0, 15.0, 35.0, 14.0, 37.0, 13.0, 5.0, 2.0, 22.0, 25.0, 17.0, 2.0, 33.0, 31.0, 38.0, 21.0, 87.0, 24.0, 10.0, 12.0, 9.0, 16.0, 12.0, 15.0, 13.0, 25.0, 1.0, 16.0, 66.0, 33.0, 10.0, 18.0, 12.0, 20.0, 17.0, 56.0, 8.0, 12.0, 8.0, 19.0, 47.0, 15.0, 29.0, 28.0, 13.0, 45.0, 1.0, 27.0, 18.0, 25.0, 21.0, 30.0, 8.0, 18.0, 25.0, 9.0, 23.0, 17.0, 22.0, 22.0, 14.0, 1.0, 13.0, 11.0, 7.0, 29.0, 12.0, 6.0, 9.0, 79.0, 61.0, 66.0, 1.0, 5.0, 32.0, 6.0, 36.0, 11.0, 1.0, 8.0, 26.0, 40.0, 35.0, 9.0, 11.0, 4.0, 3.0, 12.0, 9.0, 9.0, 54.0, 80.0, 37.0, 8.0, 22.0, 4.0, 1.0, 12.0, 5.0, 6.0, 3.0, 10.0, 5.0, 11.0, 48.0, 22.0, 27.0, 9.0, 32.0, 2.0, 16.0, 2.0, 84.0, 12.0, 4.0, 20.0, 9.0, 21.0, 24.0, 61.0, 42.0, 20.0, 7.0, 14.0, 7.0, 29.0, 5.0, 8.0, 22.0, 6.0, 6.0, 21.0, 3.0, 39.0, 74.0, 10.0, 28.0, 14.0, 2.0, 18.0, 15.0, 23.0, 6.0, 27.0, 1.0, 13.0, 53.0, 20.0, 21.0, 42.0, 16.0, 17.0, 21.0, 10.0, 54.0, 2.0, 18.0, 24.0, 32.0, 20.0, 23.0, 7.0, 32.0, 1.0, 22.0, 5.0, 15.0, 61.0, 1.0, 9.0, 11.0, 6.0, 22.0, 13.0, 7.0, 12.0, 30.0, 8.0, 23.0, 35.0, 24.0, 31.0, 9.0, 4.0, 54.0, 2.0, 1.0, 6.0, 7.0, 47.0, 17.0, 38.0, 4.0, 11.0, 5.0, 17.0, 5.0, 14.0, 6.0, 6.0, 21.0, 45.0, 12.0, 1.0, 6.0, 13.0, 5.0, 29.0, 10.0, 17.0, 33.0, 1.0, 9.0, 35.0, 24.0, 9.0, 39.0, 2.0, 42.0, 8.0, 5.0, 11.0, 16.0, 11.0, 10.0, 26.0, 35.0, 1.0, 47.0, 19.0, 1.0, 17.0, 4.0, 3.0, 59.0, 12.0, 22.0, 47.0, 16.0, 30.0, 10.0, 12.0, 19.0, 14.0, 4.0, 11.0, 7.0, 2.0, 12.0, 24.0, 16.0, 1.0, 15.0, 26.0, 19.0, 3.0, 5.0, 22.0, 1.0, 25.0, 23.0, 29.0, 25.0, 34.0, 19.0, 1.0, 33.0, 27.0, 5.0, 34.0, 8.0, 10.0, 9.0, 44.0, 15.0, 7.0, 14.0, 35.0, 1.0, 54.0, 20.0, 5.0, 17.0, 43.0, 2.0, 28.0, 21.0, 18.0, 23.0, 2.0, 57.0, 28.0, 25.0, 27.0, 26.0, 11.0, 23.0, 22.0, 20.0, 27.0, 1.0, 23.0, 31.0, 52.0, 70.0, 13.0, 19.0, 54.0, 1.0, 15.0, 3.0, 17.0, 19.0, 16.0, 2.0, 7.0, 42.0, 5.0, 17.0, 37.0, 15.0, 14.0, 51.0, 8.0, 44.0, 10.0, 2.0, 134.0, 31.0, 5.0, 14.0, 4.0, 16.0, 1.0, 5.0, 36.0, 62.0, 5.0, 3.0, 36.0, 4.0, 11.0, 38.0, 15.0, 1.0, 18.0, 6.0, 1.0, 11.0, 46.0, 1.0, 19.0, 30.0, 40.0, 16.0, 25.0, 19.0, 21.0, 44.0, 6.0, 18.0, 4.0, 34.0, 3.0, 12.0, 11.0, 47.0, 12.0, 48.0, 14.0, 22.0, 18.0, 20.0, 78.0, 19.0, 4.0, 4.0, 8.0, 8.0, 20.0, 1.0, 57.0, 48.0, 8.0, 2.0, 16.0, 4.0, 10.0, 30.0, 19.0, 32.0, 3.0, 2.0, 4.0, 2.0, 5.0, 2.0, 30.0, 19.0, 10.0, 14.0, 89.0, 30.0, 5.0, 30.0, 1.0, 8.0, 23.0, 5.0, 2.0, 16.0, 20.0, 52.0, 11.0, 47.0, 7.0, 24.0, 29.0, 25.0, 8.0, 22.0, 9.0, 15.0, 29.0, 15.0, 7.0, 9.0, 1.0, 18.0, 12.0, 11.0, 5.0, 1.0, 58.0, 33.0, 37.0, 5.0, 18.0, 30.0, 15.0, 6.0, 27.0, 18.0, 4.0, 10.0, 35.0, 28.0, 10.0, 50.0, 1.0, 6.0, 13.0, 10.0, 14.0, 15.0, 47.0, 6.0, 1.0, 87.0, 15.0, 11.0, 5.0, 9.0, 46.0, 22.0, 6.0, 1.0, 12.0, 75.0, 24.0, 7.0, 3.0, 21.0, 15.0, 21.0, 1.0, 18.0, 25.0, 15.0, 11.0, 15.0, 5.0, 1.0, 1.0, 22.0, 11.0, 8.0, 12.0, 1.0, 16.0, 59.0, 1.0, 16.0, 27.0, 15.0, 3.0, 3.0, 103.0, 53.0, 36.0, 9.0, 6.0, 16.0, 28.0, 2.0, 3.0, 10.0, 12.0, 30.0, 1.0, 27.0, 39.0, 6.0, 28.0, 14.0, 3.0, 39.0, 38.0, 13.0, 17.0, 130.0, 67.0, 26.0, 5.0, 51.0, 4.0, 11.0, 1.0, 21.0, 32.0, 25.0, 10.0, 10.0, 41.0, 6.0, 19.0, 1.0, 25.0, 16.0, 2.0, 13.0, 31.0, 31.0, 9.0, 5.0, 2.0, 1.0, 36.0, 14.0, 37.0, 2.0, 52.0, 52.0, 1.0, 6.0, 34.0, 10.0, 12.0, 7.0, 18.0, 3.0, 26.0, 3.0, 4.0, 16.0, 34.0, 45.0, 1.0, 1.0, 26.0, 2.0, 20.0, 12.0, 29.0, 9.0, 8.0, 7.0, 10.0, 10.0, 9.0, 27.0, 3.0, 2.0, 1.0, 13.0, 15.0, 29.0, 15.0, 17.0, 5.0, 6.0, 8.0, 17.0, 7.0, 18.0, 3.0, 14.0, 23.0, 17.0, 49.0, 15.0, 8.0, 8.0, 7.0, 1.0, 16.0, 5.0, 44.0, 19.0, 38.0, 28.0, 5.0, 11.0, 29.0, 19.0, 60.0, 33.0, 1.0, 12.0, 82.0, 11.0, 1.0, 24.0, 47.0, 18.0, 4.0, 20.0, 35.0, 1.0, 25.0, 78.0, 18.0, 16.0, 20.0, 20.0, 42.0, 1.0, 20.0, 15.0, 1.0, 48.0, 64.0, 16.0, 2.0, 14.0, 35.0, 16.0, 3.0, 8.0, 12.0, 7.0, 7.0, 9.0, 22.0, 4.0, 38.0, 36.0, 6.0, 26.0, 5.0, 91.0, 2.0, 15.0, 7.0, 23.0, 33.0, 4.0, 59.0, 21.0, 24.0, 13.0, 24.0, 3.0, 7.0, 6.0, 11.0, 50.0, 21.0, 14.0, 21.0, 2.0, 2.0, 5.0, 13.0, 18.0, 32.0, 13.0, 4.0, 11.0, 3.0, 12.0, 56.0, 7.0, 7.0, 1.0, 10.0, 54.0, 20.0, 14.0, 21.0, 7.0, 8.0, 1.0, 5.0, 27.0, 15.0, 22.0, 24.0, 45.0, 8.0, 17.0, 14.0, 2.0, 1.0, 18.0, 15.0, 7.0, 11.0, 28.0, 1.0, 19.0, 36.0, 12.0, 17.0, 4.0, 1.0, 7.0, 70.0, 60.0, 10.0, 17.0, 14.0, 26.0, 22.0, 10.0, 4.0, 1.0, 43.0, 21.0, 45.0, 32.0, 6.0, 7.0, 15.0, 6.0, 3.0, 7.0, 6.0, 19.0, 14.0, 27.0, 23.0, 3.0, 7.0, 33.0, 22.0, 4.0, 3.0, 20.0, 1.0, 14.0, 10.0, 63.0, 37.0, 22.0, 24.0, 36.0, 21.0, 11.0, 29.0, 13.0, 24.0, 2.0, 28.0, 21.0, 6.0, 1.0, 6.0, 10.0, 1.0, 18.0, 4.0, 16.0, 14.0, 15.0, 19.0, 1.0, 60.0, 24.0, 14.0, 5.0, 36.0, 12.0, 8.0, 75.0, 18.0, 25.0, 1.0, 40.0, 3.0, 14.0, 29.0, 10.0, 75.0, 31.0, 42.0, 9.0, 13.0, 12.0, 12.0, 8.0, 14.0, 6.0, 11.0, 7.0, 17.0, 6.0, 20.0, 1.0, 7.0, 3.0, 1.0, 11.0, 7.0, 42.0, 30.0, 69.0, 43.0, 20.0, 32.0, 26.0, 2.0, 39.0, 9.0, 6.0, 5.0, 23.0, 22.0, 14.0, 10.0, 27.0, 21.0, 14.0, 13.0, 19.0, 1.0, 5.0, 3.0, 30.0, 12.0, 16.0, 9.0, 19.0, 53.0, 13.0, 13.0, 21.0, 2.0, 14.0, 12.0, 34.0, 11.0, 22.0, 10.0, 4.0, 19.0, 20.0, 1.0, 14.0, 1.0, 12.0, 46.0, 19.0, 13.0, 10.0, 28.0, 40.0, 1.0, 22.0, 51.0, 13.0, 8.0, 6.0, 8.0, 4.0, 9.0, 6.0, 7.0, 15.0, 10.0, 26.0, 9.0, 58.0, 5.0, 1.0, 36.0, 55.0, 12.0, 43.0, 15.0, 9.0, 13.0, 3.0, 23.0, 2.0, 16.0, 4.0, 19.0, 13.0, 14.0, 11.0, 24.0, 17.0, 44.0, 23.0, 2.0, 18.0, 41.0, 101.0, 8.0, 61.0, 10.0, 16.0, 9.0, 10.0]
