avgTJ:  14.063873626373626
stdDvTJ:  14.086420370029149
avgTJ without 0:  15.4368639276291
stdDvTJ without 0:  14.02155836642079
maxTJ:  19.833333333333332
minTJ:  7.757575757575758

avgTT:  15.22879684418146
stdDvTT:  13.781362623181504
avgTT without 0:  15.22879684418146
stdDvTT without 0:  13.781362623181504
maxTT:  31.333333333333332
minTT:  7.5

avgTotT:  17.411366313309777
stdDvTotT:  16.413390505493943
avgTotT without 0:  17.96687936797326
stdDvTotT without 0:  16.371126782087916
maxTotT:  24.096774193548388
minTotT:  9.916666666666666

avgMGT:  14.95660260384377
stdDvMGT:  14.154666908030324
avgMGT without 0:  15.640194489465154
stdDvMGT without 0:  14.100365132958618
maxMGT:  20.607142857142858
minMGT:  7.914285714285715

avgSGT:  12.307219662058372
stdDvSGT:  11.230072370623642
avgSGT without 0:  12.307219662058372
stdDvSGT without 0:  11.230072370623642
maxSGT:  44.0
minSGT:  4.833333333333333

free lanes %:  36.952714535901926 %, number of free traverse:  2954 num of traverse 7994
number of times in traffic %:  12.672004003002252 %, numero di volte nel traffico:  1013 num of traverse 7994
not free passage %:  63.5601701275957 %, number of not free passage:  5081 num of traverse 7994
junction times
 [6.0, 10.0, 5.0, 12.0, 4.0, 24.0, 18.0, 4.0, 46.0, 17.0, 5.0, 9.0, 23.0, 17.0, 8.0, 18.0, 17.0, 29.0, 8.0, 10.0, 54.0, 21.0, 7.0, 15.0, 37.0, 3.0, 24.0, 5.0, 30.0, 2.0, 24.0, 20.0, 33.0, 1.0, 11.0, 6.0, 34.0, 10.0, 7.0, 20.0, 25.0, 16.0, 19.0, 10.0, 52.0, 40.0, 9.0, 7.0, 6.0, 2.0, 1.0, 1.0, 3.0, 2.0, 1.0, 7.0, 7.0, 5.0, 14.0, 26.0, 1.0, 8.0, 20.0, 11.0, 1.0, 7.0, 12.0, 27.0, 21.0, 2.0, 12.0, 33.0, 13.0, 1.0, 10.0, 47.0, 4.0, 1.0, 1.0, 27.0, 12.0, 59.0, 27.0, 6.0, 26.0, 53.0, 11.0, 37.0, 8.0, 7.0, 22.0, 15.0, 6.0, 46.0, 27.0, 21.0, 46.0, 10.0, 1.0, 1.0, 9.0, 9.0, 15.0, 1.0, 10.0, 14.0, 11.0, 29.0, 1.0, 1.0, 3.0, 7.0, 12.0, 23.0, 21.0, 18.0, 33.0, 7.0, 19.0, 13.0, 3.0, 6.0, 1.0, 44.0, 12.0, 9.0, 15.0, 3.0, 7.0, 12.0, 12.0, 2.0, 9.0, 13.0, 1.0, 32.0, 1.0, 18.0, 5.0, 23.0, 7.0, 13.0, 22.0, 6.0, 4.0, 6.0, 2.0, 4.0, 2.0, 10.0, 1.0, 23.0, 4.0, 13.0, 6.0, 93.0, 18.0, 14.0, 55.0, 12.0, 18.0, 13.0, 25.0, 29.0, 33.0, 10.0, 35.0, 19.0, 14.0, 5.0, 15.0, 17.0, 9.0, 6.0, 4.0, 9.0, 2.0, 19.0, 1.0, 33.0, 8.0, 14.0, 19.0, 27.0, 23.0, 7.0, 15.0, 7.0, 23.0, 23.0, 3.0, 23.0, 40.0, 12.0, 37.0, 10.0, 37.0, 45.0, 8.0, 9.0, 8.0, 17.0, 45.0, 5.0, 3.0, 3.0, 33.0, 20.0, 64.0, 17.0, 32.0, 52.0, 9.0, 7.0, 23.0, 10.0, 12.0, 19.0, 22.0, 18.0, 16.0, 61.0, 25.0, 5.0, 29.0, 3.0, 9.0, 19.0, 16.0, 40.0, 40.0, 20.0, 14.0, 4.0, 1.0, 4.0, 8.0, 2.0, 13.0, 9.0, 30.0, 1.0, 6.0, 4.0, 13.0, 10.0, 2.0, 8.0, 23.0, 7.0, 10.0, 2.0, 11.0, 11.0, 19.0, 1.0, 70.0, 19.0, 4.0, 12.0, 21.0, 44.0, 7.0, 6.0, 10.0, 9.0, 4.0, 6.0, 29.0, 1.0, 33.0, 12.0, 6.0, 12.0, 14.0, 9.0, 46.0, 46.0, 9.0, 18.0, 11.0, 8.0, 34.0, 33.0, 89.0, 21.0, 6.0, 3.0, 20.0, 9.0, 8.0, 23.0, 5.0, 28.0, 40.0, 27.0, 1.0, 12.0, 13.0, 21.0, 5.0, 16.0, 20.0, 10.0, 26.0, 7.0, 9.0, 9.0, 8.0, 2.0, 19.0, 4.0, 19.0, 3.0, 6.0, 53.0, 8.0, 18.0, 21.0, 1.0, 10.0, 12.0, 23.0, 1.0, 13.0, 35.0, 10.0, 2.0, 7.0, 19.0, 17.0, 7.0, 10.0, 6.0, 3.0, 8.0, 5.0, 9.0, 39.0, 7.0, 3.0, 9.0, 10.0, 2.0, 18.0, 8.0, 18.0, 27.0, 6.0, 14.0, 2.0, 10.0, 2.0, 9.0, 17.0, 19.0, 2.0, 25.0, 10.0, 11.0, 9.0, 9.0, 48.0, 40.0, 4.0, 13.0, 42.0, 3.0, 10.0, 32.0, 32.0, 15.0, 7.0, 21.0, 19.0, 10.0, 20.0, 6.0, 17.0, 22.0, 53.0, 7.0, 10.0, 41.0, 3.0, 4.0, 4.0, 16.0, 15.0, 18.0, 3.0, 13.0, 9.0, 15.0, 24.0, 14.0, 49.0, 9.0, 34.0, 19.0, 7.0, 1.0, 14.0, 8.0, 42.0, 9.0, 15.0, 1.0, 5.0, 8.0, 17.0, 5.0, 12.0, 63.0, 3.0, 4.0, 36.0, 7.0, 40.0, 8.0, 51.0, 7.0, 15.0, 35.0, 2.0, 65.0, 37.0, 12.0, 5.0, 16.0, 6.0, 9.0, 4.0, 43.0, 6.0, 35.0, 12.0, 13.0, 6.0, 19.0, 11.0, 10.0, 23.0, 41.0, 11.0, 8.0, 1.0, 1.0, 32.0, 29.0, 13.0, 1.0, 5.0, 14.0, 12.0, 86.0, 2.0, 3.0, 32.0, 20.0, 4.0, 26.0, 21.0, 25.0, 103.0, 9.0, 39.0, 4.0, 2.0, 17.0, 18.0, 23.0, 5.0, 10.0, 2.0, 9.0, 15.0, 13.0, 8.0, 18.0, 25.0, 38.0, 14.0, 49.0, 5.0, 8.0, 72.0, 4.0, 1.0, 26.0, 10.0, 3.0, 23.0, 16.0, 12.0, 62.0, 9.0, 1.0, 26.0, 3.0, 2.0, 2.0, 8.0, 23.0, 7.0, 40.0, 5.0, 11.0, 8.0, 66.0, 2.0, 5.0, 8.0, 25.0, 11.0, 4.0, 8.0, 14.0, 29.0, 4.0, 15.0, 42.0, 17.0, 2.0, 20.0, 1.0, 11.0, 45.0, 2.0, 10.0, 34.0, 9.0, 20.0, 5.0, 11.0, 20.0, 8.0, 7.0, 8.0, 12.0, 31.0, 33.0, 3.0, 11.0, 28.0, 12.0, 14.0, 36.0, 11.0, 2.0, 50.0, 5.0, 6.0, 42.0, 2.0, 46.0, 8.0, 18.0, 5.0, 8.0, 4.0, 11.0, 11.0, 14.0, 1.0, 13.0, 18.0, 30.0, 8.0, 17.0, 11.0, 38.0, 1.0, 18.0, 9.0, 60.0, 6.0, 9.0, 8.0, 8.0, 5.0, 59.0, 17.0, 7.0, 11.0, 21.0, 7.0, 35.0, 27.0, 11.0, 5.0, 6.0, 16.0, 17.0, 66.0, 22.0, 10.0, 28.0, 33.0, 5.0, 46.0, 8.0, 4.0, 7.0, 13.0, 1.0, 8.0, 19.0, 2.0, 1.0, 1.0, 28.0, 22.0, 1.0, 4.0, 5.0, 16.0, 19.0, 12.0, 2.0, 19.0, 15.0, 9.0, 22.0, 8.0, 22.0, 6.0, 34.0, 2.0, 10.0, 14.0, 39.0, 27.0, 2.0, 5.0, 23.0, 22.0, 11.0, 20.0, 13.0, 30.0, 8.0, 9.0, 18.0, 31.0, 9.0, 21.0, 5.0, 13.0, 11.0, 34.0, 6.0, 10.0, 15.0, 16.0, 1.0, 14.0, 18.0, 24.0, 6.0, 60.0, 7.0, 1.0, 19.0, 38.0, 28.0, 35.0, 19.0, 22.0, 26.0, 1.0, 69.0, 23.0, 34.0, 9.0, 16.0, 13.0, 9.0, 8.0, 7.0, 13.0, 5.0, 6.0, 9.0, 31.0, 29.0, 16.0, 5.0, 9.0, 6.0, 4.0, 15.0, 11.0, 57.0, 3.0, 14.0, 20.0, 5.0, 7.0, 4.0, 5.0, 4.0, 29.0, 24.0, 30.0, 1.0, 3.0, 20.0, 9.0, 18.0, 2.0, 3.0, 11.0, 12.0, 33.0, 4.0, 31.0, 40.0, 18.0, 31.0, 15.0, 13.0, 11.0, 3.0, 55.0, 10.0, 51.0, 20.0, 32.0, 17.0, 4.0, 5.0, 50.0, 1.0, 9.0, 30.0, 27.0, 2.0, 20.0, 11.0, 24.0, 38.0, 31.0, 10.0, 20.0, 10.0, 13.0, 10.0, 3.0, 3.0, 12.0, 11.0, 26.0, 35.0, 48.0, 2.0, 9.0, 12.0, 25.0, 15.0, 11.0, 2.0, 7.0, 35.0, 11.0, 9.0, 7.0, 11.0, 19.0, 9.0, 7.0, 8.0, 28.0, 12.0, 22.0, 3.0, 11.0, 14.0, 5.0, 5.0, 1.0, 1.0, 6.0, 82.0, 8.0, 8.0, 14.0, 15.0, 22.0, 33.0, 9.0, 48.0, 21.0, 9.0, 15.0, 18.0, 11.0, 10.0, 7.0, 10.0, 2.0, 11.0, 22.0, 12.0, 9.0, 6.0, 16.0, 15.0, 9.0, 5.0, 40.0, 9.0, 13.0, 32.0, 54.0, 1.0, 17.0, 2.0, 27.0, 34.0, 28.0, 54.0, 3.0, 9.0, 13.0, 9.0, 12.0, 6.0, 34.0, 4.0, 21.0, 9.0, 1.0, 3.0, 22.0, 29.0, 8.0, 9.0, 3.0, 6.0, 4.0, 54.0, 11.0, 21.0, 33.0, 18.0, 7.0, 24.0, 5.0, 27.0, 7.0, 11.0, 12.0, 17.0, 29.0, 18.0, 26.0, 6.0, 5.0, 10.0, 12.0, 3.0, 21.0, 10.0, 21.0, 4.0, 9.0, 11.0, 7.0, 21.0, 4.0, 10.0, 56.0, 4.0, 9.0, 41.0, 15.0, 11.0, 42.0, 3.0, 11.0, 6.0, 3.0, 3.0, 9.0, 9.0, 31.0, 10.0, 19.0, 8.0, 11.0, 12.0, 19.0, 10.0, 16.0, 21.0, 5.0, 4.0, 39.0, 3.0, 3.0, 17.0, 14.0, 24.0, 7.0, 3.0, 30.0, 12.0, 11.0, 1.0, 32.0, 11.0, 6.0, 25.0, 5.0, 17.0, 2.0, 12.0, 31.0, 18.0, 1.0, 6.0, 39.0, 49.0, 20.0, 33.0, 13.0, 66.0, 7.0, 19.0, 1.0, 35.0, 44.0, 53.0, 1.0, 7.0, 5.0, 9.0, 10.0, 6.0, 2.0, 6.0, 20.0, 15.0, 13.0, 15.0, 33.0, 28.0, 30.0, 1.0, 20.0, 2.0, 12.0, 2.0, 10.0, 2.0, 10.0, 21.0, 20.0, 12.0, 4.0, 37.0, 24.0, 19.0, 6.0, 3.0, 7.0, 10.0, 9.0, 18.0, 1.0, 9.0, 34.0, 9.0, 34.0, 31.0, 61.0, 23.0, 30.0, 23.0, 17.0, 1.0, 10.0, 10.0, 3.0, 6.0, 13.0, 13.0, 10.0, 23.0, 8.0, 13.0, 8.0, 79.0, 4.0, 4.0, 1.0, 11.0, 12.0, 26.0, 3.0, 15.0, 26.0, 21.0, 4.0, 22.0, 29.0, 15.0, 6.0, 18.0, 23.0, 2.0, 20.0, 11.0, 9.0, 42.0, 32.0, 24.0, 2.0, 9.0, 41.0, 21.0, 1.0, 21.0, 18.0, 11.0, 24.0, 1.0, 18.0, 3.0, 6.0, 6.0, 38.0, 12.0, 23.0, 1.0, 25.0, 17.0, 1.0, 49.0, 4.0, 2.0, 7.0, 8.0, 21.0, 66.0, 2.0, 14.0, 1.0, 23.0, 15.0, 1.0, 17.0, 19.0, 17.0, 4.0, 9.0, 1.0, 45.0, 14.0, 5.0, 8.0, 53.0, 2.0, 8.0, 6.0, 1.0, 10.0, 27.0, 7.0, 40.0, 20.0, 13.0, 11.0, 33.0, 38.0, 24.0, 5.0, 2.0, 22.0, 34.0, 37.0, 19.0, 11.0, 20.0, 4.0, 5.0, 14.0, 67.0, 4.0, 33.0, 7.0, 11.0, 8.0, 11.0, 10.0, 4.0, 19.0, 1.0, 45.0, 7.0, 1.0, 26.0, 8.0, 7.0, 46.0, 40.0, 1.0, 18.0, 2.0, 11.0, 77.0, 35.0, 6.0, 39.0, 9.0, 1.0, 29.0, 39.0, 29.0, 9.0, 12.0, 7.0, 10.0, 1.0, 4.0, 8.0, 2.0, 20.0, 40.0, 47.0, 5.0, 9.0, 1.0, 39.0, 18.0, 10.0, 9.0, 32.0, 10.0, 8.0, 11.0, 4.0, 10.0, 53.0, 21.0, 7.0, 10.0, 52.0, 23.0, 27.0, 2.0, 23.0, 9.0, 54.0, 10.0, 3.0, 9.0, 11.0, 40.0, 12.0, 37.0, 19.0, 16.0, 6.0, 6.0, 11.0, 9.0, 59.0, 14.0, 22.0, 1.0, 27.0, 1.0, 5.0, 55.0, 5.0, 10.0, 18.0, 15.0, 18.0, 22.0, 27.0, 14.0, 17.0, 70.0, 1.0, 1.0, 6.0, 11.0, 1.0, 28.0, 2.0, 24.0, 5.0, 7.0, 7.0, 2.0, 17.0, 47.0, 1.0, 6.0, 1.0, 8.0, 12.0, 12.0, 10.0, 5.0, 1.0, 6.0, 10.0, 5.0, 1.0, 7.0, 9.0, 4.0, 21.0, 3.0, 7.0, 2.0, 24.0, 10.0, 6.0, 21.0, 12.0, 4.0, 15.0, 25.0, 58.0, 2.0, 14.0, 7.0, 9.0, 7.0, 20.0, 51.0, 38.0, 2.0, 30.0, 1.0, 6.0, 22.0, 35.0, 25.0, 24.0, 17.0, 4.0, 11.0, 3.0, 21.0, 4.0, 25.0, 23.0, 20.0, 20.0, 2.0, 9.0, 7.0, 31.0, 11.0, 5.0, 6.0, 48.0, 7.0, 1.0, 5.0, 4.0, 6.0, 8.0, 28.0, 1.0, 3.0, 3.0, 6.0, 39.0, 6.0, 12.0, 11.0, 9.0, 11.0, 26.0, 6.0, 9.0, 15.0, 33.0, 32.0, 8.0, 6.0, 44.0, 21.0, 1.0, 8.0, 15.0, 16.0, 13.0, 1.0, 62.0, 17.0, 19.0, 4.0, 6.0, 71.0, 19.0, 6.0, 2.0, 26.0, 1.0, 12.0, 8.0, 4.0, 9.0, 11.0, 18.0, 14.0, 11.0, 11.0, 3.0, 24.0, 6.0, 4.0, 15.0, 30.0, 2.0, 29.0, 2.0, 13.0, 11.0, 15.0, 8.0, 16.0, 12.0, 11.0, 28.0, 6.0, 9.0, 10.0, 40.0, 12.0, 21.0, 10.0, 43.0, 6.0, 2.0, 10.0, 20.0, 14.0, 17.0, 4.0, 14.0, 18.0, 8.0, 16.0, 10.0, 9.0, 3.0, 38.0, 11.0, 5.0, 4.0, 7.0, 3.0, 2.0, 11.0, 11.0, 31.0, 2.0, 7.0, 8.0, 8.0, 62.0, 54.0, 18.0, 1.0, 6.0, 16.0, 33.0, 4.0, 11.0, 21.0, 2.0, 2.0, 22.0, 8.0, 3.0, 12.0, 32.0, 8.0, 8.0, 9.0, 13.0, 10.0, 17.0, 12.0, 22.0, 3.0, 38.0, 14.0, 28.0, 21.0, 20.0, 10.0, 3.0, 1.0, 39.0, 6.0, 1.0, 4.0, 13.0, 39.0, 4.0, 9.0, 9.0, 25.0, 3.0, 40.0, 22.0, 14.0, 2.0, 2.0, 17.0, 17.0, 2.0, 7.0, 2.0, 4.0, 10.0, 2.0, 1.0, 10.0, 34.0, 3.0, 6.0, 6.0, 44.0, 2.0, 5.0, 11.0, 11.0, 3.0, 1.0, 22.0, 2.0, 10.0, 10.0, 36.0, 13.0, 22.0, 24.0, 10.0, 59.0, 3.0, 21.0, 25.0, 8.0, 22.0, 7.0, 15.0, 7.0, 5.0, 20.0, 1.0, 10.0, 35.0, 1.0, 1.0, 17.0, 11.0, 21.0, 40.0, 9.0, 34.0, 12.0, 17.0, 1.0, 15.0, 26.0, 26.0, 10.0, 69.0, 3.0, 26.0, 1.0, 4.0, 12.0, 9.0, 8.0, 31.0, 7.0, 4.0, 2.0, 24.0, 6.0, 21.0, 16.0, 10.0, 24.0, 13.0, 9.0, 10.0, 28.0, 1.0, 13.0, 10.0, 18.0, 18.0, 2.0, 10.0, 11.0, 9.0, 25.0, 11.0, 21.0, 6.0, 15.0, 10.0, 9.0, 11.0, 6.0, 12.0, 9.0, 10.0, 12.0, 20.0, 15.0, 23.0, 3.0, 33.0, 23.0, 27.0, 4.0, 1.0, 16.0, 37.0, 9.0, 46.0, 15.0, 16.0, 37.0, 2.0, 11.0, 33.0, 4.0, 4.0, 7.0, 14.0, 22.0, 2.0, 4.0, 11.0, 4.0, 10.0, 71.0, 13.0, 44.0, 18.0, 19.0, 2.0, 70.0, 19.0, 4.0, 4.0, 5.0, 9.0, 15.0, 16.0, 8.0, 1.0, 29.0, 2.0, 17.0, 12.0, 25.0, 12.0, 9.0, 1.0, 2.0, 18.0, 3.0, 19.0, 10.0, 4.0, 21.0, 11.0, 14.0, 1.0, 46.0, 13.0, 5.0, 4.0, 15.0, 17.0, 70.0, 13.0, 8.0, 4.0, 8.0, 11.0, 6.0, 10.0, 11.0, 16.0, 15.0, 7.0, 12.0, 34.0, 27.0, 3.0, 9.0, 27.0, 34.0, 6.0, 9.0, 1.0, 10.0, 29.0, 9.0, 33.0, 10.0, 11.0, 13.0, 8.0, 1.0, 5.0, 4.0, 20.0, 3.0, 22.0, 20.0, 7.0, 11.0, 3.0, 19.0, 5.0, 1.0, 7.0, 21.0, 11.0, 4.0, 45.0, 11.0, 24.0, 17.0, 4.0, 4.0, 34.0, 14.0, 5.0, 5.0, 40.0, 7.0, 10.0, 19.0, 1.0, 7.0, 9.0, 30.0, 7.0, 1.0, 34.0, 3.0, 14.0, 8.0, 9.0, 17.0, 65.0, 15.0, 8.0, 18.0, 4.0, 19.0, 1.0, 30.0, 3.0, 17.0, 26.0, 26.0, 30.0, 11.0, 25.0, 9.0, 24.0, 10.0, 3.0, 9.0, 4.0, 11.0, 13.0, 39.0, 19.0, 73.0, 17.0, 19.0, 1.0, 8.0, 37.0, 9.0, 1.0, 11.0, 5.0, 11.0, 42.0, 5.0, 3.0, 37.0, 23.0, 27.0, 6.0, 28.0, 4.0, 35.0, 10.0, 33.0, 11.0, 4.0, 27.0, 38.0, 3.0, 41.0, 4.0, 88.0, 2.0, 11.0, 5.0, 1.0, 12.0, 32.0, 37.0, 4.0, 2.0, 19.0, 3.0, 8.0, 7.0, 4.0, 21.0, 20.0, 38.0, 9.0, 1.0, 31.0, 6.0, 16.0, 14.0, 32.0, 10.0, 3.0, 37.0, 1.0, 17.0, 36.0, 1.0, 4.0, 16.0, 28.0, 1.0, 7.0, 1.0, 2.0, 12.0, 22.0, 2.0, 10.0, 18.0, 5.0, 1.0, 3.0, 2.0, 20.0, 5.0, 27.0, 9.0, 27.0, 11.0, 23.0, 36.0, 23.0, 33.0, 6.0, 25.0, 8.0, 7.0, 1.0, 43.0, 1.0, 7.0, 14.0, 23.0, 8.0, 17.0, 45.0, 11.0, 3.0, 3.0, 8.0, 3.0, 3.0, 22.0, 1.0, 10.0, 42.0, 33.0, 52.0, 24.0, 10.0, 12.0, 27.0, 7.0, 24.0, 15.0, 18.0, 6.0, 11.0, 18.0, 5.0, 8.0, 11.0, 22.0, 11.0, 10.0, 12.0, 14.0, 55.0, 7.0, 17.0, 20.0, 15.0, 7.0, 15.0, 2.0, 1.0, 65.0, 19.0, 8.0, 37.0, 3.0, 29.0, 24.0, 10.0, 2.0, 7.0, 19.0, 7.0, 3.0, 6.0, 1.0, 9.0, 11.0, 7.0, 38.0, 4.0, 2.0, 48.0, 5.0, 17.0, 23.0, 4.0, 23.0, 10.0, 10.0, 4.0, 27.0, 3.0, 4.0, 14.0, 20.0, 8.0, 9.0, 28.0, 3.0, 3.0, 14.0, 3.0, 1.0, 11.0, 2.0, 3.0, 3.0, 20.0, 13.0, 2.0, 16.0, 31.0, 9.0, 1.0, 65.0, 12.0, 11.0, 40.0, 10.0, 11.0, 40.0, 26.0, 7.0, 22.0, 17.0, 7.0, 2.0, 4.0, 22.0, 19.0, 4.0, 21.0, 19.0, 11.0, 4.0, 14.0, 3.0, 43.0, 31.0, 11.0, 24.0, 39.0, 5.0, 26.0, 4.0, 15.0, 7.0, 6.0, 16.0, 1.0, 10.0, 11.0, 13.0, 10.0, 1.0, 40.0, 22.0, 36.0, 15.0, 25.0, 4.0, 29.0, 6.0, 2.0, 2.0, 40.0, 2.0, 2.0, 23.0, 9.0, 3.0, 9.0, 45.0, 19.0, 2.0, 24.0, 13.0, 14.0, 5.0, 20.0, 30.0, 1.0, 29.0, 9.0, 30.0, 13.0, 1.0, 4.0, 10.0, 23.0, 21.0, 9.0, 4.0, 5.0, 10.0, 12.0, 16.0, 2.0, 25.0, 10.0, 9.0, 13.0, 10.0, 38.0, 8.0, 10.0, 3.0, 2.0, 4.0, 10.0, 11.0, 18.0, 5.0, 20.0, 11.0, 21.0, 21.0, 6.0, 1.0, 16.0, 10.0, 1.0, 16.0, 18.0, 7.0, 3.0, 10.0, 15.0, 11.0, 33.0, 1.0, 22.0, 48.0, 3.0, 2.0, 1.0, 23.0, 17.0, 5.0, 4.0, 13.0, 6.0, 3.0, 13.0, 14.0, 1.0, 19.0, 24.0, 13.0, 1.0, 2.0, 6.0, 1.0, 11.0, 2.0, 29.0, 64.0, 12.0, 5.0, 7.0, 25.0, 49.0, 7.0, 22.0, 24.0, 9.0, 11.0, 23.0, 14.0, 9.0, 32.0, 5.0, 22.0, 24.0, 12.0, 20.0, 46.0, 15.0, 18.0, 19.0, 30.0, 14.0, 4.0, 1.0, 15.0, 6.0, 11.0, 13.0, 4.0, 2.0, 18.0, 56.0, 12.0, 2.0, 10.0, 4.0, 9.0, 34.0, 38.0, 30.0, 14.0, 27.0, 6.0, 39.0, 1.0, 1.0, 12.0, 81.0, 8.0, 3.0, 11.0, 3.0, 23.0, 17.0, 2.0, 8.0, 3.0, 41.0, 7.0, 1.0, 12.0, 5.0, 14.0, 18.0, 33.0, 53.0, 37.0, 4.0, 1.0, 1.0, 15.0, 19.0, 5.0, 6.0, 7.0, 24.0, 5.0, 8.0, 12.0, 9.0, 6.0, 17.0, 2.0, 7.0, 4.0, 10.0, 11.0, 6.0, 2.0, 41.0, 23.0, 4.0, 11.0, 2.0, 2.0, 1.0, 39.0, 18.0, 14.0, 19.0, 11.0, 43.0, 22.0, 49.0, 24.0, 10.0, 1.0, 3.0, 4.0, 9.0, 21.0, 7.0, 1.0, 30.0, 9.0, 3.0, 9.0, 12.0, 3.0, 15.0, 8.0, 2.0, 26.0, 14.0, 3.0, 19.0, 18.0, 1.0, 6.0, 14.0, 34.0, 7.0, 1.0, 67.0, 24.0, 3.0, 18.0, 32.0, 41.0, 12.0, 5.0, 20.0, 2.0, 12.0, 18.0, 13.0, 19.0, 62.0, 22.0, 13.0, 5.0, 6.0, 6.0, 1.0, 25.0, 6.0, 12.0, 25.0, 8.0, 10.0, 16.0, 10.0, 1.0, 10.0, 4.0, 9.0, 1.0, 8.0, 9.0, 26.0, 3.0, 1.0, 22.0, 3.0, 48.0, 6.0, 23.0, 11.0, 13.0, 10.0, 10.0, 16.0, 11.0, 7.0, 21.0, 18.0, 8.0, 9.0, 5.0, 1.0, 3.0, 2.0, 43.0, 26.0, 7.0, 9.0, 5.0, 16.0, 22.0, 13.0, 3.0, 4.0, 20.0, 4.0, 34.0, 7.0, 21.0, 15.0, 3.0, 10.0, 11.0, 18.0, 28.0, 15.0, 1.0, 10.0, 10.0, 5.0, 18.0, 23.0, 18.0, 1.0, 17.0, 11.0, 10.0, 42.0, 20.0, 21.0, 9.0, 9.0, 6.0, 21.0, 9.0, 9.0, 4.0, 3.0, 4.0, 31.0, 4.0, 1.0, 55.0, 15.0, 31.0, 4.0, 9.0, 20.0, 14.0, 11.0, 26.0, 17.0, 22.0, 27.0, 16.0, 16.0, 3.0, 3.0, 16.0, 29.0, 24.0, 11.0, 7.0, 3.0, 3.0, 10.0, 3.0, 32.0, 25.0, 2.0, 9.0, 2.0, 16.0, 10.0, 6.0, 18.0, 11.0, 23.0, 9.0, 3.0, 8.0, 45.0, 1.0, 5.0, 4.0, 22.0, 14.0, 1.0, 4.0, 7.0, 5.0, 1.0, 63.0, 31.0, 16.0, 13.0, 15.0, 18.0, 8.0, 22.0, 15.0, 35.0, 19.0, 15.0, 1.0, 15.0, 30.0, 35.0, 11.0, 8.0, 8.0, 16.0, 7.0, 27.0, 1.0, 4.0, 16.0, 18.0, 72.0, 5.0, 18.0, 48.0, 38.0, 1.0, 35.0, 2.0, 11.0, 11.0, 13.0, 12.0, 3.0, 13.0, 16.0, 8.0, 21.0, 6.0, 34.0, 5.0, 4.0, 5.0, 6.0, 10.0, 39.0, 1.0, 10.0, 14.0, 39.0, 18.0, 12.0, 6.0, 10.0, 18.0, 4.0, 2.0, 23.0, 9.0, 10.0, 8.0, 14.0, 3.0, 5.0, 2.0, 11.0, 3.0, 24.0, 4.0, 10.0, 5.0, 22.0, 1.0, 7.0, 6.0, 9.0, 8.0, 10.0, 14.0, 9.0, 10.0, 4.0, 21.0, 10.0, 32.0, 3.0, 32.0, 9.0, 7.0, 1.0, 13.0, 18.0, 7.0, 30.0, 1.0, 36.0, 45.0, 4.0, 11.0, 29.0, 5.0, 10.0, 31.0, 13.0, 1.0, 1.0, 9.0, 24.0, 7.0, 10.0, 18.0, 23.0, 45.0, 36.0, 27.0, 37.0, 4.0, 4.0, 35.0, 19.0, 1.0, 18.0, 19.0, 20.0, 7.0, 12.0, 4.0, 34.0, 9.0, 4.0, 13.0, 4.0, 24.0, 31.0, 20.0, 7.0, 26.0, 21.0, 11.0, 28.0, 32.0, 10.0, 1.0, 11.0, 6.0, 1.0, 9.0, 39.0, 14.0, 8.0, 22.0, 44.0, 6.0, 16.0, 12.0, 27.0, 10.0, 15.0, 4.0, 62.0, 10.0, 13.0, 21.0, 4.0, 7.0, 11.0, 22.0, 10.0, 3.0, 7.0, 21.0, 3.0, 15.0, 5.0, 16.0, 2.0, 5.0, 31.0, 1.0, 6.0, 35.0, 8.0, 3.0, 16.0, 2.0, 31.0, 42.0, 20.0, 11.0, 62.0, 22.0, 3.0, 55.0, 11.0, 35.0, 11.0, 8.0, 3.0, 20.0, 2.0, 6.0, 4.0, 17.0, 10.0, 23.0, 9.0, 8.0, 1.0, 1.0, 10.0, 4.0, 12.0, 2.0, 16.0, 3.0, 1.0, 35.0, 14.0, 2.0, 28.0, 6.0, 55.0, 10.0, 50.0, 39.0, 14.0, 12.0, 6.0, 1.0, 63.0, 8.0, 4.0, 2.0, 8.0, 9.0, 27.0, 9.0, 8.0, 4.0, 54.0, 4.0, 5.0, 9.0, 7.0, 31.0, 38.0, 2.0, 15.0, 5.0, 9.0, 7.0, 3.0, 4.0, 21.0, 11.0, 20.0, 5.0, 28.0, 34.0, 31.0, 16.0, 3.0, 38.0, 5.0, 14.0, 38.0, 2.0, 30.0, 1.0, 4.0, 10.0, 2.0, 19.0, 9.0, 3.0, 16.0, 9.0, 16.0, 9.0, 9.0, 1.0, 6.0, 75.0, 30.0, 24.0, 18.0, 1.0, 9.0, 38.0, 26.0, 12.0, 9.0, 9.0, 18.0, 1.0, 9.0, 3.0, 24.0, 3.0, 21.0, 9.0, 6.0, 45.0, 16.0, 2.0, 7.0, 25.0, 22.0, 10.0, 15.0, 13.0, 14.0, 1.0, 23.0, 9.0, 13.0, 2.0, 5.0, 13.0, 9.0, 21.0, 6.0, 44.0, 10.0, 9.0, 38.0, 15.0, 15.0] 

traffic times
 [15.0, 5.0, 6.0, 6.0, 37.0, 8.0, 1.0, 6.0, 28.0, 11.0, 57.0, 29.0, 7.0, 2.0, 14.0, 9.0, 16.0, 15.0, 21.0, 6.0, 6.0, 2.0, 2.0, 12.0, 6.0, 10.0, 38.0, 17.0, 13.0, 35.0, 30.0, 3.0, 4.0, 7.0, 59.0, 5.0, 16.0, 10.0, 9.0, 7.0, 9.0, 40.0, 8.0, 16.0, 5.0, 15.0, 9.0, 3.0, 15.0, 4.0, 9.0, 11.0, 16.0, 6.0, 12.0, 4.0, 25.0, 7.0, 12.0, 19.0, 15.0, 6.0, 21.0, 12.0, 18.0, 39.0, 12.0, 36.0, 14.0, 6.0, 17.0, 20.0, 13.0, 22.0, 10.0, 10.0, 11.0, 8.0, 7.0, 3.0, 14.0, 8.0, 18.0, 8.0, 20.0, 23.0, 1.0, 5.0, 14.0, 11.0, 13.0, 9.0, 46.0, 29.0, 5.0, 16.0, 5.0, 20.0, 32.0, 6.0, 7.0, 28.0, 4.0, 14.0, 22.0, 1.0, 7.0, 4.0, 63.0, 5.0, 15.0, 8.0, 2.0, 6.0, 14.0, 1.0, 33.0, 15.0, 13.0, 10.0, 3.0, 1.0, 1.0, 53.0, 7.0, 5.0, 47.0, 25.0, 25.0, 16.0, 3.0, 15.0, 22.0, 10.0, 9.0, 18.0, 28.0, 4.0, 7.0, 5.0, 1.0, 14.0, 37.0, 7.0, 62.0, 30.0, 5.0, 10.0, 20.0, 9.0, 15.0, 10.0, 32.0, 14.0, 6.0, 29.0, 24.0, 7.0, 26.0, 6.0, 37.0, 41.0, 52.0, 8.0, 15.0, 8.0, 10.0, 7.0, 25.0, 9.0, 10.0, 15.0, 12.0, 17.0, 14.0, 2.0, 15.0, 29.0, 18.0, 17.0, 6.0, 8.0, 13.0, 8.0, 10.0, 66.0, 1.0, 14.0, 14.0, 19.0, 3.0, 2.0, 27.0, 1.0, 5.0, 36.0, 7.0, 13.0, 13.0, 38.0, 22.0, 13.0, 2.0, 35.0, 14.0, 13.0, 21.0, 7.0, 17.0, 5.0, 5.0, 7.0, 11.0, 20.0, 7.0, 18.0, 20.0, 9.0, 3.0, 22.0, 9.0, 2.0, 27.0, 10.0, 21.0, 11.0, 20.0, 5.0, 1.0, 19.0, 34.0, 32.0, 5.0, 11.0, 9.0, 1.0, 25.0, 14.0, 67.0, 19.0, 15.0, 7.0, 12.0, 7.0, 10.0, 16.0, 8.0, 1.0, 8.0, 2.0, 26.0, 1.0, 14.0, 1.0, 14.0, 28.0, 1.0, 2.0, 54.0, 1.0, 23.0, 6.0, 12.0, 4.0, 19.0, 22.0, 8.0, 1.0, 1.0, 2.0, 9.0, 9.0, 31.0, 10.0, 18.0, 21.0, 6.0, 11.0, 5.0, 32.0, 1.0, 3.0, 27.0, 9.0, 14.0, 25.0, 11.0, 1.0, 68.0, 11.0, 9.0, 6.0, 1.0, 22.0, 35.0, 6.0, 5.0, 45.0, 20.0, 1.0, 22.0, 1.0, 10.0, 11.0, 3.0, 13.0, 28.0, 19.0, 18.0, 2.0, 14.0, 1.0, 13.0, 32.0, 68.0, 1.0, 24.0, 19.0, 19.0, 11.0, 24.0, 18.0, 42.0, 18.0, 15.0, 20.0, 1.0, 26.0, 8.0, 15.0, 28.0, 20.0, 23.0, 60.0, 9.0, 3.0, 6.0, 27.0, 18.0, 1.0, 14.0, 9.0, 11.0, 53.0, 26.0, 1.0, 36.0, 14.0, 6.0, 11.0, 7.0, 1.0, 2.0, 6.0, 62.0, 24.0, 22.0, 14.0, 1.0, 7.0, 6.0, 8.0, 15.0, 5.0, 25.0, 22.0, 7.0, 7.0, 55.0, 34.0, 19.0, 2.0, 13.0, 12.0, 23.0, 4.0, 1.0, 1.0, 16.0, 8.0, 11.0, 18.0, 14.0, 3.0, 25.0, 44.0, 8.0, 1.0, 4.0, 5.0, 3.0, 52.0, 4.0, 14.0, 1.0, 7.0, 27.0, 22.0, 7.0, 13.0, 7.0, 7.0, 4.0, 17.0, 41.0, 63.0, 34.0, 9.0, 19.0, 42.0, 9.0, 15.0, 21.0, 2.0, 11.0, 18.0, 10.0, 1.0, 23.0, 10.0, 28.0, 3.0, 6.0, 16.0, 16.0, 3.0, 7.0, 11.0, 6.0, 5.0, 5.0, 33.0, 12.0, 24.0, 62.0, 10.0, 20.0, 7.0, 14.0, 31.0, 15.0, 9.0, 8.0, 18.0, 3.0, 16.0, 14.0, 52.0, 3.0, 6.0, 16.0, 14.0, 30.0, 20.0, 1.0, 2.0, 2.0, 12.0, 39.0, 3.0, 5.0, 15.0, 5.0, 4.0, 14.0, 1.0, 39.0, 1.0, 21.0, 21.0, 11.0, 2.0, 12.0, 12.0, 31.0, 31.0, 11.0, 19.0, 56.0, 79.0, 14.0, 16.0, 12.0, 21.0, 7.0, 2.0, 17.0, 2.0, 21.0, 3.0, 23.0, 13.0, 16.0, 10.0, 6.0, 20.0, 18.0, 1.0, 16.0, 4.0, 21.0, 2.0, 13.0, 21.0, 10.0, 25.0, 2.0, 3.0, 3.0, 7.0, 3.0, 14.0, 5.0, 14.0, 28.0, 6.0, 67.0, 16.0, 19.0, 15.0, 12.0, 9.0, 22.0, 20.0, 27.0, 12.0, 15.0, 2.0, 6.0, 27.0, 23.0, 9.0, 28.0, 16.0, 7.0, 8.0, 28.0, 3.0, 4.0, 16.0, 6.0, 1.0, 10.0, 22.0, 38.0, 31.0, 5.0, 34.0, 1.0, 12.0, 5.0, 21.0, 10.0, 11.0, 65.0, 20.0, 5.0, 18.0, 19.0, 31.0, 6.0, 18.0, 9.0, 2.0, 23.0, 11.0, 1.0, 1.0, 18.0, 24.0, 3.0, 15.0, 31.0, 58.0, 2.0, 7.0, 10.0, 24.0, 9.0, 39.0, 12.0, 5.0, 7.0, 2.0, 15.0, 12.0, 13.0, 1.0, 1.0, 4.0, 20.0, 13.0, 12.0, 4.0, 16.0, 17.0, 37.0, 2.0, 15.0, 21.0, 1.0, 12.0, 16.0, 18.0, 12.0, 4.0, 32.0, 8.0, 1.0, 42.0, 13.0, 30.0, 4.0, 22.0, 8.0, 12.0, 12.0, 1.0, 23.0, 6.0, 5.0, 54.0, 6.0, 58.0, 11.0, 6.0, 19.0, 5.0, 15.0, 4.0, 84.0, 45.0, 9.0, 10.0, 36.0, 21.0, 4.0, 4.0, 42.0, 3.0, 2.0, 13.0, 1.0, 7.0, 23.0, 1.0, 5.0, 12.0, 14.0, 7.0, 11.0, 4.0, 8.0, 23.0, 18.0, 12.0, 7.0, 17.0, 9.0, 47.0, 5.0, 8.0, 3.0, 24.0, 12.0, 28.0, 19.0, 1.0, 13.0, 6.0, 4.0, 5.0, 60.0, 18.0, 1.0, 28.0, 48.0, 20.0, 8.0, 7.0, 15.0, 15.0, 2.0, 12.0, 23.0, 16.0, 11.0, 1.0, 15.0, 26.0, 2.0, 8.0, 12.0, 31.0, 3.0, 14.0, 13.0, 13.0, 3.0, 12.0, 19.0, 7.0, 15.0, 6.0, 26.0, 4.0, 1.0, 52.0, 6.0, 5.0, 21.0, 14.0, 11.0, 10.0, 3.0, 4.0, 3.0, 15.0, 34.0, 20.0, 5.0, 1.0, 26.0, 2.0, 16.0, 5.0, 3.0, 2.0, 6.0, 13.0, 13.0, 31.0, 9.0, 22.0, 11.0, 1.0, 4.0, 10.0, 10.0, 5.0, 2.0, 43.0, 32.0, 7.0, 7.0, 19.0, 5.0, 15.0, 37.0, 10.0, 17.0, 23.0, 5.0, 5.0, 4.0, 8.0, 61.0, 23.0, 10.0, 22.0, 14.0, 1.0, 12.0, 22.0, 13.0, 18.0, 28.0, 3.0, 10.0, 16.0, 9.0, 13.0, 1.0, 14.0, 14.0, 1.0, 49.0, 1.0, 10.0, 2.0, 9.0, 11.0, 8.0, 1.0, 23.0, 18.0, 8.0, 35.0, 1.0, 1.0, 9.0, 6.0, 9.0, 1.0, 1.0, 30.0, 2.0, 11.0, 15.0, 12.0, 8.0, 10.0, 16.0, 32.0, 14.0, 15.0, 35.0, 7.0, 32.0, 20.0, 40.0, 1.0, 22.0, 8.0, 8.0, 20.0, 14.0, 15.0, 3.0, 12.0, 10.0, 6.0, 26.0, 14.0, 41.0, 2.0, 2.0, 28.0, 13.0, 9.0, 6.0, 12.0, 9.0, 11.0, 13.0, 1.0, 4.0, 31.0, 12.0, 50.0, 23.0, 23.0, 1.0, 1.0, 1.0, 8.0, 1.0, 6.0, 19.0, 1.0, 7.0, 13.0, 13.0, 11.0, 15.0, 26.0, 38.0, 25.0, 3.0, 3.0, 2.0, 14.0, 5.0, 4.0, 5.0, 9.0, 13.0, 12.0, 15.0, 7.0, 1.0, 24.0, 20.0, 14.0, 5.0, 15.0, 10.0, 1.0, 18.0, 21.0, 5.0, 30.0, 16.0, 17.0, 32.0, 9.0, 29.0, 1.0, 19.0, 17.0, 9.0, 1.0, 15.0, 8.0, 23.0, 92.0, 20.0, 20.0, 94.0, 14.0, 28.0, 5.0, 42.0, 28.0, 15.0, 9.0, 27.0, 23.0, 5.0, 17.0, 10.0, 29.0, 1.0, 4.0, 22.0, 6.0, 16.0, 44.0, 3.0, 13.0, 1.0, 40.0, 8.0, 15.0, 3.0, 12.0, 12.0, 1.0, 24.0, 6.0, 41.0, 26.0, 3.0, 1.0, 3.0, 1.0, 17.0, 2.0, 9.0, 28.0, 4.0, 10.0, 11.0, 25.0, 11.0, 22.0, 10.0, 20.0, 25.0, 27.0, 23.0, 16.0, 65.0, 15.0, 5.0, 57.0, 31.0, 1.0, 18.0, 3.0, 10.0, 8.0, 14.0, 1.0, 6.0, 69.0, 1.0, 23.0, 75.0, 11.0, 27.0, 15.0, 7.0, 3.0, 15.0, 36.0, 24.0, 19.0, 22.0, 34.0, 42.0, 4.0, 20.0, 15.0, 15.0, 42.0, 24.0, 25.0, 8.0, 24.0, 12.0, 16.0, 5.0, 14.0, 13.0, 7.0, 33.0, 10.0, 30.0, 14.0, 26.0, 9.0, 8.0, 14.0, 5.0, 6.0, 10.0, 6.0, 9.0, 11.0, 13.0, 2.0, 1.0, 14.0] 

total times
 [15.0, 6.0, 15.0, 5.0, 10.0, 12.0, 4.0, 24.0, 6.0, 18.0, 4.0, 46.0, 17.0, 5.0, 9.0, 60.0, 17.0, 8.0, 18.0, 8.0, 17.0, 29.0, 8.0, 20.0, 54.0, 21.0, 13.0, 15.0, 37.0, 3.0, 52.0, 5.0, 30.0, 2.0, 45.0, 20.0, 33.0, 1.0, 78.0, 6.0, 34.0, 29.0, 10.0, 7.0, 20.0, 25.0, 16.0, 33.0, 12.0, 73.0, 40.0, 9.0, 7.0, 14.0, 6.0, 22.0, 2.0, 1.0, 1.0, 3.0, 2.0, 1.0, 15.0, 29.0, 7.0, 7.0, 11.0, 27.0, 26.0, 5.0, 5.0, 1.0, 8.0, 20.0, 31.0, 6.0, 1.0, 7.0, 12.0, 14.0, 27.0, 21.0, 2.0, 42.0, 12.0, 33.0, 13.0, 24.0, 1.0, 23.0, 47.0, 35.0, 4.0, 40.0, 1.0, 4.0, 4.0, 27.0, 12.0, 59.0, 27.0, 7.0, 59.0, 5.0, 6.0, 26.0, 69.0, 10.0, 9.0, 11.0, 51.0, 8.0, 7.0, 22.0, 9.0, 15.0, 6.0, 46.0, 27.0, 21.0, 46.0, 10.0, 1.0, 1.0, 9.0, 9.0, 15.0, 1.0, 46.0, 10.0, 14.0, 25.0, 29.0, 1.0, 1.0, 3.0, 7.0, 12.0, 23.0, 21.0, 18.0, 49.0, 7.0, 5.0, 15.0, 19.0, 13.0, 9.0, 3.0, 12.0, 26.0, 1.0, 48.0, 12.0, 9.0, 15.0, 9.0, 3.0, 24.0, 12.0, 12.0, 20.0, 6.0, 2.0, 9.0, 13.0, 1.0, 44.0, 1.0, 18.0, 5.0, 23.0, 7.0, 13.0, 22.0, 6.0, 8.0, 6.0, 2.0, 4.0, 2.0, 10.0, 25.0, 1.0, 23.0, 4.0, 26.0, 6.0, 93.0, 18.0, 14.0, 65.0, 12.0, 18.0, 13.0, 12.0, 25.0, 29.0, 60.0, 15.0, 10.0, 35.0, 19.0, 14.0, 5.0, 21.0, 17.0, 9.0, 6.0, 21.0, 4.0, 9.0, 2.0, 19.0, 1.0, 33.0, 16.0, 8.0, 14.0, 19.0, 18.0, 39.0, 27.0, 23.0, 7.0, 15.0, 7.0, 23.0, 23.0, 12.0, 36.0, 3.0, 14.0, 23.0, 40.0, 12.0, 37.0, 10.0, 37.0, 45.0, 8.0, 9.0, 21.0, 17.0, 45.0, 5.0, 3.0, 22.0, 3.0, 20.0, 33.0, 20.0, 64.0, 17.0, 13.0, 32.0, 74.0, 9.0, 7.0, 23.0, 10.0, 32.0, 19.0, 22.0, 18.0, 11.0, 18.0, 16.0, 8.0, 61.0, 25.0, 5.0, 29.0, 3.0, 7.0, 8.0, 30.0, 19.0, 8.0, 16.0, 40.0, 18.0, 40.0, 20.0, 14.0, 4.0, 1.0, 4.0, 8.0, 18.0, 43.0, 9.0, 30.0, 1.0, 6.0, 23.0, 4.0, 13.0, 10.0, 2.0, 9.0, 23.0, 7.0, 8.0, 10.0, 14.0, 2.0, 11.0, 11.0, 13.0, 10.0, 11.0, 19.0, 47.0, 108.0, 5.0, 19.0, 4.0, 12.0, 21.0, 44.0, 22.0, 7.0, 6.0, 10.0, 13.0, 38.0, 32.0, 6.0, 7.0, 32.0, 6.0, 29.0, 1.0, 33.0, 12.0, 6.0, 12.0, 4.0, 14.0, 9.0, 46.0, 14.0, 46.0, 9.0, 18.0, 11.0, 22.0, 8.0, 44.0, 33.0, 7.0, 102.0, 21.0, 6.0, 3.0, 20.0, 9.0, 8.0, 95.0, 5.0, 28.0, 5.0, 40.0, 27.0, 1.0, 12.0, 13.0, 19.0, 21.0, 5.0, 29.0, 22.0, 10.0, 6.0, 26.0, 7.0, 9.0, 9.0, 8.0, 2.0, 19.0, 4.0, 19.0, 3.0, 20.0, 53.0, 9.0, 18.0, 33.0, 21.0, 15.0, 1.0, 13.0, 10.0, 10.0, 3.0, 12.0, 23.0, 1.0, 13.0, 35.0, 10.0, 13.0, 10.0, 53.0, 7.0, 19.0, 32.0, 7.0, 10.0, 5.0, 47.0, 25.0, 6.0, 25.0, 3.0, 8.0, 5.0, 16.0, 11.0, 9.0, 39.0, 7.0, 3.0, 15.0, 9.0, 22.0, 10.0, 2.0, 18.0, 8.0, 10.0, 27.0, 27.0, 6.0, 14.0, 2.0, 21.0, 10.0, 28.0, 2.0, 9.0, 17.0, 19.0, 2.0, 25.0, 10.0, 11.0, 9.0, 8.0, 9.0, 48.0, 53.0, 9.0, 23.0, 42.0, 14.0, 3.0, 10.0, 75.0, 32.0, 15.0, 7.0, 7.0, 92.0, 19.0, 40.0, 34.0, 6.0, 10.0, 20.0, 32.0, 22.0, 18.0, 53.0, 10.0, 7.0, 10.0, 35.0, 41.0, 3.0, 4.0, 4.0, 16.0, 18.0, 6.0, 15.0, 18.0, 3.0, 29.0, 13.0, 9.0, 47.0, 7.0, 24.0, 26.0, 6.0, 60.0, 49.0, 9.0, 34.0, 19.0, 7.0, 1.0, 14.0, 8.0, 42.0, 9.0, 15.0, 41.0, 52.0, 8.0, 1.0, 20.0, 16.0, 17.0, 5.0, 12.0, 10.0, 11.0, 95.0, 3.0, 4.0, 55.0, 18.0, 7.0, 40.0, 15.0, 8.0, 12.0, 51.0, 7.0, 17.0, 15.0, 35.0, 2.0, 79.0, 37.0, 12.0, 2.0, 5.0, 16.0, 27.0, 9.0, 33.0, 43.0, 24.0, 35.0, 12.0, 13.0, 6.0, 19.0, 11.0, 10.0, 17.0, 23.0, 41.0, 11.0, 8.0, 12.0, 8.0, 1.0, 1.0, 32.0, 29.0, 13.0, 8.0, 13.0, 1.0, 5.0, 14.0, 12.0, 86.0, 2.0, 3.0, 32.0, 20.0, 14.0, 101.0, 21.0, 35.0, 103.0, 9.0, 39.0, 4.0, 2.0, 17.0, 14.0, 18.0, 23.0, 26.0, 10.0, 2.0, 37.0, 15.0, 13.0, 3.0, 8.0, 30.0, 25.0, 38.0, 27.0, 14.0, 49.0, 1.0, 5.0, 8.0, 72.0, 4.0, 1.0, 26.0, 24.0, 3.0, 23.0, 16.0, 12.0, 62.0, 9.0, 1.0, 26.0, 3.0, 2.0, 36.0, 7.0, 23.0, 8.0, 23.0, 13.0, 7.0, 40.0, 38.0, 5.0, 22.0, 11.0, 8.0, 87.0, 2.0, 2.0, 5.0, 8.0, 68.0, 11.0, 4.0, 8.0, 14.0, 14.0, 29.0, 4.0, 15.0, 42.0, 17.0, 2.0, 41.0, 21.0, 8.0, 11.0, 17.0, 5.0, 45.0, 2.0, 10.0, 34.0, 9.0, 20.0, 5.0, 5.0, 11.0, 27.0, 8.0, 7.0, 8.0, 12.0, 31.0, 33.0, 3.0, 29.0, 20.0, 28.0, 12.0, 26.0, 20.0, 62.0, 11.0, 2.0, 59.0, 5.0, 6.0, 42.0, 13.0, 46.0, 8.0, 18.0, 5.0, 22.0, 8.0, 4.0, 11.0, 11.0, 14.0, 1.0, 13.0, 18.0, 39.0, 8.0, 27.0, 11.0, 38.0, 27.0, 19.0, 18.0, 9.0, 87.0, 6.0, 9.0, 8.0, 8.0, 5.0, 11.0, 59.0, 17.0, 7.0, 11.0, 21.0, 7.0, 35.0, 27.0, 20.0, 12.0, 1.0, 25.0, 11.0, 34.0, 5.0, 32.0, 6.0, 16.0, 17.0, 66.0, 22.0, 10.0, 28.0, 33.0, 5.0, 5.0, 11.0, 9.0, 46.0, 8.0, 4.0, 7.0, 13.0, 1.0, 1.0, 8.0, 44.0, 23.0, 1.0, 68.0, 19.0, 28.0, 22.0, 1.0, 4.0, 5.0, 16.0, 19.0, 12.0, 2.0, 19.0, 38.0, 9.0, 35.0, 8.0, 22.0, 6.0, 52.0, 2.0, 10.0, 14.0, 9.0, 39.0, 43.0, 2.0, 5.0, 23.0, 22.0, 11.0, 16.0, 20.0, 13.0, 45.0, 5.0, 8.0, 9.0, 18.0, 31.0, 9.0, 21.0, 20.0, 13.0, 11.0, 11.0, 26.0, 34.0, 6.0, 21.0, 15.0, 16.0, 1.0, 14.0, 14.0, 1.0, 18.0, 24.0, 6.0, 60.0, 30.0, 1.0, 19.0, 38.0, 28.0, 35.0, 19.0, 50.0, 27.0, 1.0, 80.0, 23.0, 54.0, 34.0, 9.0, 16.0, 1.0, 13.0, 9.0, 8.0, 7.0, 13.0, 5.0, 6.0, 23.0, 22.0, 31.0, 29.0, 16.0, 12.0, 5.0, 8.0, 19.0, 40.0, 6.0, 4.0, 8.0, 15.0, 11.0, 57.0, 1.0, 2.0, 2.0, 9.0, 9.0, 3.0, 14.0, 20.0, 5.0, 7.0, 4.0, 5.0, 4.0, 29.0, 24.0, 31.0, 10.0, 30.0, 1.0, 3.0, 18.0, 20.0, 9.0, 18.0, 2.0, 33.0, 10.0, 30.0, 26.0, 33.0, 4.0, 70.0, 40.0, 18.0, 31.0, 15.0, 1.0, 13.0, 11.0, 3.0, 55.0, 3.0, 10.0, 51.0, 20.0, 32.0, 27.0, 9.0, 17.0, 4.0, 5.0, 14.0, 25.0, 50.0, 1.0, 26.0, 1.0, 68.0, 30.0, 47.0, 2.0, 20.0, 11.0, 9.0, 24.0, 38.0, 31.0, 10.0, 6.0, 20.0, 1.0, 22.0, 10.0, 13.0, 10.0, 3.0, 3.0, 12.0, 11.0, 35.0, 26.0, 35.0, 6.0, 48.0, 8.0, 47.0, 9.0, 12.0, 25.0, 15.0, 20.0, 11.0, 2.0, 7.0, 35.0, 11.0, 9.0, 7.0, 11.0, 19.0, 1.0, 9.0, 7.0, 39.0, 28.0, 9.0, 12.0, 22.0, 3.0, 11.0, 14.0, 5.0, 5.0, 1.0, 1.0, 10.0, 6.0, 82.0, 8.0, 8.0, 14.0, 15.0, 22.0, 44.0, 9.0, 48.0, 24.0, 13.0, 9.0, 15.0, 18.0, 11.0, 28.0, 10.0, 7.0, 19.0, 18.0, 10.0, 2.0, 11.0, 24.0, 14.0, 12.0, 10.0, 19.0, 16.0, 15.0, 9.0, 5.0, 40.0, 9.0, 13.0, 32.0, 86.0, 68.0, 1.0, 26.0, 26.0, 19.0, 19.0, 11.0, 27.0, 25.0, 20.0, 34.0, 28.0, 54.0, 45.0, 34.0, 15.0, 13.0, 9.0, 12.0, 6.0, 20.0, 34.0, 4.0, 21.0, 9.0, 1.0, 3.0, 22.0, 1.0, 26.0, 29.0, 8.0, 27.0, 35.0, 28.0, 6.0, 4.0, 54.0, 40.0, 21.0, 33.0, 18.0, 30.0, 94.0, 5.0, 27.0, 7.0, 11.0, 12.0, 34.0, 29.0, 18.0, 29.0, 6.0, 27.0, 6.0, 18.0, 5.0, 1.0, 32.0, 9.0, 12.0, 11.0, 3.0, 21.0, 58.0, 10.0, 21.0, 4.0, 9.0, 44.0, 1.0, 7.0, 21.0, 4.0, 10.0, 56.0, 40.0, 9.0, 41.0, 15.0, 33.0, 42.0, 3.0, 11.0, 6.0, 11.0, 6.0, 3.0, 3.0, 9.0, 9.0, 31.0, 10.0, 19.0, 22.0, 11.0, 12.0, 19.0, 10.0, 16.0, 21.0, 1.0, 5.0, 4.0, 51.0, 23.0, 62.0, 3.0, 48.0, 14.0, 22.0, 24.0, 7.0, 3.0, 30.0, 12.0, 11.0, 1.0, 32.0, 11.0, 6.0, 25.0, 16.0, 5.0, 17.0, 2.0, 12.0, 42.0, 18.0, 1.0, 6.0, 7.0, 6.0, 16.0, 39.0, 49.0, 20.0, 57.0, 13.0, 5.0, 66.0, 7.0, 19.0, 1.0, 26.0, 35.0, 44.0, 53.0, 1.0, 29.0, 5.0, 25.0, 10.0, 6.0, 2.0, 6.0, 36.0, 15.0, 55.0, 13.0, 15.0, 36.0, 33.0, 28.0, 30.0, 1.0, 20.0, 19.0, 2.0, 12.0, 2.0, 10.0, 2.0, 10.0, 23.0, 20.0, 21.0, 12.0, 12.0, 4.0, 69.0, 8.0, 24.0, 19.0, 6.0, 4.0, 7.0, 10.0, 9.0, 28.0, 1.0, 9.0, 34.0, 9.0, 50.0, 39.0, 61.0, 40.0, 30.0, 23.0, 17.0, 19.0, 10.0, 10.0, 3.0, 6.0, 13.0, 13.0, 14.0, 10.0, 23.0, 8.0, 13.0, 8.0, 79.0, 4.0, 4.0, 1.0, 3.0, 11.0, 12.0, 26.0, 3.0, 15.0, 26.0, 25.0, 75.0, 12.0, 22.0, 29.0, 15.0, 6.0, 1.0, 18.0, 23.0, 2.0, 20.0, 11.0, 9.0, 42.0, 32.0, 24.0, 2.0, 9.0, 4.0, 41.0, 5.0, 21.0, 1.0, 21.0, 4.0, 18.0, 11.0, 24.0, 1.0, 18.0, 52.0, 3.0, 10.0, 6.0, 15.0, 38.0, 12.0, 23.0, 1.0, 26.0, 11.0, 27.0, 17.0, 1.0, 76.0, 11.0, 2.0, 7.0, 27.0, 7.0, 10.0, 21.0, 4.0, 19.0, 66.0, 41.0, 2.0, 14.0, 1.0, 23.0, 15.0, 1.0, 17.0, 66.0, 19.0, 17.0, 4.0, 9.0, 1.0, 45.0, 14.0, 5.0, 8.0, 53.0, 2.0, 8.0, 6.0, 1.0, 10.0, 27.0, 7.0, 40.0, 20.0, 13.0, 45.0, 33.0, 38.0, 24.0, 18.0, 5.0, 21.0, 22.0, 34.0, 37.0, 19.0, 42.0, 26.0, 20.0, 24.0, 15.0, 5.0, 14.0, 67.0, 4.0, 33.0, 21.0, 7.0, 11.0, 8.0, 2.0, 11.0, 10.0, 4.0, 14.0, 43.0, 1.0, 13.0, 45.0, 7.0, 5.0, 1.0, 26.0, 8.0, 36.0, 46.0, 40.0, 1.0, 18.0, 2.0, 11.0, 10.0, 77.0, 28.0, 35.0, 6.0, 39.0, 6.0, 6.0, 9.0, 23.0, 29.0, 16.0, 51.0, 29.0, 9.0, 12.0, 7.0, 10.0, 1.0, 11.0, 4.0, 8.0, 2.0, 20.0, 40.0, 67.0, 5.0, 9.0, 1.0, 39.0, 6.0, 6.0, 18.0, 5.0, 10.0, 9.0, 32.0, 33.0, 10.0, 8.0, 11.0, 4.0, 10.0, 53.0, 21.0, 12.0, 7.0, 10.0, 52.0, 23.0, 27.0, 26.0, 23.0, 9.0, 54.0, 62.0, 10.0, 16.0, 3.0, 9.0, 11.0, 40.0, 12.0, 20.0, 37.0, 19.0, 16.0, 6.0, 6.0, 25.0, 32.0, 32.0, 15.0, 59.0, 14.0, 22.0, 13.0, 9.0, 27.0, 1.0, 5.0, 55.0, 5.0, 10.0, 18.0, 18.0, 27.0, 18.0, 46.0, 27.0, 14.0, 52.0, 14.0, 17.0, 70.0, 13.0, 1.0, 6.0, 11.0, 1.0, 28.0, 6.0, 2.0, 24.0, 5.0, 29.0, 7.0, 23.0, 2.0, 17.0, 47.0, 31.0, 20.0, 6.0, 1.0, 8.0, 12.0, 12.0, 10.0, 5.0, 1.0, 6.0, 10.0, 5.0, 1.0, 7.0, 1.0, 9.0, 4.0, 21.0, 3.0, 7.0, 2.0, 24.0, 5.0, 10.0, 6.0, 21.0, 2.0, 12.0, 17.0, 43.0, 15.0, 25.0, 58.0, 2.0, 14.0, 20.0, 9.0, 7.0, 20.0, 51.0, 38.0, 2.0, 35.0, 1.0, 6.0, 22.0, 17.0, 35.0, 25.0, 24.0, 5.0, 17.0, 4.0, 11.0, 3.0, 11.0, 41.0, 9.0, 4.0, 47.0, 25.0, 23.0, 20.0, 1.0, 20.0, 2.0, 9.0, 22.0, 21.0, 7.0, 31.0, 11.0, 11.0, 5.0, 6.0, 48.0, 6.0, 7.0, 13.0, 12.0, 5.0, 41.0, 4.0, 6.0, 8.0, 28.0, 1.0, 3.0, 3.0, 6.0, 31.0, 56.0, 6.0, 12.0, 19.0, 11.0, 9.0, 11.0, 56.0, 79.0, 26.0, 14.0, 6.0, 17.0, 9.0, 15.0, 51.0, 32.0, 21.0, 8.0, 6.0, 44.0, 7.0, 2.0, 47.0, 5.0, 1.0, 8.0, 15.0, 16.0, 13.0, 1.0, 62.0, 17.0, 19.0, 4.0, 6.0, 101.0, 19.0, 6.0, 2.0, 26.0, 7.0, 30.0, 12.0, 8.0, 13.0, 16.0, 4.0, 9.0, 11.0, 18.0, 14.0, 11.0, 30.0, 3.0, 24.0, 6.0, 4.0, 15.0, 30.0, 2.0, 29.0, 2.0, 13.0, 11.0, 30.0, 8.0, 16.0, 12.0, 20.0, 11.0, 28.0, 6.0, 9.0, 10.0, 67.0, 12.0, 21.0, 10.0, 43.0, 6.0, 2.0, 10.0, 21.0, 37.0, 17.0, 4.0, 18.0, 18.0, 21.0, 2.0, 19.0, 21.0, 24.0, 50.0, 10.0, 9.0, 3.0, 38.0, 11.0, 5.0, 4.0, 7.0, 3.0, 2.0, 2.0, 11.0, 11.0, 31.0, 2.0, 7.0, 8.0, 8.0, 62.0, 57.0, 30.0, 1.0, 7.0, 8.0, 16.0, 5.0, 27.0, 28.0, 29.0, 67.0, 33.0, 4.0, 11.0, 21.0, 27.0, 2.0, 2.0, 22.0, 8.0, 3.0, 12.0, 60.0, 8.0, 23.0, 14.0, 9.0, 22.0, 29.0, 27.0, 13.0, 29.0, 17.0, 12.0, 22.0, 3.0, 38.0, 14.0, 20.0, 28.0, 21.0, 20.0, 10.0, 5.0, 1.0, 39.0, 10.0, 6.0, 1.0, 33.0, 4.0, 23.0, 9.0, 13.0, 39.0, 30.0, 4.0, 16.0, 10.0, 9.0, 9.0, 40.0, 3.0, 40.0, 22.0, 14.0, 2.0, 2.0, 28.0, 3.0, 4.0, 16.0, 23.0, 1.0, 10.0, 17.0, 2.0, 22.0, 7.0, 2.0, 4.0, 10.0, 38.0, 33.0, 1.0, 24.0, 34.0, 34.0, 3.0, 6.0, 16.0, 44.0, 2.0, 5.0, 59.0, 12.0, 16.0, 11.0, 21.0, 3.0, 11.0, 22.0, 2.0, 10.0, 10.0, 36.0, 13.0, 22.0, 11.0, 89.0, 30.0, 59.0, 15.0, 21.0, 25.0, 8.0, 22.0, 7.0, 15.0, 7.0, 18.0, 5.0, 20.0, 1.0, 10.0, 35.0, 1.0, 1.0, 19.0, 17.0, 42.0, 36.0, 40.0, 34.0, 51.0, 12.0, 17.0, 1.0, 15.0, 2.0, 26.0, 26.0, 10.0, 69.0, 3.0, 26.0, 1.0, 4.0, 12.0, 9.0, 23.0, 8.0, 31.0, 7.0, 4.0, 2.0, 11.0, 34.0, 6.0, 21.0, 16.0, 1.0, 10.0, 24.0, 13.0, 36.0, 28.0, 10.0, 28.0, 11.0, 13.0, 10.0, 18.0, 18.0, 2.0, 10.0, 15.0, 11.0, 9.0, 25.0, 11.0, 33.0, 58.0, 21.0, 6.0, 15.0, 10.0, 6.0, 9.0, 11.0, 9.0, 6.0, 12.0, 9.0, 10.0, 28.0, 20.0, 15.0, 23.0, 33.0, 3.0, 33.0, 39.0, 27.0, 48.0, 4.0, 1.0, 16.0, 37.0, 27.0, 46.0, 15.0, 16.0, 37.0, 2.0, 2.0, 5.0, 11.0, 33.0, 4.0, 20.0, 7.0, 2.0, 14.0, 15.0, 22.0, 2.0, 12.0, 4.0, 11.0, 4.0, 10.0, 92.0, 13.0, 44.0, 18.0, 19.0, 2.0, 71.0, 30.0, 8.0, 4.0, 20.0, 5.0, 9.0, 15.0, 16.0, 8.0, 14.0, 29.0, 2.0, 17.0, 12.0, 25.0, 32.0, 9.0, 1.0, 2.0, 18.0, 4.0, 16.0, 3.0, 19.0, 22.0, 10.0, 37.0, 4.0, 21.0, 11.0, 14.0, 1.0, 46.0, 13.0, 5.0, 6.0, 15.0, 17.0, 15.0, 70.0, 13.0, 8.0, 4.0, 8.0, 11.0, 6.0, 10.0, 11.0, 37.0, 15.0, 7.0, 12.0, 35.0, 27.0, 3.0, 9.0, 48.0, 34.0, 6.0, 9.0, 1.0, 24.0, 10.0, 29.0, 9.0, 33.0, 10.0, 11.0, 13.0, 22.0, 8.0, 12.0, 5.0, 32.0, 5.0, 4.0, 20.0, 3.0, 22.0, 20.0, 7.0, 8.0, 1.0, 11.0, 3.0, 19.0, 47.0, 1.0, 7.0, 13.0, 60.0, 11.0, 4.0, 45.0, 11.0, 24.0, 17.0, 4.0, 4.0, 34.0, 14.0, 18.0, 5.0, 40.0, 7.0, 32.0, 8.0, 18.0, 19.0, 13.0, 7.0, 9.0, 30.0, 7.0, 1.0, 44.0, 3.0, 14.0, 8.0, 9.0, 24.0, 9.0, 17.0, 65.0, 5.0, 54.0, 21.0, 66.0, 11.0, 18.0, 4.0, 19.0, 1.0, 6.0, 49.0, 8.0, 15.0, 3.0, 29.0, 26.0, 26.0, 84.0, 30.0, 11.0, 78.0, 9.0, 17.0, 24.0, 10.0, 3.0, 27.0, 4.0, 11.0, 13.0, 39.0, 36.0, 19.0, 21.0, 77.0, 17.0, 19.0, 1.0, 4.0, 8.0, 37.0, 9.0, 43.0, 3.0, 11.0, 5.0, 11.0, 2.0, 21.0, 54.0, 5.0, 3.0, 7.0, 37.0, 23.0, 58.0, 6.0, 28.0, 4.0, 35.0, 1.0, 5.0, 12.0, 10.0, 33.0, 11.0, 4.0, 46.0, 38.0, 3.0, 41.0, 4.0, 88.0, 2.0, 11.0, 12.0, 5.0, 11.0, 1.0, 12.0, 32.0, 37.0, 4.0, 2.0, 32.0, 8.0, 23.0, 18.0, 12.0, 3.0, 8.0, 7.0, 4.0, 7.0, 17.0, 13.0, 73.0, 20.0, 38.0, 9.0, 9.0, 17.0, 31.0, 6.0, 16.0, 14.0, 32.0, 10.0, 3.0, 37.0, 1.0, 17.0, 39.0, 1.0, 28.0, 17.0, 16.0, 28.0, 28.0, 27.0, 7.0, 1.0, 2.0, 12.0, 22.0, 2.0, 10.0, 18.0, 5.0, 1.0, 3.0, 2.0, 1.0, 20.0, 5.0, 13.0, 6.0, 27.0, 9.0, 27.0, 11.0, 23.0, 36.0, 4.0, 35.0, 33.0, 6.0, 65.0, 18.0, 25.0, 8.0, 8.0, 38.0, 43.0, 1.0, 7.0, 14.0, 23.0, 8.0, 65.0, 45.0, 20.0, 11.0, 3.0, 3.0, 8.0, 3.0, 3.0, 22.0, 1.0, 10.0, 8.0, 42.0, 33.0, 52.0, 38.0, 10.0, 15.0, 33.0, 7.0, 12.0, 57.0, 16.0, 7.0, 40.0, 25.0, 18.0, 6.0, 11.0, 43.0, 5.0, 40.0, 11.0, 22.0, 11.0, 10.0, 12.0, 14.0, 57.0, 7.0, 17.0, 20.0, 15.0, 7.0, 33.0, 12.0, 41.0, 4.0, 65.0, 19.0, 8.0, 51.0, 3.0, 13.0, 29.0, 24.0, 10.0, 2.0, 7.0, 19.0, 7.0, 25.0, 6.0, 1.0, 9.0, 11.0, 7.0, 38.0, 7.0, 12.0, 19.0, 2.0, 48.0, 5.0, 17.0, 23.0, 11.0, 23.0, 15.0, 23.0, 10.0, 4.0, 27.0, 26.0, 3.0, 8.0, 1.0, 14.0, 20.0, 8.0, 9.0, 52.0, 34.0, 3.0, 8.0, 14.0, 21.0, 3.0, 19.0, 1.0, 11.0, 2.0, 19.0, 3.0, 13.0, 20.0, 13.0, 2.0, 16.0, 31.0, 9.0, 12.0, 4.0, 77.0, 12.0, 15.0, 11.0, 42.0, 60.0, 10.0, 5.0, 11.0, 1.0, 40.0, 26.0, 7.0, 26.0, 22.0, 7.0, 17.0, 7.0, 2.0, 4.0, 22.0, 19.0, 16.0, 9.0, 21.0, 19.0, 11.0, 4.0, 7.0, 14.0, 2.0, 3.0, 43.0, 31.0, 11.0, 24.0, 39.0, 5.0, 26.0, 4.0, 6.0, 13.0, 15.0, 7.0, 13.0, 36.0, 6.0, 16.0, 1.0, 10.0, 11.0, 13.0, 10.0, 1.0, 40.0, 22.0, 9.0, 65.0, 11.0, 15.0, 25.0, 4.0, 29.0, 1.0, 6.0, 2.0, 2.0, 40.0, 2.0, 2.0, 23.0, 4.0, 9.0, 3.0, 9.0, 10.0, 63.0, 5.0, 19.0, 13.0, 24.0, 13.0, 14.0, 43.0, 5.0, 62.0, 37.0, 8.0, 1.0, 29.0, 9.0, 30.0, 13.0, 20.0, 4.0, 10.0, 5.0, 23.0, 21.0, 9.0, 28.0, 4.0, 5.0, 10.0, 12.0, 16.0, 37.0, 2.0, 41.0, 10.0, 9.0, 27.0, 13.0, 23.0, 10.0, 38.0, 8.0, 15.0, 3.0, 5.0, 2.0, 4.0, 6.0, 10.0, 11.0, 18.0, 5.0, 20.0, 11.0, 21.0, 21.0, 6.0, 1.0, 16.0, 10.0, 8.0, 1.0, 16.0, 18.0, 7.0, 3.0, 10.0, 61.0, 15.0, 11.0, 33.0, 1.0, 24.0, 32.0, 48.0, 22.0, 3.0, 2.0, 1.0, 23.0, 14.0, 17.0, 5.0, 4.0, 13.0, 6.0, 3.0, 13.0, 14.0, 1.0, 1.0, 19.0, 24.0, 13.0, 20.0, 1.0, 22.0, 2.0, 13.0, 24.0, 28.0, 3.0, 1.0, 29.0, 16.0, 18.0, 29.0, 64.0, 33.0, 5.0, 8.0, 25.0, 49.0, 7.0, 22.0, 14.0, 24.0, 9.0, 34.0, 23.0, 14.0, 9.0, 32.0, 1.0, 49.0, 5.0, 22.0, 34.0, 13.0, 12.0, 22.0, 9.0, 68.0, 23.0, 1.0, 49.0, 18.0, 19.0, 30.0, 14.0, 8.0, 4.0, 1.0, 15.0, 6.0, 11.0, 13.0, 4.0, 2.0, 18.0, 97.0, 12.0, 2.0, 10.0, 10.0, 4.0, 9.0, 34.0, 38.0, 40.0, 14.0, 27.0, 6.0, 39.0, 1.0, 9.0, 6.0, 1.0, 12.0, 9.0, 81.0, 8.0, 4.0, 11.0, 3.0, 23.0, 17.0, 2.0, 1.0, 31.0, 8.0, 3.0, 2.0, 41.0, 7.0, 1.0, 12.0, 5.0, 14.0, 18.0, 33.0, 64.0, 37.0, 25.0, 16.0, 1.0, 11.0, 10.0, 1.0, 15.0, 19.0, 5.0, 6.0, 7.0, 24.0, 16.0, 32.0, 14.0, 15.0, 47.0, 8.0, 12.0, 9.0, 6.0, 17.0, 2.0, 14.0, 4.0, 10.0, 11.0, 6.0, 2.0, 41.0, 32.0, 23.0, 4.0, 20.0, 11.0, 2.0, 2.0, 1.0, 39.0, 18.0, 40.0, 14.0, 5.0, 49.0, 11.0, 57.0, 22.0, 49.0, 24.0, 10.0, 1.0, 8.0, 3.0, 24.0, 18.0, 9.0, 21.0, 7.0, 1.0, 30.0, 9.0, 3.0, 9.0, 12.0, 3.0, 15.0, 8.0, 17.0, 26.0, 14.0, 3.0, 19.0, 3.0, 12.0, 18.0, 1.0, 6.0, 14.0, 34.0, 7.0, 1.0, 67.0, 40.0, 3.0, 6.0, 26.0, 18.0, 32.0, 64.0, 12.0, 43.0, 5.0, 22.0, 2.0, 12.0, 29.0, 13.0, 19.0, 32.0, 62.0, 22.0, 17.0, 9.0, 13.0, 6.0, 5.0, 6.0, 6.0, 1.0, 25.0, 6.0, 12.0, 25.0, 8.0, 12.0, 10.0, 16.0, 10.0, 12.0, 18.0, 10.0, 17.0, 4.0, 9.0, 2.0, 8.0, 9.0, 26.0, 3.0, 1.0, 22.0, 12.0, 34.0, 12.0, 48.0, 6.0, 23.0, 50.0, 44.0, 23.0, 5.0, 13.0, 1.0, 10.0, 10.0, 25.0, 11.0, 7.0, 21.0, 18.0, 8.0, 9.0, 8.0, 5.0, 1.0, 1.0, 6.0, 3.0, 2.0, 43.0, 52.0, 7.0, 1.0, 14.0, 9.0, 5.0, 16.0, 22.0, 13.0, 3.0, 4.0, 13.0, 20.0, 4.0, 34.0, 7.0, 21.0, 16.0, 19.0, 30.0, 26.0, 3.0, 10.0, 11.0, 18.0, 38.0, 28.0, 49.0, 3.0, 11.0, 5.0, 1.0, 24.0, 10.0, 5.0, 18.0, 36.0, 22.0, 1.0, 17.0, 5.0, 9.0, 11.0, 13.0, 22.0, 42.0, 20.0, 15.0, 21.0, 9.0, 7.0, 10.0, 6.0, 21.0, 9.0, 9.0, 4.0, 3.0, 4.0, 31.0, 4.0, 1.0, 55.0, 24.0, 15.0, 31.0, 20.0, 4.0, 9.0, 20.0, 14.0, 11.0, 26.0, 14.0, 17.0, 22.0, 9.0, 27.0, 16.0, 16.0, 3.0, 3.0, 15.0, 16.0, 29.0, 34.0, 1.0, 11.0, 18.0, 21.0, 5.0, 7.0, 3.0, 3.0, 10.0, 3.0, 32.0, 25.0, 2.0, 9.0, 2.0, 16.0, 10.0, 6.0, 18.0, 33.0, 20.0, 11.0, 23.0, 9.0, 17.0, 3.0, 8.0, 86.0, 1.0, 5.0, 9.0, 4.0, 22.0, 29.0, 14.0, 1.0, 4.0, 7.0, 5.0, 1.0, 25.0, 63.0, 31.0, 16.0, 17.0, 13.0, 15.0, 18.0, 8.0, 22.0, 15.0, 35.0, 35.0, 15.0, 1.0, 1.0, 15.0, 15.0, 11.0, 30.0, 24.0, 35.0, 11.0, 8.0, 100.0, 16.0, 7.0, 27.0, 1.0, 4.0, 16.0, 18.0, 72.0, 5.0, 18.0, 48.0, 38.0, 21.0, 35.0, 2.0, 24.0, 94.0, 14.0, 11.0, 11.0, 13.0, 12.0, 3.0, 13.0, 16.0, 32.0, 8.0, 21.0, 6.0, 34.0, 5.0, 4.0, 5.0, 6.0, 10.0, 39.0, 1.0, 10.0, 5.0, 46.0, 14.0, 28.0, 54.0, 18.0, 29.0, 6.0, 10.0, 18.0, 4.0, 2.0, 50.0, 29.0, 9.0, 10.0, 8.0, 14.0, 3.0, 5.0, 2.0, 5.0, 11.0, 3.0, 24.0, 17.0, 14.0, 4.0, 45.0, 5.0, 1.0, 8.0, 22.0, 1.0, 7.0, 6.0, 9.0, 30.0, 10.0, 27.0, 9.0, 10.0, 4.0, 21.0, 22.0, 10.0, 32.0, 3.0, 32.0, 9.0, 51.0, 1.0, 25.0, 41.0, 7.0, 31.0, 1.0, 48.0, 53.0, 69.0, 3.0, 4.0, 11.0, 29.0, 17.0, 5.0, 32.0, 6.0, 31.0, 24.0, 13.0, 1.0, 1.0, 15.0, 9.0, 24.0, 41.0, 26.0, 3.0, 7.0, 1.0, 10.0, 11.0, 18.0, 23.0, 1.0, 45.0, 36.0, 27.0, 17.0, 37.0, 4.0, 4.0, 35.0, 19.0, 1.0, 18.0, 2.0, 19.0, 20.0, 7.0, 9.0, 49.0, 4.0, 34.0, 13.0, 4.0, 13.0, 4.0, 24.0, 31.0, 20.0, 7.0, 26.0, 21.0, 11.0, 28.0, 32.0, 10.0, 10.0, 1.0, 11.0, 6.0, 19.0, 9.0, 25.0, 39.0, 14.0, 8.0, 22.0, 44.0, 18.0, 6.0, 47.0, 12.0, 27.0, 10.0, 15.0, 4.0, 18.0, 62.0, 20.0, 10.0, 28.0, 13.0, 21.0, 4.0, 7.0, 11.0, 22.0, 10.0, 3.0, 27.0, 7.0, 21.0, 23.0, 3.0, 15.0, 5.0, 38.0, 2.0, 5.0, 31.0, 1.0, 6.0, 106.0, 8.0, 3.0, 15.0, 16.0, 7.0, 31.0, 104.0, 20.0, 11.0, 62.0, 33.0, 22.0, 3.0, 1.0, 55.0, 11.0, 35.0, 36.0, 11.0, 13.0, 8.0, 20.0, 2.0, 6.0, 4.0, 31.0, 1.0, 10.0, 23.0, 6.0, 9.0, 69.0, 8.0, 1.0, 1.0, 23.0, 1.0, 10.0, 75.0, 15.0, 12.0, 27.0, 2.0, 39.0, 15.0, 3.0, 1.0, 35.0, 14.0, 2.0, 3.0, 28.0, 15.0, 6.0, 55.0, 36.0, 40.0, 50.0, 23.0, 39.0, 14.0, 22.0, 12.0, 6.0, 34.0, 52.0, 63.0, 8.0, 4.0, 2.0, 4.0, 8.0, 20.0, 15.0, 9.0, 51.0, 9.0, 50.0, 4.0, 54.0, 4.0, 5.0, 9.0, 38.0, 31.0, 25.0, 11.0, 38.0, 2.0, 45.0, 5.0, 9.0, 12.0, 31.0, 5.0, 3.0, 4.0, 21.0, 11.0, 20.0, 15.0, 5.0, 49.0, 7.0, 34.0, 31.0, 16.0, 3.0, 33.0, 38.0, 23.0, 44.0, 38.0, 2.0, 30.0, 15.0, 1.0, 30.0, 4.0, 10.0, 2.0, 36.0, 9.0, 3.0, 16.0, 23.0, 16.0, 9.0, 9.0, 20.0, 9.0, 6.0, 1.0, 6.0, 75.0, 30.0, 24.0, 10.0, 18.0, 1.0, 9.0, 38.0, 26.0, 12.0, 9.0, 15.0, 9.0, 9.0, 18.0, 1.0, 9.0, 11.0, 3.0, 24.0, 3.0, 21.0, 9.0, 6.0, 45.0, 16.0, 24.0, 7.0, 2.0, 25.0, 22.0, 10.0, 15.0, 13.0, 14.0, 1.0, 23.0, 9.0, 13.0, 2.0, 5.0, 3.0, 13.0, 9.0, 21.0, 6.0, 44.0, 10.0, 9.0, 38.0, 14.0, 15.0, 15.0] 

MGT times
 [15.0, 6.0, 10.0, 5.0, 12.0, 4.0, 24.0, 6.0, 18.0, 4.0, 46.0, 17.0, 5.0, 9.0, 23.0, 17.0, 8.0, 18.0, 8.0, 17.0, 29.0, 8.0, 10.0, 54.0, 21.0, 10.0, 15.0, 37.0, 3.0, 27.0, 5.0, 30.0, 2.0, 43.0, 20.0, 33.0, 1.0, 61.0, 6.0, 34.0, 10.0, 10.0, 7.0, 20.0, 25.0, 16.0, 19.0, 10.0, 52.0, 40.0, 9.0, 7.0, 6.0, 2.0, 1.0, 1.0, 3.0, 2.0, 1.0, 7.0, 7.0, 11.0, 27.0, 26.0, 5.0, 1.0, 8.0, 20.0, 31.0, 6.0, 1.0, 7.0, 12.0, 14.0, 27.0, 21.0, 2.0, 12.0, 33.0, 13.0, 1.0, 10.0, 47.0, 5.0, 4.0, 1.0, 2.0, 2.0, 27.0, 12.0, 59.0, 27.0, 7.0, 37.0, 6.0, 26.0, 53.0, 4.0, 9.0, 11.0, 37.0, 8.0, 7.0, 22.0, 9.0, 15.0, 6.0, 46.0, 27.0, 21.0, 46.0, 10.0, 1.0, 1.0, 9.0, 9.0, 15.0, 1.0, 39.0, 10.0, 14.0, 11.0, 29.0, 1.0, 1.0, 3.0, 7.0, 12.0, 23.0, 21.0, 18.0, 39.0, 7.0, 5.0, 10.0, 19.0, 13.0, 9.0, 3.0, 6.0, 1.0, 44.0, 12.0, 9.0, 15.0, 9.0, 3.0, 7.0, 12.0, 12.0, 20.0, 2.0, 9.0, 13.0, 1.0, 32.0, 1.0, 18.0, 5.0, 23.0, 7.0, 13.0, 22.0, 6.0, 8.0, 6.0, 2.0, 4.0, 2.0, 10.0, 7.0, 1.0, 23.0, 4.0, 25.0, 6.0, 93.0, 18.0, 14.0, 55.0, 12.0, 18.0, 13.0, 2.0, 25.0, 29.0, 33.0, 15.0, 10.0, 35.0, 19.0, 14.0, 5.0, 15.0, 17.0, 9.0, 6.0, 4.0, 9.0, 2.0, 19.0, 1.0, 33.0, 16.0, 8.0, 14.0, 19.0, 15.0, 5.0, 27.0, 23.0, 7.0, 15.0, 7.0, 23.0, 23.0, 12.0, 8.0, 3.0, 14.0, 23.0, 40.0, 12.0, 37.0, 10.0, 37.0, 45.0, 8.0, 9.0, 8.0, 17.0, 45.0, 5.0, 3.0, 3.0, 20.0, 33.0, 20.0, 64.0, 17.0, 6.0, 32.0, 52.0, 9.0, 7.0, 23.0, 10.0, 12.0, 19.0, 22.0, 6.0, 18.0, 16.0, 5.0, 61.0, 25.0, 5.0, 29.0, 3.0, 7.0, 6.0, 9.0, 19.0, 8.0, 16.0, 40.0, 13.0, 40.0, 20.0, 14.0, 4.0, 1.0, 4.0, 8.0, 2.0, 37.0, 9.0, 30.0, 1.0, 6.0, 12.0, 4.0, 13.0, 10.0, 2.0, 8.0, 23.0, 7.0, 8.0, 10.0, 14.0, 2.0, 11.0, 13.0, 11.0, 19.0, 1.0, 70.0, 5.0, 19.0, 4.0, 12.0, 21.0, 44.0, 7.0, 6.0, 10.0, 9.0, 32.0, 4.0, 6.0, 29.0, 1.0, 33.0, 12.0, 6.0, 12.0, 4.0, 14.0, 9.0, 46.0, 14.0, 46.0, 9.0, 18.0, 11.0, 22.0, 8.0, 44.0, 33.0, 6.0, 89.0, 21.0, 6.0, 3.0, 20.0, 9.0, 8.0, 23.0, 5.0, 28.0, 5.0, 40.0, 27.0, 1.0, 12.0, 13.0, 10.0, 21.0, 5.0, 16.0, 20.0, 10.0, 6.0, 26.0, 7.0, 9.0, 9.0, 8.0, 2.0, 19.0, 4.0, 19.0, 3.0, 6.0, 53.0, 8.0, 18.0, 21.0, 1.0, 10.0, 3.0, 12.0, 23.0, 1.0, 13.0, 35.0, 10.0, 2.0, 53.0, 7.0, 19.0, 17.0, 7.0, 10.0, 5.0, 47.0, 25.0, 6.0, 1.0, 3.0, 8.0, 5.0, 16.0, 11.0, 9.0, 39.0, 7.0, 3.0, 15.0, 9.0, 8.0, 10.0, 2.0, 18.0, 8.0, 18.0, 27.0, 6.0, 14.0, 2.0, 10.0, 23.0, 2.0, 9.0, 17.0, 19.0, 2.0, 25.0, 10.0, 11.0, 9.0, 9.0, 48.0, 40.0, 4.0, 13.0, 42.0, 3.0, 10.0, 32.0, 32.0, 15.0, 7.0, 4.0, 68.0, 19.0, 10.0, 20.0, 6.0, 7.0, 17.0, 22.0, 53.0, 7.0, 10.0, 41.0, 3.0, 4.0, 4.0, 16.0, 6.0, 15.0, 18.0, 3.0, 13.0, 9.0, 15.0, 24.0, 26.0, 14.0, 49.0, 9.0, 34.0, 19.0, 7.0, 1.0, 14.0, 8.0, 42.0, 9.0, 15.0, 33.0, 16.0, 8.0, 1.0, 5.0, 10.0, 17.0, 5.0, 12.0, 63.0, 3.0, 4.0, 36.0, 7.0, 40.0, 15.0, 8.0, 12.0, 51.0, 7.0, 7.0, 15.0, 35.0, 2.0, 65.0, 37.0, 12.0, 2.0, 5.0, 16.0, 26.0, 9.0, 4.0, 43.0, 6.0, 35.0, 12.0, 13.0, 6.0, 19.0, 11.0, 10.0, 17.0, 23.0, 41.0, 11.0, 8.0, 8.0, 1.0, 1.0, 32.0, 29.0, 10.0, 13.0, 1.0, 5.0, 14.0, 12.0, 86.0, 2.0, 3.0, 32.0, 20.0, 8.0, 26.0, 21.0, 35.0, 103.0, 9.0, 39.0, 4.0, 2.0, 17.0, 14.0, 18.0, 23.0, 5.0, 10.0, 2.0, 19.0, 15.0, 13.0, 3.0, 8.0, 18.0, 25.0, 38.0, 27.0, 14.0, 49.0, 1.0, 5.0, 8.0, 72.0, 4.0, 1.0, 26.0, 24.0, 3.0, 23.0, 16.0, 12.0, 62.0, 9.0, 1.0, 26.0, 3.0, 2.0, 23.0, 8.0, 23.0, 5.0, 7.0, 40.0, 38.0, 5.0, 22.0, 11.0, 8.0, 85.0, 2.0, 2.0, 5.0, 8.0, 25.0, 11.0, 4.0, 8.0, 14.0, 11.0, 29.0, 4.0, 15.0, 42.0, 17.0, 2.0, 20.0, 21.0, 1.0, 11.0, 6.0, 45.0, 2.0, 10.0, 34.0, 9.0, 20.0, 5.0, 5.0, 11.0, 20.0, 8.0, 7.0, 8.0, 12.0, 31.0, 33.0, 3.0, 11.0, 17.0, 28.0, 12.0, 14.0, 20.0, 36.0, 11.0, 2.0, 50.0, 5.0, 6.0, 42.0, 2.0, 46.0, 8.0, 18.0, 5.0, 22.0, 8.0, 4.0, 11.0, 11.0, 14.0, 1.0, 13.0, 18.0, 30.0, 8.0, 17.0, 11.0, 38.0, 18.0, 10.0, 18.0, 9.0, 72.0, 6.0, 9.0, 8.0, 8.0, 5.0, 11.0, 59.0, 17.0, 7.0, 11.0, 21.0, 7.0, 35.0, 27.0, 14.0, 1.0, 12.0, 11.0, 34.0, 5.0, 20.0, 6.0, 16.0, 17.0, 66.0, 22.0, 10.0, 28.0, 33.0, 5.0, 5.0, 11.0, 9.0, 46.0, 8.0, 4.0, 7.0, 13.0, 1.0, 1.0, 8.0, 21.0, 2.0, 1.0, 1.0, 19.0, 28.0, 22.0, 1.0, 4.0, 5.0, 16.0, 19.0, 12.0, 2.0, 19.0, 24.0, 9.0, 22.0, 8.0, 22.0, 6.0, 34.0, 2.0, 10.0, 14.0, 9.0, 39.0, 27.0, 2.0, 5.0, 23.0, 22.0, 11.0, 20.0, 13.0, 30.0, 8.0, 9.0, 18.0, 31.0, 9.0, 21.0, 19.0, 13.0, 11.0, 11.0, 26.0, 34.0, 6.0, 10.0, 15.0, 16.0, 1.0, 14.0, 14.0, 18.0, 24.0, 6.0, 60.0, 7.0, 1.0, 19.0, 38.0, 28.0, 35.0, 19.0, 22.0, 26.0, 1.0, 69.0, 23.0, 34.0, 9.0, 16.0, 1.0, 13.0, 9.0, 8.0, 7.0, 13.0, 5.0, 6.0, 23.0, 9.0, 31.0, 29.0, 16.0, 3.0, 5.0, 1.0, 9.0, 6.0, 4.0, 8.0, 15.0, 11.0, 57.0, 1.0, 2.0, 9.0, 7.0, 3.0, 14.0, 20.0, 5.0, 7.0, 4.0, 5.0, 4.0, 29.0, 24.0, 10.0, 30.0, 1.0, 3.0, 8.0, 20.0, 9.0, 18.0, 2.0, 3.0, 11.0, 12.0, 33.0, 4.0, 31.0, 40.0, 18.0, 31.0, 15.0, 1.0, 13.0, 11.0, 3.0, 55.0, 10.0, 51.0, 20.0, 32.0, 22.0, 9.0, 17.0, 4.0, 5.0, 14.0, 25.0, 50.0, 1.0, 9.0, 1.0, 44.0, 30.0, 27.0, 2.0, 20.0, 11.0, 9.0, 24.0, 38.0, 31.0, 10.0, 6.0, 20.0, 1.0, 22.0, 10.0, 13.0, 10.0, 3.0, 3.0, 12.0, 11.0, 15.0, 26.0, 35.0, 5.0, 48.0, 20.0, 9.0, 12.0, 25.0, 15.0, 11.0, 11.0, 2.0, 7.0, 35.0, 11.0, 9.0, 7.0, 11.0, 19.0, 9.0, 7.0, 8.0, 28.0, 12.0, 22.0, 3.0, 11.0, 14.0, 5.0, 5.0, 1.0, 1.0, 10.0, 6.0, 82.0, 8.0, 8.0, 14.0, 15.0, 22.0, 33.0, 9.0, 48.0, 21.0, 9.0, 15.0, 18.0, 11.0, 28.0, 10.0, 7.0, 19.0, 9.0, 10.0, 2.0, 11.0, 22.0, 14.0, 12.0, 9.0, 19.0, 16.0, 15.0, 9.0, 5.0, 40.0, 9.0, 13.0, 32.0, 77.0, 52.0, 1.0, 17.0, 4.0, 15.0, 27.0, 8.0, 34.0, 28.0, 54.0, 3.0, 22.0, 11.0, 13.0, 9.0, 12.0, 6.0, 18.0, 34.0, 4.0, 21.0, 9.0, 1.0, 3.0, 22.0, 13.0, 29.0, 8.0, 9.0, 3.0, 13.0, 6.0, 4.0, 54.0, 28.0, 21.0, 33.0, 18.0, 7.0, 24.0, 5.0, 27.0, 7.0, 11.0, 12.0, 17.0, 29.0, 18.0, 26.0, 6.0, 27.0, 6.0, 9.0, 5.0, 1.0, 10.0, 12.0, 3.0, 21.0, 11.0, 10.0, 21.0, 4.0, 9.0, 11.0, 1.0, 7.0, 21.0, 4.0, 10.0, 56.0, 4.0, 9.0, 41.0, 15.0, 11.0, 42.0, 3.0, 11.0, 6.0, 11.0, 6.0, 3.0, 3.0, 9.0, 9.0, 31.0, 10.0, 19.0, 8.0, 11.0, 12.0, 19.0, 10.0, 16.0, 21.0, 1.0, 5.0, 4.0, 39.0, 3.0, 39.0, 3.0, 17.0, 14.0, 22.0, 24.0, 7.0, 3.0, 30.0, 12.0, 11.0, 1.0, 32.0, 11.0, 6.0, 25.0, 5.0, 17.0, 2.0, 12.0, 31.0, 18.0, 1.0, 6.0, 9.0, 39.0, 49.0, 20.0, 33.0, 13.0, 66.0, 7.0, 19.0, 1.0, 35.0, 44.0, 53.0, 1.0, 7.0, 5.0, 9.0, 10.0, 6.0, 2.0, 6.0, 20.0, 15.0, 47.0, 13.0, 15.0, 13.0, 33.0, 28.0, 30.0, 1.0, 20.0, 2.0, 12.0, 2.0, 10.0, 2.0, 10.0, 23.0, 20.0, 12.0, 12.0, 4.0, 37.0, 24.0, 19.0, 6.0, 3.0, 7.0, 10.0, 9.0, 18.0, 1.0, 9.0, 34.0, 9.0, 34.0, 31.0, 61.0, 23.0, 30.0, 23.0, 17.0, 18.0, 10.0, 10.0, 3.0, 6.0, 13.0, 13.0, 14.0, 10.0, 23.0, 8.0, 13.0, 8.0, 79.0, 4.0, 4.0, 1.0, 3.0, 11.0, 12.0, 26.0, 3.0, 15.0, 26.0, 25.0, 21.0, 12.0, 22.0, 29.0, 15.0, 6.0, 1.0, 18.0, 23.0, 2.0, 20.0, 11.0, 9.0, 42.0, 32.0, 24.0, 2.0, 9.0, 41.0, 5.0, 21.0, 1.0, 21.0, 4.0, 18.0, 11.0, 24.0, 1.0, 18.0, 33.0, 3.0, 6.0, 6.0, 13.0, 38.0, 12.0, 23.0, 1.0, 25.0, 5.0, 17.0, 1.0, 49.0, 4.0, 2.0, 7.0, 8.0, 6.0, 9.0, 21.0, 19.0, 66.0, 31.0, 2.0, 14.0, 1.0, 23.0, 15.0, 1.0, 17.0, 66.0, 19.0, 17.0, 4.0, 9.0, 1.0, 45.0, 14.0, 5.0, 8.0, 53.0, 2.0, 8.0, 6.0, 1.0, 10.0, 27.0, 7.0, 40.0, 20.0, 13.0, 11.0, 33.0, 38.0, 24.0, 18.0, 5.0, 21.0, 22.0, 34.0, 37.0, 19.0, 7.0, 23.0, 20.0, 24.0, 15.0, 5.0, 14.0, 67.0, 4.0, 33.0, 3.0, 7.0, 11.0, 8.0, 11.0, 10.0, 4.0, 31.0, 1.0, 45.0, 7.0, 1.0, 26.0, 8.0, 19.0, 46.0, 40.0, 1.0, 18.0, 2.0, 11.0, 77.0, 28.0, 35.0, 6.0, 39.0, 6.0, 9.0, 1.0, 29.0, 16.0, 39.0, 29.0, 9.0, 12.0, 7.0, 10.0, 1.0, 4.0, 8.0, 2.0, 20.0, 40.0, 47.0, 5.0, 9.0, 1.0, 39.0, 6.0, 6.0, 18.0, 10.0, 9.0, 32.0, 22.0, 10.0, 8.0, 11.0, 4.0, 10.0, 53.0, 21.0, 7.0, 10.0, 52.0, 23.0, 27.0, 26.0, 23.0, 9.0, 54.0, 28.0, 10.0, 3.0, 9.0, 11.0, 40.0, 12.0, 20.0, 37.0, 19.0, 16.0, 6.0, 6.0, 11.0, 9.0, 59.0, 14.0, 22.0, 13.0, 9.0, 27.0, 1.0, 5.0, 55.0, 5.0, 10.0, 18.0, 18.0, 15.0, 18.0, 22.0, 27.0, 7.0, 43.0, 14.0, 17.0, 70.0, 13.0, 1.0, 6.0, 11.0, 1.0, 28.0, 6.0, 2.0, 24.0, 5.0, 7.0, 7.0, 2.0, 17.0, 47.0, 1.0, 20.0, 6.0, 1.0, 8.0, 12.0, 12.0, 10.0, 5.0, 1.0, 6.0, 10.0, 5.0, 1.0, 7.0, 1.0, 9.0, 4.0, 21.0, 3.0, 7.0, 2.0, 24.0, 10.0, 6.0, 21.0, 12.0, 25.0, 15.0, 25.0, 58.0, 2.0, 14.0, 7.0, 9.0, 7.0, 20.0, 51.0, 38.0, 2.0, 30.0, 1.0, 6.0, 22.0, 17.0, 35.0, 25.0, 24.0, 5.0, 17.0, 4.0, 11.0, 3.0, 21.0, 4.0, 30.0, 25.0, 23.0, 20.0, 1.0, 20.0, 2.0, 9.0, 7.0, 31.0, 11.0, 11.0, 5.0, 6.0, 48.0, 6.0, 7.0, 1.0, 12.0, 5.0, 4.0, 6.0, 8.0, 28.0, 1.0, 3.0, 3.0, 6.0, 55.0, 6.0, 12.0, 19.0, 11.0, 9.0, 11.0, 46.0, 79.0, 26.0, 10.0, 6.0, 9.0, 15.0, 33.0, 32.0, 21.0, 8.0, 6.0, 44.0, 6.0, 47.0, 5.0, 1.0, 8.0, 15.0, 16.0, 13.0, 1.0, 62.0, 17.0, 19.0, 4.0, 6.0, 71.0, 19.0, 6.0, 2.0, 26.0, 7.0, 1.0, 12.0, 8.0, 13.0, 16.0, 4.0, 9.0, 11.0, 18.0, 14.0, 11.0, 11.0, 3.0, 24.0, 6.0, 4.0, 15.0, 30.0, 2.0, 29.0, 2.0, 13.0, 11.0, 30.0, 8.0, 16.0, 12.0, 8.0, 11.0, 28.0, 6.0, 9.0, 10.0, 40.0, 12.0, 21.0, 10.0, 43.0, 6.0, 2.0, 10.0, 20.0, 14.0, 17.0, 4.0, 14.0, 18.0, 20.0, 21.0, 8.0, 50.0, 10.0, 9.0, 3.0, 38.0, 11.0, 5.0, 4.0, 7.0, 3.0, 2.0, 2.0, 11.0, 11.0, 31.0, 2.0, 7.0, 8.0, 8.0, 62.0, 54.0, 30.0, 1.0, 7.0, 5.0, 6.0, 28.0, 16.0, 67.0, 33.0, 4.0, 11.0, 21.0, 2.0, 2.0, 22.0, 8.0, 3.0, 12.0, 32.0, 8.0, 8.0, 9.0, 22.0, 9.0, 27.0, 13.0, 10.0, 17.0, 12.0, 22.0, 3.0, 38.0, 14.0, 28.0, 21.0, 20.0, 10.0, 3.0, 1.0, 39.0, 10.0, 6.0, 1.0, 14.0, 4.0, 14.0, 9.0, 13.0, 39.0, 4.0, 10.0, 9.0, 9.0, 39.0, 3.0, 40.0, 22.0, 14.0, 2.0, 2.0, 3.0, 3.0, 17.0, 17.0, 2.0, 19.0, 7.0, 2.0, 4.0, 10.0, 8.0, 7.0, 1.0, 10.0, 34.0, 3.0, 6.0, 16.0, 44.0, 2.0, 5.0, 38.0, 12.0, 11.0, 11.0, 21.0, 3.0, 11.0, 22.0, 2.0, 10.0, 10.0, 36.0, 13.0, 22.0, 7.0, 70.0, 10.0, 59.0, 3.0, 21.0, 25.0, 8.0, 22.0, 7.0, 15.0, 7.0, 15.0, 5.0, 20.0, 1.0, 10.0, 35.0, 1.0, 1.0, 19.0, 17.0, 23.0, 36.0, 40.0, 9.0, 51.0, 12.0, 17.0, 1.0, 15.0, 2.0, 26.0, 26.0, 10.0, 69.0, 3.0, 26.0, 1.0, 4.0, 12.0, 9.0, 4.0, 8.0, 31.0, 7.0, 4.0, 2.0, 8.0, 24.0, 6.0, 21.0, 16.0, 1.0, 10.0, 24.0, 13.0, 32.0, 10.0, 28.0, 11.0, 13.0, 10.0, 18.0, 18.0, 2.0, 10.0, 10.0, 11.0, 9.0, 25.0, 11.0, 35.0, 21.0, 6.0, 15.0, 10.0, 9.0, 11.0, 9.0, 6.0, 12.0, 9.0, 10.0, 24.0, 20.0, 15.0, 23.0, 3.0, 33.0, 23.0, 27.0, 20.0, 4.0, 1.0, 16.0, 37.0, 21.0, 46.0, 15.0, 16.0, 37.0, 2.0, 2.0, 5.0, 11.0, 33.0, 4.0, 4.0, 7.0, 2.0, 14.0, 22.0, 2.0, 11.0, 4.0, 11.0, 4.0, 10.0, 91.0, 13.0, 44.0, 18.0, 19.0, 2.0, 70.0, 19.0, 4.0, 4.0, 7.0, 5.0, 9.0, 15.0, 16.0, 8.0, 1.0, 29.0, 2.0, 17.0, 12.0, 25.0, 12.0, 9.0, 1.0, 2.0, 18.0, 4.0, 16.0, 3.0, 19.0, 12.0, 10.0, 4.0, 21.0, 11.0, 14.0, 1.0, 46.0, 13.0, 5.0, 4.0, 15.0, 17.0, 70.0, 13.0, 8.0, 4.0, 8.0, 11.0, 6.0, 10.0, 11.0, 16.0, 15.0, 7.0, 12.0, 34.0, 27.0, 3.0, 9.0, 27.0, 34.0, 6.0, 9.0, 1.0, 10.0, 29.0, 9.0, 33.0, 10.0, 11.0, 13.0, 22.0, 8.0, 12.0, 5.0, 23.0, 5.0, 4.0, 20.0, 3.0, 22.0, 20.0, 7.0, 8.0, 1.0, 11.0, 3.0, 19.0, 5.0, 1.0, 7.0, 13.0, 21.0, 11.0, 4.0, 45.0, 11.0, 24.0, 17.0, 4.0, 4.0, 34.0, 14.0, 18.0, 5.0, 40.0, 7.0, 19.0, 8.0, 18.0, 19.0, 2.0, 7.0, 9.0, 30.0, 7.0, 1.0, 34.0, 3.0, 14.0, 8.0, 9.0, 11.0, 17.0, 65.0, 5.0, 6.0, 15.0, 8.0, 18.0, 4.0, 19.0, 1.0, 6.0, 30.0, 3.0, 28.0, 26.0, 26.0, 4.0, 30.0, 11.0, 25.0, 9.0, 24.0, 10.0, 3.0, 9.0, 4.0, 11.0, 13.0, 39.0, 13.0, 19.0, 12.0, 73.0, 17.0, 19.0, 1.0, 4.0, 8.0, 37.0, 9.0, 1.0, 11.0, 5.0, 11.0, 2.0, 42.0, 5.0, 3.0, 37.0, 23.0, 58.0, 6.0, 28.0, 4.0, 35.0, 3.0, 12.0, 10.0, 33.0, 11.0, 4.0, 27.0, 38.0, 3.0, 41.0, 4.0, 88.0, 2.0, 11.0, 5.0, 11.0, 1.0, 12.0, 32.0, 37.0, 4.0, 2.0, 32.0, 8.0, 21.0, 15.0, 12.0, 3.0, 8.0, 7.0, 4.0, 21.0, 20.0, 38.0, 9.0, 9.0, 1.0, 31.0, 6.0, 16.0, 14.0, 32.0, 10.0, 3.0, 37.0, 1.0, 17.0, 36.0, 1.0, 4.0, 16.0, 28.0, 28.0, 14.0, 7.0, 1.0, 2.0, 12.0, 22.0, 2.0, 10.0, 18.0, 5.0, 1.0, 3.0, 2.0, 20.0, 5.0, 6.0, 27.0, 9.0, 27.0, 11.0, 23.0, 36.0, 4.0, 23.0, 33.0, 6.0, 11.0, 18.0, 25.0, 8.0, 7.0, 38.0, 43.0, 1.0, 7.0, 14.0, 23.0, 8.0, 17.0, 45.0, 5.0, 11.0, 3.0, 3.0, 8.0, 3.0, 3.0, 22.0, 1.0, 10.0, 8.0, 42.0, 33.0, 52.0, 24.0, 10.0, 15.0, 23.0, 12.0, 27.0, 7.0, 24.0, 15.0, 18.0, 6.0, 11.0, 18.0, 5.0, 8.0, 11.0, 22.0, 11.0, 10.0, 12.0, 14.0, 55.0, 7.0, 17.0, 20.0, 15.0, 7.0, 32.0, 12.0, 41.0, 4.0, 65.0, 19.0, 8.0, 37.0, 3.0, 6.0, 29.0, 24.0, 10.0, 2.0, 7.0, 19.0, 7.0, 3.0, 6.0, 1.0, 9.0, 11.0, 7.0, 38.0, 4.0, 12.0, 2.0, 48.0, 5.0, 17.0, 23.0, 11.0, 23.0, 10.0, 10.0, 4.0, 27.0, 20.0, 3.0, 4.0, 1.0, 14.0, 20.0, 8.0, 9.0, 24.0, 28.0, 3.0, 8.0, 14.0, 15.0, 3.0, 17.0, 1.0, 11.0, 2.0, 3.0, 13.0, 20.0, 13.0, 2.0, 16.0, 31.0, 9.0, 1.0, 4.0, 65.0, 12.0, 15.0, 11.0, 40.0, 10.0, 11.0, 1.0, 40.0, 26.0, 7.0, 3.0, 22.0, 17.0, 7.0, 2.0, 4.0, 22.0, 19.0, 16.0, 4.0, 21.0, 19.0, 11.0, 4.0, 14.0, 2.0, 3.0, 43.0, 31.0, 11.0, 24.0, 39.0, 5.0, 26.0, 4.0, 15.0, 7.0, 11.0, 12.0, 6.0, 16.0, 1.0, 10.0, 11.0, 13.0, 10.0, 1.0, 40.0, 22.0, 9.0, 36.0, 15.0, 25.0, 4.0, 29.0, 1.0, 6.0, 2.0, 2.0, 40.0, 2.0, 2.0, 23.0, 4.0, 9.0, 3.0, 9.0, 10.0, 45.0, 19.0, 2.0, 24.0, 13.0, 14.0, 40.0, 5.0, 54.0, 30.0, 8.0, 1.0, 29.0, 9.0, 30.0, 13.0, 16.0, 4.0, 10.0, 5.0, 23.0, 21.0, 9.0, 4.0, 5.0, 10.0, 12.0, 16.0, 26.0, 2.0, 25.0, 10.0, 9.0, 13.0, 23.0, 10.0, 38.0, 8.0, 10.0, 3.0, 2.0, 4.0, 6.0, 10.0, 11.0, 18.0, 5.0, 20.0, 11.0, 21.0, 21.0, 6.0, 1.0, 16.0, 10.0, 1.0, 16.0, 18.0, 7.0, 3.0, 10.0, 42.0, 15.0, 11.0, 33.0, 1.0, 16.0, 22.0, 48.0, 12.0, 3.0, 2.0, 1.0, 23.0, 14.0, 17.0, 5.0, 4.0, 13.0, 6.0, 3.0, 13.0, 14.0, 1.0, 1.0, 19.0, 24.0, 13.0, 1.0, 4.0, 2.0, 13.0, 6.0, 21.0, 3.0, 1.0, 11.0, 3.0, 15.0, 29.0, 64.0, 12.0, 5.0, 7.0, 25.0, 49.0, 7.0, 22.0, 14.0, 24.0, 9.0, 11.0, 23.0, 14.0, 9.0, 32.0, 1.0, 13.0, 5.0, 22.0, 34.0, 13.0, 12.0, 20.0, 7.0, 46.0, 15.0, 1.0, 18.0, 17.0, 19.0, 30.0, 14.0, 8.0, 4.0, 1.0, 15.0, 6.0, 11.0, 13.0, 4.0, 2.0, 18.0, 56.0, 12.0, 2.0, 10.0, 4.0, 9.0, 34.0, 38.0, 40.0, 14.0, 27.0, 6.0, 39.0, 1.0, 6.0, 6.0, 1.0, 12.0, 81.0, 8.0, 3.0, 11.0, 3.0, 23.0, 17.0, 2.0, 23.0, 8.0, 3.0, 41.0, 7.0, 1.0, 12.0, 5.0, 14.0, 18.0, 33.0, 53.0, 37.0, 4.0, 1.0, 6.0, 1.0, 15.0, 19.0, 5.0, 6.0, 7.0, 24.0, 16.0, 16.0, 15.0, 36.0, 8.0, 12.0, 9.0, 6.0, 17.0, 2.0, 7.0, 4.0, 10.0, 11.0, 6.0, 2.0, 41.0, 14.0, 23.0, 4.0, 20.0, 11.0, 2.0, 2.0, 1.0, 39.0, 18.0, 29.0, 14.0, 5.0, 35.0, 11.0, 56.0, 22.0, 49.0, 24.0, 10.0, 1.0, 3.0, 24.0, 9.0, 21.0, 7.0, 1.0, 30.0, 9.0, 3.0, 9.0, 12.0, 3.0, 15.0, 8.0, 2.0, 26.0, 14.0, 3.0, 19.0, 3.0, 12.0, 18.0, 1.0, 6.0, 14.0, 34.0, 7.0, 1.0, 67.0, 37.0, 3.0, 6.0, 26.0, 18.0, 32.0, 41.0, 12.0, 5.0, 20.0, 2.0, 12.0, 18.0, 13.0, 19.0, 62.0, 22.0, 10.0, 9.0, 13.0, 5.0, 6.0, 6.0, 1.0, 25.0, 6.0, 12.0, 25.0, 8.0, 6.0, 10.0, 16.0, 10.0, 1.0, 10.0, 4.0, 9.0, 2.0, 8.0, 9.0, 26.0, 3.0, 1.0, 22.0, 12.0, 34.0, 48.0, 6.0, 23.0, 32.0, 3.0, 13.0, 1.0, 10.0, 10.0, 16.0, 11.0, 7.0, 21.0, 18.0, 8.0, 9.0, 8.0, 5.0, 1.0, 1.0, 6.0, 3.0, 2.0, 43.0, 26.0, 7.0, 9.0, 5.0, 16.0, 22.0, 13.0, 3.0, 4.0, 13.0, 20.0, 4.0, 34.0, 7.0, 21.0, 8.0, 30.0, 26.0, 3.0, 10.0, 11.0, 18.0, 16.0, 28.0, 15.0, 3.0, 11.0, 5.0, 1.0, 10.0, 10.0, 5.0, 18.0, 23.0, 18.0, 1.0, 17.0, 5.0, 6.0, 11.0, 13.0, 22.0, 42.0, 20.0, 7.0, 21.0, 9.0, 6.0, 9.0, 6.0, 21.0, 9.0, 9.0, 4.0, 3.0, 4.0, 31.0, 4.0, 1.0, 55.0, 11.0, 15.0, 31.0, 20.0, 4.0, 9.0, 20.0, 14.0, 11.0, 26.0, 14.0, 17.0, 22.0, 7.0, 27.0, 16.0, 16.0, 3.0, 3.0, 16.0, 29.0, 24.0, 1.0, 11.0, 2.0, 21.0, 5.0, 7.0, 3.0, 3.0, 10.0, 3.0, 32.0, 25.0, 2.0, 9.0, 2.0, 16.0, 10.0, 6.0, 18.0, 20.0, 11.0, 23.0, 9.0, 17.0, 3.0, 8.0, 45.0, 1.0, 5.0, 9.0, 4.0, 22.0, 11.0, 14.0, 1.0, 4.0, 7.0, 5.0, 1.0, 1.0, 63.0, 31.0, 16.0, 13.0, 15.0, 18.0, 8.0, 22.0, 15.0, 35.0, 19.0, 15.0, 1.0, 15.0, 11.0, 30.0, 18.0, 35.0, 11.0, 8.0, 36.0, 16.0, 7.0, 27.0, 1.0, 4.0, 16.0, 18.0, 72.0, 5.0, 18.0, 48.0, 38.0, 1.0, 35.0, 2.0, 70.0, 14.0, 11.0, 11.0, 13.0, 12.0, 3.0, 13.0, 16.0, 8.0, 21.0, 6.0, 34.0, 5.0, 4.0, 5.0, 6.0, 10.0, 39.0, 1.0, 10.0, 14.0, 18.0, 39.0, 18.0, 12.0, 6.0, 10.0, 18.0, 4.0, 2.0, 23.0, 9.0, 10.0, 8.0, 14.0, 3.0, 5.0, 2.0, 11.0, 3.0, 24.0, 17.0, 4.0, 23.0, 5.0, 1.0, 22.0, 1.0, 7.0, 6.0, 9.0, 30.0, 10.0, 27.0, 9.0, 10.0, 4.0, 21.0, 10.0, 32.0, 3.0, 32.0, 9.0, 17.0, 1.0, 13.0, 18.0, 7.0, 30.0, 1.0, 36.0, 55.0, 4.0, 11.0, 29.0, 5.0, 10.0, 31.0, 20.0, 13.0, 1.0, 1.0, 9.0, 24.0, 33.0, 26.0, 7.0, 1.0, 10.0, 11.0, 18.0, 23.0, 1.0, 45.0, 36.0, 27.0, 10.0, 37.0, 4.0, 4.0, 35.0, 19.0, 1.0, 18.0, 2.0, 19.0, 20.0, 7.0, 9.0, 25.0, 4.0, 34.0, 9.0, 4.0, 13.0, 4.0, 24.0, 31.0, 20.0, 7.0, 26.0, 21.0, 11.0, 28.0, 32.0, 10.0, 10.0, 1.0, 11.0, 6.0, 1.0, 9.0, 25.0, 39.0, 14.0, 8.0, 22.0, 44.0, 13.0, 6.0, 16.0, 12.0, 27.0, 10.0, 15.0, 4.0, 62.0, 20.0, 10.0, 9.0, 13.0, 21.0, 4.0, 7.0, 11.0, 22.0, 10.0, 3.0, 18.0, 7.0, 21.0, 23.0, 3.0, 15.0, 5.0, 16.0, 2.0, 5.0, 31.0, 1.0, 6.0, 72.0, 8.0, 3.0, 15.0, 16.0, 2.0, 31.0, 54.0, 20.0, 11.0, 62.0, 22.0, 3.0, 1.0, 55.0, 11.0, 35.0, 11.0, 11.0, 3.0, 2.0, 20.0, 2.0, 6.0, 4.0, 17.0, 1.0, 10.0, 23.0, 6.0, 9.0, 42.0, 8.0, 1.0, 1.0, 23.0, 1.0, 10.0, 58.0, 4.0, 12.0, 27.0, 2.0, 16.0, 3.0, 1.0, 35.0, 14.0, 2.0, 3.0, 28.0, 8.0, 6.0, 55.0, 36.0, 10.0, 50.0, 23.0, 39.0, 14.0, 12.0, 6.0, 32.0, 28.0, 63.0, 8.0, 4.0, 2.0, 8.0, 20.0, 3.0, 9.0, 27.0, 9.0, 8.0, 4.0, 54.0, 4.0, 5.0, 9.0, 7.0, 31.0, 25.0, 38.0, 2.0, 15.0, 5.0, 9.0, 12.0, 7.0, 5.0, 3.0, 4.0, 21.0, 11.0, 20.0, 12.0, 5.0, 28.0, 7.0, 34.0, 31.0, 16.0, 3.0, 38.0, 20.0, 17.0, 38.0, 2.0, 30.0, 15.0, 1.0, 27.0, 4.0, 10.0, 2.0, 36.0, 9.0, 3.0, 16.0, 9.0, 16.0, 9.0, 9.0, 14.0, 6.0, 1.0, 6.0, 75.0, 30.0, 24.0, 10.0, 18.0, 1.0, 9.0, 38.0, 26.0, 12.0, 9.0, 15.0, 9.0, 9.0, 18.0, 1.0, 9.0, 3.0, 24.0, 3.0, 21.0, 9.0, 6.0, 45.0, 16.0, 2.0, 7.0, 2.0, 25.0, 22.0, 10.0, 15.0, 13.0, 14.0, 1.0, 23.0, 9.0, 13.0, 2.0, 5.0, 3.0, 13.0, 9.0, 21.0, 6.0, 44.0, 10.0, 9.0, 38.0, 14.0, 15.0, 15.0] 

SGT times
 [5.0, 6.0, 37.0, 1.0, 3.0, 25.0, 2.0, 17.0, 19.0, 7.0, 2.0, 14.0, 5.0, 15.0, 21.0, 2.0, 11.0, 17.0, 13.0, 30.0, 30.0, 2.0, 2.0, 22.0, 5.0, 16.0, 6.0, 6.0, 7.0, 8.0, 10.0, 5.0, 3.0, 12.0, 4.0, 11.0, 6.0, 12.0, 18.0, 1.0, 19.0, 6.0, 21.0, 3.0, 34.0, 28.0, 6.0, 17.0, 7.0, 22.0, 10.0, 10.0, 5.0, 3.0, 2.0, 14.0, 5.0, 8.0, 6.0, 11.0, 1.0, 11.0, 9.0, 23.0, 29.0, 5.0, 20.0, 6.0, 7.0, 16.0, 1.0, 4.0, 63.0, 9.0, 8.0, 2.0, 9.0, 14.0, 1.0, 27.0, 15.0, 13.0, 1.0, 1.0, 7.0, 24.0, 14.0, 10.0, 9.0, 18.0, 5.0, 4.0, 5.0, 5.0, 1.0, 6.0, 30.0, 3.0, 24.0, 30.0, 5.0, 13.0, 9.0, 15.0, 4.0, 26.0, 14.0, 24.0, 24.0, 6.0, 37.0, 8.0, 36.0, 15.0, 6.0, 9.0, 7.0, 25.0, 10.0, 10.0, 14.0, 1.0, 29.0, 18.0, 6.0, 3.0, 8.0, 6.0, 66.0, 14.0, 2.0, 36.0, 7.0, 8.0, 2.0, 35.0, 3.0, 13.0, 7.0, 11.0, 5.0, 7.0, 8.0, 3.0, 7.0, 20.0, 9.0, 9.0, 2.0, 9.0, 9.0, 15.0, 6.0, 4.0, 10.0, 14.0, 67.0, 14.0, 7.0, 12.0, 10.0, 16.0, 2.0, 1.0, 1.0, 1.0, 1.0, 14.0, 28.0, 1.0, 2.0, 54.0, 6.0, 4.0, 18.0, 22.0, 1.0, 31.0, 10.0, 21.0, 6.0, 11.0, 5.0, 30.0, 3.0, 5.0, 11.0, 11.0, 20.0, 1.0, 5.0, 27.0, 9.0, 1.0, 11.0, 3.0, 13.0, 9.0, 2.0, 1.0, 9.0, 16.0, 1.0, 20.0, 4.0, 19.0, 11.0, 9.0, 18.0, 42.0, 12.0, 4.0, 2.0, 1.0, 13.0, 8.0, 15.0, 15.0, 12.0, 60.0, 9.0, 3.0, 14.0, 6.0, 11.0, 11.0, 26.0, 36.0, 14.0, 3.0, 2.0, 6.0, 23.0, 18.0, 14.0, 1.0, 7.0, 6.0, 15.0, 5.0, 25.0, 7.0, 7.0, 8.0, 23.0, 19.0, 13.0, 23.0, 1.0, 1.0, 11.0, 1.0, 44.0, 19.0, 4.0, 1.0, 22.0, 22.0, 7.0, 8.0, 1.0, 1.0, 4.0, 10.0, 34.0, 35.0, 3.0, 7.0, 18.0, 2.0, 11.0, 12.0, 10.0, 1.0, 17.0, 8.0, 3.0, 12.0, 3.0, 7.0, 11.0, 11.0, 12.0, 27.0, 10.0, 7.0, 14.0, 31.0, 15.0, 3.0, 16.0, 7.0, 9.0, 11.0, 30.0, 2.0, 12.0, 17.0, 3.0, 5.0, 4.0, 11.0, 1.0, 17.0, 17.0, 10.0, 12.0, 31.0, 9.0, 1.0, 10.0, 4.0, 16.0, 12.0, 1.0, 2.0, 15.0, 10.0, 12.0, 18.0, 1.0, 12.0, 4.0, 1.0, 2.0, 13.0, 7.0, 3.0, 9.0, 10.0, 6.0, 16.0, 19.0, 15.0, 12.0, 20.0, 12.0, 15.0, 2.0, 19.0, 9.0, 24.0, 16.0, 1.0, 28.0, 16.0, 6.0, 1.0, 3.0, 26.0, 5.0, 26.0, 5.0, 19.0, 20.0, 5.0, 19.0, 18.0, 19.0, 3.0, 1.0, 16.0, 5.0, 31.0, 11.0, 4.0, 24.0, 9.0, 28.0, 6.0, 7.0, 12.0, 1.0, 1.0, 1.0, 1.0, 4.0, 13.0, 13.0, 12.0, 1.0, 10.0, 37.0, 2.0, 15.0, 21.0, 1.0, 12.0, 16.0, 9.0, 42.0, 30.0, 13.0, 11.0, 1.0, 13.0, 6.0, 48.0, 6.0, 37.0, 11.0, 19.0, 5.0, 15.0, 1.0, 80.0, 45.0, 9.0, 10.0, 10.0, 4.0, 42.0, 3.0, 13.0, 1.0, 7.0, 1.0, 2.0, 14.0, 7.0, 2.0, 3.0, 7.0, 17.0, 9.0, 42.0, 8.0, 3.0, 12.0, 13.0, 1.0, 5.0, 54.0, 1.0, 48.0, 15.0, 3.0, 10.0, 23.0, 7.0, 1.0, 6.0, 26.0, 2.0, 1.0, 14.0, 7.0, 13.0, 3.0, 19.0, 15.0, 6.0, 6.0, 4.0, 28.0, 6.0, 6.0, 2.0, 11.0, 3.0, 3.0, 34.0, 20.0, 5.0, 23.0, 2.0, 5.0, 3.0, 6.0, 13.0, 2.0, 24.0, 22.0, 11.0, 10.0, 5.0, 2.0, 3.0, 7.0, 4.0, 11.0, 11.0, 10.0, 17.0, 5.0, 5.0, 8.0, 10.0, 10.0, 12.0, 18.0, 18.0, 7.0, 8.0, 13.0, 3.0, 7.0, 1.0, 14.0, 36.0, 2.0, 11.0, 8.0, 23.0, 1.0, 35.0, 1.0, 3.0, 9.0, 1.0, 1.0, 8.0, 2.0, 11.0, 12.0, 12.0, 8.0, 4.0, 1.0, 16.0, 14.0, 11.0, 7.0, 18.0, 11.0, 14.0, 1.0, 8.0, 14.0, 15.0, 3.0, 14.0, 41.0, 2.0, 2.0, 28.0, 7.0, 6.0, 6.0, 9.0, 6.0, 13.0, 12.0, 50.0, 12.0, 20.0, 1.0, 1.0, 14.0, 1.0, 7.0, 7.0, 11.0, 22.0, 13.0, 14.0, 5.0, 4.0, 8.0, 1.0, 1.0, 13.0, 2.0, 7.0, 16.0, 30.0, 26.0, 18.0, 19.0, 17.0, 7.0, 1.0, 7.0, 6.0, 64.0, 20.0, 15.0, 28.0, 5.0, 42.0, 10.0, 15.0, 9.0, 27.0, 23.0, 5.0, 10.0, 22.0, 4.0, 12.0, 34.0, 3.0, 13.0, 1.0, 40.0, 8.0, 14.0, 3.0, 12.0, 12.0, 1.0, 4.0, 6.0, 8.0, 11.0, 4.0, 11.0, 5.0, 22.0, 10.0, 19.0, 9.0, 16.0, 34.0, 5.0, 50.0, 24.0, 18.0, 10.0, 6.0, 14.0, 27.0, 7.0, 11.0, 15.0, 7.0, 7.0, 24.0, 22.0, 2.0, 24.0, 4.0, 12.0, 15.0, 42.0, 24.0, 8.0, 24.0, 16.0, 3.0, 12.0, 33.0, 3.0, 27.0, 3.0, 8.0, 6.0, 5.0, 11.0, 13.0, 6.0]
