avgTJ:  18.406873032528857
stdDvTJ:  17.778041119476264
avgTJ without 0:  19.605196982397317
stdDvTJ without 0:  17.695802336233015
maxTJ:  27.235294117647058
minTJ:  12.529411764705882

avgTT:  22.12713263621354
stdDvTT:  18.399762392896402
avgTT without 0:  22.12713263621354
stdDvTT without 0:  18.399762392896402
maxTT:  36.72727272727273
minTT:  13.2

avgTotT:  25.91326306543698
stdDvTotT:  22.73640138496551
avgTotT without 0:  26.453485765523425
stdDvTotT without 0:  22.658995621146495
maxTotT:  35.833333333333336
minTotT:  16.604166666666668

avgMGT:  18.406873032528857
stdDvMGT:  17.778041119476264
avgMGT without 0:  19.605196982397317
stdDvMGT without 0:  17.695802336233015
maxMGT:  27.235294117647058
minMGT:  12.529411764705882

avgSGT:  22.12713263621354
stdDvSGT:  18.399762392896402
avgSGT without 0:  22.12713263621354
stdDvSGT without 0:  18.399762392896402
maxSGT:  36.72727272727273
minSGT:  13.2

free lanes %:  28.031132190198228 %, number of free traverse:  2305 num of traverse 8223
number of times in traffic %:  22.133041469050223 %, numero di volte nel traffico:  1820 num of traverse 8223
not free passage %:  72.50395232883375 %, number of not free passage:  5962 num of traverse 8223
junction times
 [28.0, 8.0, 15.0, 44.0, 4.0, 53.0, 9.0, 7.0, 43.0, 11.0, 43.0, 32.0, 9.0, 7.0, 1.0, 5.0, 2.0, 37.0, 7.0, 31.0, 13.0, 9.0, 20.0, 11.0, 21.0, 4.0, 52.0, 33.0, 10.0, 5.0, 8.0, 10.0, 9.0, 1.0, 9.0, 2.0, 4.0, 15.0, 10.0, 3.0, 39.0, 24.0, 59.0, 3.0, 21.0, 2.0, 2.0, 64.0, 32.0, 9.0, 2.0, 40.0, 11.0, 37.0, 5.0, 11.0, 22.0, 13.0, 18.0, 45.0, 14.0, 24.0, 5.0, 36.0, 28.0, 35.0, 3.0, 1.0, 40.0, 29.0, 8.0, 16.0, 4.0, 30.0, 11.0, 20.0, 41.0, 112.0, 8.0, 1.0, 7.0, 3.0, 4.0, 43.0, 41.0, 5.0, 1.0, 21.0, 39.0, 21.0, 35.0, 29.0, 1.0, 15.0, 8.0, 30.0, 5.0, 19.0, 59.0, 65.0, 1.0, 21.0, 60.0, 35.0, 5.0, 19.0, 2.0, 29.0, 10.0, 25.0, 18.0, 10.0, 17.0, 12.0, 13.0, 30.0, 4.0, 10.0, 6.0, 32.0, 30.0, 43.0, 7.0, 41.0, 29.0, 25.0, 6.0, 28.0, 21.0, 5.0, 5.0, 1.0, 1.0, 5.0, 36.0, 53.0, 34.0, 13.0, 31.0, 2.0, 37.0, 8.0, 18.0, 14.0, 4.0, 26.0, 18.0, 1.0, 3.0, 12.0, 8.0, 1.0, 16.0, 10.0, 21.0, 12.0, 19.0, 82.0, 31.0, 6.0, 19.0, 1.0, 1.0, 25.0, 8.0, 4.0, 9.0, 36.0, 3.0, 22.0, 57.0, 25.0, 5.0, 2.0, 88.0, 58.0, 2.0, 5.0, 27.0, 9.0, 4.0, 11.0, 14.0, 21.0, 1.0, 38.0, 1.0, 28.0, 8.0, 21.0, 5.0, 6.0, 38.0, 1.0, 6.0, 19.0, 41.0, 11.0, 24.0, 10.0, 64.0, 16.0, 10.0, 3.0, 7.0, 7.0, 2.0, 10.0, 65.0, 26.0, 7.0, 31.0, 1.0, 58.0, 2.0, 10.0, 3.0, 59.0, 3.0, 31.0, 20.0, 32.0, 18.0, 36.0, 15.0, 17.0, 27.0, 2.0, 19.0, 1.0, 19.0, 25.0, 11.0, 8.0, 26.0, 63.0, 9.0, 11.0, 14.0, 29.0, 30.0, 9.0, 3.0, 2.0, 21.0, 17.0, 108.0, 9.0, 9.0, 26.0, 8.0, 18.0, 18.0, 9.0, 22.0, 11.0, 5.0, 3.0, 3.0, 5.0, 35.0, 35.0, 17.0, 59.0, 10.0, 2.0, 18.0, 12.0, 8.0, 8.0, 1.0, 4.0, 4.0, 14.0, 7.0, 20.0, 36.0, 9.0, 18.0, 40.0, 4.0, 5.0, 13.0, 1.0, 7.0, 29.0, 2.0, 15.0, 9.0, 10.0, 7.0, 19.0, 5.0, 19.0, 36.0, 31.0, 33.0, 21.0, 36.0, 5.0, 40.0, 10.0, 32.0, 9.0, 7.0, 15.0, 8.0, 12.0, 5.0, 38.0, 26.0, 36.0, 11.0, 13.0, 33.0, 40.0, 1.0, 19.0, 8.0, 6.0, 10.0, 28.0, 50.0, 21.0, 4.0, 8.0, 21.0, 1.0, 3.0, 13.0, 20.0, 6.0, 4.0, 42.0, 3.0, 7.0, 37.0, 36.0, 7.0, 51.0, 45.0, 4.0, 50.0, 9.0, 5.0, 3.0, 35.0, 11.0, 54.0, 9.0, 31.0, 44.0, 53.0, 34.0, 8.0, 10.0, 2.0, 14.0, 10.0, 16.0, 52.0, 34.0, 4.0, 8.0, 30.0, 15.0, 27.0, 6.0, 1.0, 2.0, 14.0, 61.0, 18.0, 4.0, 37.0, 6.0, 38.0, 15.0, 4.0, 11.0, 4.0, 4.0, 17.0, 24.0, 20.0, 7.0, 6.0, 7.0, 17.0, 72.0, 23.0, 33.0, 19.0, 9.0, 7.0, 8.0, 11.0, 57.0, 9.0, 8.0, 45.0, 3.0, 12.0, 13.0, 80.0, 14.0, 29.0, 20.0, 26.0, 17.0, 1.0, 7.0, 10.0, 12.0, 8.0, 22.0, 16.0, 18.0, 24.0, 25.0, 30.0, 18.0, 4.0, 42.0, 26.0, 14.0, 9.0, 4.0, 13.0, 34.0, 1.0, 35.0, 7.0, 7.0, 9.0, 1.0, 84.0, 35.0, 25.0, 8.0, 13.0, 31.0, 11.0, 3.0, 18.0, 8.0, 50.0, 6.0, 32.0, 8.0, 7.0, 22.0, 32.0, 8.0, 18.0, 1.0, 27.0, 9.0, 12.0, 9.0, 27.0, 43.0, 12.0, 66.0, 46.0, 56.0, 65.0, 2.0, 69.0, 21.0, 14.0, 18.0, 25.0, 1.0, 20.0, 31.0, 10.0, 32.0, 12.0, 56.0, 12.0, 18.0, 16.0, 19.0, 3.0, 47.0, 9.0, 41.0, 9.0, 10.0, 8.0, 4.0, 5.0, 4.0, 43.0, 3.0, 54.0, 25.0, 19.0, 15.0, 23.0, 18.0, 36.0, 21.0, 11.0, 39.0, 18.0, 10.0, 40.0, 40.0, 4.0, 35.0, 3.0, 12.0, 18.0, 8.0, 1.0, 5.0, 5.0, 17.0, 8.0, 1.0, 31.0, 2.0, 18.0, 10.0, 40.0, 14.0, 19.0, 16.0, 1.0, 13.0, 3.0, 8.0, 44.0, 18.0, 46.0, 10.0, 20.0, 59.0, 16.0, 18.0, 30.0, 2.0, 10.0, 19.0, 13.0, 35.0, 31.0, 19.0, 18.0, 15.0, 10.0, 60.0, 32.0, 67.0, 6.0, 9.0, 15.0, 11.0, 12.0, 4.0, 4.0, 1.0, 12.0, 25.0, 8.0, 9.0, 1.0, 41.0, 19.0, 23.0, 9.0, 16.0, 30.0, 3.0, 6.0, 13.0, 18.0, 4.0, 13.0, 5.0, 53.0, 12.0, 1.0, 16.0, 6.0, 14.0, 22.0, 37.0, 12.0, 47.0, 15.0, 27.0, 4.0, 20.0, 22.0, 25.0, 18.0, 9.0, 34.0, 8.0, 5.0, 10.0, 73.0, 1.0, 8.0, 8.0, 5.0, 10.0, 18.0, 11.0, 98.0, 10.0, 58.0, 10.0, 2.0, 2.0, 40.0, 22.0, 6.0, 20.0, 4.0, 6.0, 19.0, 5.0, 11.0, 18.0, 6.0, 12.0, 55.0, 11.0, 34.0, 5.0, 23.0, 37.0, 8.0, 27.0, 4.0, 37.0, 21.0, 42.0, 35.0, 16.0, 20.0, 22.0, 7.0, 14.0, 27.0, 3.0, 25.0, 20.0, 55.0, 19.0, 12.0, 7.0, 32.0, 6.0, 3.0, 4.0, 103.0, 36.0, 19.0, 1.0, 17.0, 10.0, 1.0, 3.0, 4.0, 7.0, 9.0, 1.0, 13.0, 1.0, 7.0, 13.0, 13.0, 32.0, 29.0, 4.0, 50.0, 36.0, 45.0, 17.0, 13.0, 31.0, 19.0, 60.0, 19.0, 6.0, 6.0, 29.0, 40.0, 14.0, 24.0, 62.0, 38.0, 1.0, 19.0, 6.0, 31.0, 8.0, 26.0, 11.0, 1.0, 27.0, 17.0, 1.0, 14.0, 24.0, 7.0, 11.0, 2.0, 18.0, 12.0, 22.0, 16.0, 30.0, 4.0, 22.0, 46.0, 9.0, 19.0, 1.0, 10.0, 4.0, 3.0, 95.0, 12.0, 11.0, 71.0, 3.0, 8.0, 23.0, 6.0, 1.0, 11.0, 7.0, 17.0, 26.0, 17.0, 12.0, 62.0, 37.0, 20.0, 3.0, 19.0, 1.0, 30.0, 15.0, 18.0, 6.0, 24.0, 62.0, 1.0, 7.0, 67.0, 8.0, 6.0, 20.0, 62.0, 11.0, 27.0, 13.0, 12.0, 47.0, 27.0, 8.0, 57.0, 10.0, 16.0, 26.0, 27.0, 82.0, 45.0, 23.0, 2.0, 15.0, 2.0, 15.0, 6.0, 9.0, 17.0, 60.0, 11.0, 64.0, 7.0, 44.0, 35.0, 11.0, 2.0, 6.0, 5.0, 11.0, 19.0, 2.0, 26.0, 30.0, 29.0, 45.0, 9.0, 18.0, 21.0, 1.0, 3.0, 7.0, 1.0, 13.0, 28.0, 27.0, 54.0, 11.0, 88.0, 67.0, 1.0, 17.0, 11.0, 9.0, 7.0, 42.0, 4.0, 1.0, 28.0, 11.0, 14.0, 8.0, 55.0, 35.0, 3.0, 34.0, 17.0, 50.0, 21.0, 42.0, 49.0, 39.0, 78.0, 10.0, 8.0, 3.0, 14.0, 36.0, 9.0, 8.0, 19.0, 2.0, 11.0, 16.0, 1.0, 10.0, 1.0, 29.0, 17.0, 32.0, 9.0, 32.0, 6.0, 18.0, 1.0, 22.0, 26.0, 8.0, 3.0, 10.0, 24.0, 11.0, 19.0, 16.0, 30.0, 24.0, 44.0, 9.0, 95.0, 14.0, 9.0, 21.0, 58.0, 12.0, 29.0, 5.0, 48.0, 25.0, 21.0, 10.0, 4.0, 46.0, 53.0, 9.0, 27.0, 16.0, 2.0, 9.0, 12.0, 30.0, 10.0, 23.0, 10.0, 40.0, 1.0, 18.0, 30.0, 25.0, 6.0, 64.0, 3.0, 2.0, 30.0, 37.0, 22.0, 17.0, 50.0, 17.0, 90.0, 8.0, 6.0, 1.0, 12.0, 59.0, 18.0, 42.0, 21.0, 4.0, 47.0, 17.0, 73.0, 9.0, 3.0, 35.0, 24.0, 12.0, 3.0, 9.0, 8.0, 13.0, 24.0, 1.0, 17.0, 10.0, 13.0, 7.0, 14.0, 9.0, 30.0, 58.0, 9.0, 21.0, 49.0, 11.0, 48.0, 11.0, 1.0, 2.0, 47.0, 1.0, 40.0, 62.0, 20.0, 8.0, 29.0, 10.0, 4.0, 11.0, 51.0, 31.0, 35.0, 5.0, 2.0, 45.0, 47.0, 51.0, 5.0, 37.0, 35.0, 13.0, 28.0, 39.0, 3.0, 10.0, 49.0, 41.0, 10.0, 44.0, 28.0, 23.0, 11.0, 10.0, 24.0, 18.0, 10.0, 46.0, 25.0, 27.0, 42.0, 11.0, 6.0, 20.0, 7.0, 19.0, 9.0, 8.0, 10.0, 9.0, 7.0, 1.0, 3.0, 16.0, 7.0, 20.0, 3.0, 1.0, 9.0, 39.0, 11.0, 1.0, 45.0, 10.0, 66.0, 65.0, 30.0, 36.0, 104.0, 61.0, 43.0, 2.0, 4.0, 8.0, 8.0, 5.0, 2.0, 28.0, 8.0, 17.0, 50.0, 10.0, 19.0, 11.0, 14.0, 29.0, 50.0, 11.0, 2.0, 20.0, 21.0, 11.0, 58.0, 39.0, 42.0, 16.0, 27.0, 11.0, 3.0, 9.0, 26.0, 16.0, 27.0, 19.0, 6.0, 11.0, 11.0, 16.0, 18.0, 4.0, 3.0, 12.0, 10.0, 20.0, 51.0, 43.0, 5.0, 11.0, 1.0, 37.0, 57.0, 3.0, 14.0, 19.0, 9.0, 4.0, 6.0, 1.0, 17.0, 23.0, 28.0, 3.0, 65.0, 7.0, 11.0, 14.0, 12.0, 2.0, 16.0, 7.0, 10.0, 31.0, 4.0, 8.0, 56.0, 5.0, 8.0, 20.0, 23.0, 20.0, 22.0, 11.0, 9.0, 35.0, 1.0, 1.0, 39.0, 34.0, 14.0, 38.0, 30.0, 4.0, 7.0, 10.0, 25.0, 31.0, 9.0, 18.0, 10.0, 10.0, 1.0, 7.0, 6.0, 1.0, 54.0, 21.0, 3.0, 44.0, 88.0, 1.0, 33.0, 12.0, 59.0, 3.0, 23.0, 5.0, 7.0, 7.0, 38.0, 1.0, 23.0, 55.0, 21.0, 9.0, 1.0, 10.0, 27.0, 6.0, 8.0, 11.0, 9.0, 15.0, 12.0, 48.0, 21.0, 15.0, 80.0, 12.0, 34.0, 10.0, 10.0, 48.0, 29.0, 60.0, 20.0, 43.0, 7.0, 45.0, 3.0, 20.0, 25.0, 10.0, 10.0, 10.0, 45.0, 41.0, 22.0, 3.0, 28.0, 10.0, 20.0, 20.0, 6.0, 14.0, 10.0, 11.0, 51.0, 38.0, 10.0, 1.0, 10.0, 9.0, 80.0, 22.0, 8.0, 2.0, 59.0, 22.0, 8.0, 6.0, 19.0, 3.0, 7.0, 5.0, 66.0, 4.0, 31.0, 4.0, 10.0, 19.0, 23.0, 4.0, 45.0, 3.0, 11.0, 12.0, 17.0, 9.0, 60.0, 3.0, 10.0, 11.0, 34.0, 17.0, 6.0, 5.0, 69.0, 9.0, 19.0, 2.0, 22.0, 9.0, 13.0, 4.0, 18.0, 38.0, 1.0, 8.0, 13.0, 15.0, 1.0, 10.0, 11.0, 40.0, 10.0, 3.0, 5.0, 19.0, 36.0, 21.0, 21.0, 22.0, 58.0, 9.0, 8.0, 4.0, 9.0, 40.0, 8.0, 33.0, 22.0, 36.0, 11.0, 20.0, 31.0, 11.0, 11.0, 18.0, 5.0, 20.0, 9.0, 45.0, 10.0, 15.0, 21.0, 31.0, 36.0, 4.0, 32.0, 8.0, 8.0, 70.0, 45.0, 16.0, 9.0, 18.0, 67.0, 11.0, 10.0, 3.0, 4.0, 21.0, 57.0, 5.0, 6.0, 38.0, 40.0, 17.0, 40.0, 5.0, 3.0, 10.0, 11.0, 4.0, 9.0, 40.0, 8.0, 11.0, 14.0, 9.0, 11.0, 44.0, 21.0, 31.0, 6.0, 7.0, 7.0, 26.0, 41.0, 3.0, 13.0, 1.0, 16.0, 9.0, 50.0, 14.0, 30.0, 6.0, 1.0, 26.0, 4.0, 6.0, 16.0, 14.0, 11.0, 65.0, 24.0, 21.0, 17.0, 20.0, 10.0, 31.0, 1.0, 14.0, 31.0, 80.0, 4.0, 3.0, 32.0, 89.0, 6.0, 6.0, 8.0, 2.0, 11.0, 53.0, 74.0, 3.0, 28.0, 4.0, 6.0, 6.0, 31.0, 19.0, 10.0, 21.0, 14.0, 2.0, 9.0, 2.0, 8.0, 38.0, 11.0, 30.0, 26.0, 1.0, 47.0, 2.0, 20.0, 10.0, 7.0, 2.0, 45.0, 10.0, 1.0, 13.0, 55.0, 66.0, 10.0, 34.0, 16.0, 7.0, 6.0, 2.0, 3.0, 27.0, 3.0, 26.0, 42.0, 9.0, 3.0, 7.0, 4.0, 10.0, 11.0, 15.0, 9.0, 1.0, 37.0, 55.0, 10.0, 7.0, 19.0, 13.0, 7.0, 13.0, 34.0, 8.0, 1.0, 12.0, 16.0, 19.0, 6.0, 14.0, 19.0, 3.0, 10.0, 21.0, 2.0, 26.0, 17.0, 22.0, 16.0, 5.0, 23.0, 7.0, 20.0, 28.0, 8.0, 25.0, 2.0, 27.0, 8.0, 4.0, 16.0, 3.0, 14.0, 11.0, 8.0, 1.0, 3.0, 5.0, 29.0, 10.0, 7.0, 2.0, 9.0, 9.0, 10.0, 76.0, 14.0, 32.0, 14.0, 10.0, 10.0, 35.0, 10.0, 1.0, 24.0, 9.0, 9.0, 10.0, 28.0, 2.0, 7.0, 6.0, 20.0, 10.0, 8.0, 10.0, 12.0, 35.0, 28.0, 36.0, 10.0, 16.0, 21.0, 19.0, 41.0, 35.0, 9.0, 19.0, 4.0, 9.0, 8.0, 29.0, 26.0, 10.0, 1.0, 55.0, 29.0, 9.0, 6.0, 28.0, 10.0, 17.0, 17.0, 19.0, 28.0, 4.0, 16.0, 1.0, 2.0, 9.0, 16.0, 4.0, 19.0, 4.0, 32.0, 6.0, 1.0, 46.0, 10.0, 18.0, 1.0, 34.0, 3.0, 10.0, 16.0, 35.0, 10.0, 13.0, 22.0, 2.0, 54.0, 34.0, 4.0, 26.0, 13.0, 2.0, 39.0, 45.0, 14.0, 18.0, 8.0, 12.0, 2.0, 1.0, 12.0, 18.0, 13.0, 16.0, 1.0, 15.0, 16.0, 38.0, 40.0, 12.0, 2.0, 29.0, 16.0, 4.0, 2.0, 9.0, 4.0, 18.0, 54.0, 11.0, 4.0, 21.0, 30.0, 10.0, 31.0, 20.0, 20.0, 19.0, 55.0, 36.0, 8.0, 19.0, 13.0, 25.0, 19.0, 33.0, 3.0, 10.0, 6.0, 40.0, 16.0, 35.0, 27.0, 67.0, 1.0, 1.0, 7.0, 50.0, 2.0, 9.0, 17.0, 8.0, 63.0, 36.0, 42.0, 37.0, 19.0, 17.0, 16.0, 8.0, 37.0, 22.0, 9.0, 1.0, 29.0, 35.0, 19.0, 5.0, 14.0, 47.0, 36.0, 11.0, 9.0, 29.0, 9.0, 6.0, 16.0, 4.0, 14.0, 69.0, 21.0, 28.0, 4.0, 13.0, 1.0, 11.0, 9.0, 39.0, 14.0, 4.0, 6.0, 6.0, 9.0, 13.0, 11.0, 24.0, 15.0, 10.0, 9.0, 6.0, 19.0, 12.0, 9.0, 19.0, 23.0, 21.0, 15.0, 13.0, 13.0, 48.0, 54.0, 18.0, 34.0, 9.0, 9.0, 31.0, 14.0, 2.0, 24.0, 52.0, 74.0, 22.0, 16.0, 34.0, 4.0, 51.0, 27.0, 7.0, 2.0, 20.0, 2.0, 6.0, 9.0, 54.0, 4.0, 3.0, 1.0, 22.0, 10.0, 12.0, 2.0, 1.0, 23.0, 3.0, 78.0, 10.0, 19.0, 29.0, 17.0, 11.0, 57.0, 2.0, 6.0, 10.0, 18.0, 3.0, 37.0, 10.0, 10.0, 3.0, 13.0, 54.0, 11.0, 1.0, 22.0, 9.0, 22.0, 10.0, 35.0, 6.0, 18.0, 62.0, 3.0, 3.0, 1.0, 19.0, 11.0, 30.0, 8.0, 36.0, 26.0, 90.0, 2.0, 2.0, 10.0, 10.0, 9.0, 24.0, 35.0, 7.0, 17.0, 3.0, 19.0, 5.0, 12.0, 25.0, 15.0, 5.0, 10.0, 15.0, 52.0, 24.0, 9.0, 18.0, 31.0, 34.0, 12.0, 11.0, 60.0, 6.0, 7.0, 1.0, 8.0, 51.0, 81.0, 9.0, 68.0, 11.0, 9.0, 8.0, 7.0, 12.0, 4.0, 36.0, 28.0, 19.0, 8.0, 1.0, 22.0, 2.0, 27.0, 9.0, 3.0, 4.0, 45.0, 38.0, 5.0, 36.0, 23.0, 3.0, 24.0, 10.0, 13.0, 11.0, 7.0, 19.0, 19.0, 14.0, 14.0, 5.0, 16.0, 19.0, 27.0, 26.0, 54.0, 5.0, 2.0, 4.0, 2.0, 3.0, 8.0, 7.0, 29.0, 17.0, 8.0, 7.0, 77.0, 12.0, 13.0, 22.0, 4.0, 39.0, 93.0, 11.0, 17.0, 49.0, 2.0, 12.0, 60.0, 27.0, 8.0, 17.0, 2.0, 22.0, 6.0, 62.0, 28.0, 8.0, 8.0, 17.0, 50.0, 11.0, 33.0, 24.0, 2.0, 16.0, 38.0, 31.0, 11.0, 1.0, 49.0, 36.0, 33.0, 26.0, 3.0, 11.0, 10.0, 34.0, 6.0, 10.0, 50.0, 9.0, 22.0, 23.0, 10.0, 10.0, 15.0, 4.0, 2.0, 3.0, 7.0, 31.0, 29.0, 42.0, 1.0, 9.0, 7.0, 15.0, 24.0, 9.0, 4.0, 9.0, 1.0, 18.0, 39.0, 56.0, 28.0, 20.0, 1.0, 1.0, 23.0, 7.0, 3.0, 8.0, 11.0, 16.0, 20.0, 9.0, 10.0, 1.0, 33.0, 19.0, 31.0, 44.0, 50.0, 4.0, 10.0, 23.0, 8.0, 5.0, 7.0, 41.0, 1.0, 5.0, 15.0, 32.0, 9.0, 12.0, 18.0, 7.0, 32.0, 3.0, 9.0, 1.0, 13.0, 36.0, 48.0, 46.0, 39.0, 40.0, 29.0, 3.0, 15.0, 24.0, 8.0, 22.0, 16.0, 3.0, 2.0, 3.0, 66.0, 17.0, 23.0, 12.0, 9.0, 26.0, 6.0, 30.0, 26.0, 30.0, 18.0, 11.0, 19.0, 20.0, 3.0, 9.0, 39.0, 10.0, 1.0, 31.0, 2.0, 8.0, 6.0, 14.0, 67.0, 15.0, 4.0, 20.0, 12.0, 10.0, 46.0, 7.0, 4.0, 39.0, 13.0, 48.0, 22.0, 12.0, 54.0, 38.0, 12.0, 6.0, 9.0, 26.0, 24.0, 15.0, 1.0, 7.0, 8.0, 7.0, 5.0, 1.0, 2.0, 11.0, 50.0, 2.0, 9.0, 3.0, 25.0, 10.0, 5.0, 6.0, 14.0, 14.0, 19.0, 6.0, 8.0, 5.0, 13.0, 6.0, 2.0, 4.0, 43.0, 8.0, 22.0, 5.0, 6.0, 26.0, 23.0, 13.0, 76.0, 18.0, 2.0, 9.0, 10.0, 3.0, 8.0, 14.0, 14.0, 19.0, 14.0, 10.0, 26.0, 33.0, 21.0, 3.0, 7.0, 19.0, 60.0, 17.0, 1.0, 30.0, 11.0, 8.0, 8.0, 1.0, 15.0, 6.0, 20.0, 21.0, 10.0, 5.0, 5.0, 24.0, 32.0, 30.0, 2.0, 22.0, 20.0, 10.0, 15.0, 3.0, 19.0, 8.0, 10.0, 33.0, 79.0, 33.0, 33.0, 5.0, 53.0, 11.0, 9.0, 7.0, 10.0, 54.0, 6.0, 18.0, 75.0, 33.0, 17.0, 41.0, 19.0, 20.0, 2.0, 9.0, 6.0, 4.0, 4.0, 17.0, 19.0, 10.0, 22.0, 17.0, 61.0, 10.0, 21.0, 2.0, 7.0, 8.0, 49.0, 2.0, 58.0, 34.0, 9.0, 11.0, 56.0, 17.0, 31.0, 7.0, 6.0, 33.0, 2.0, 9.0, 3.0, 38.0, 5.0, 54.0, 4.0, 33.0, 49.0, 60.0, 1.0, 33.0, 5.0, 8.0, 5.0, 8.0, 18.0, 1.0, 6.0, 2.0, 33.0, 40.0, 5.0, 43.0, 9.0, 27.0, 33.0, 32.0, 6.0, 28.0, 43.0, 3.0, 19.0, 57.0, 7.0, 16.0, 9.0, 19.0, 23.0, 2.0, 5.0, 4.0, 2.0, 17.0, 23.0, 10.0, 53.0, 40.0, 2.0, 44.0, 1.0, 11.0, 6.0, 10.0, 2.0, 15.0, 16.0, 37.0, 20.0, 42.0, 5.0, 15.0, 3.0, 48.0, 1.0, 12.0, 15.0, 14.0, 43.0, 2.0, 1.0, 11.0, 8.0, 53.0, 33.0, 44.0, 13.0, 29.0, 28.0, 2.0, 19.0, 10.0, 15.0, 30.0, 12.0, 29.0, 2.0, 12.0, 29.0, 26.0, 21.0, 11.0, 12.0, 10.0, 11.0, 7.0, 16.0, 12.0, 4.0, 46.0, 81.0, 11.0, 27.0, 12.0, 8.0, 24.0, 5.0, 18.0, 20.0, 12.0, 15.0, 11.0, 6.0, 7.0, 27.0, 23.0, 5.0, 7.0, 6.0, 7.0, 39.0, 43.0, 21.0, 29.0, 37.0, 40.0, 4.0, 2.0, 49.0, 10.0, 3.0, 64.0, 9.0, 1.0, 32.0, 8.0, 5.0, 20.0, 6.0, 24.0, 9.0, 32.0, 16.0, 10.0, 27.0, 22.0, 40.0, 15.0, 33.0, 70.0, 46.0, 3.0, 21.0, 2.0, 22.0, 9.0, 5.0, 8.0, 26.0, 41.0, 20.0, 4.0, 32.0, 56.0, 1.0, 4.0, 6.0, 53.0, 45.0, 9.0, 13.0, 50.0, 5.0, 36.0, 11.0, 21.0, 54.0, 12.0, 14.0, 7.0, 17.0, 4.0, 33.0, 14.0, 24.0, 31.0, 24.0, 15.0, 52.0, 16.0, 15.0, 15.0, 7.0, 35.0, 2.0, 18.0, 36.0, 86.0, 5.0, 2.0, 2.0, 12.0, 8.0, 26.0, 10.0, 10.0, 4.0, 42.0, 28.0, 12.0, 2.0, 10.0, 34.0, 8.0, 5.0, 9.0, 5.0, 3.0, 20.0, 55.0, 9.0, 7.0, 6.0, 11.0, 92.0, 21.0, 9.0, 13.0, 39.0, 38.0, 13.0, 13.0, 5.0, 50.0, 17.0, 11.0, 18.0, 8.0, 18.0, 39.0, 19.0, 4.0, 54.0, 33.0, 3.0, 22.0, 6.0, 26.0, 6.0, 30.0, 14.0, 42.0, 11.0, 7.0, 15.0, 2.0, 1.0, 11.0, 23.0, 53.0, 17.0, 16.0, 17.0, 1.0, 21.0, 4.0, 8.0, 60.0, 3.0, 9.0, 9.0, 20.0, 13.0, 5.0, 10.0, 112.0, 17.0, 29.0, 16.0, 5.0, 12.0, 6.0, 12.0, 19.0, 33.0, 20.0, 12.0, 4.0, 24.0, 33.0, 20.0, 51.0, 2.0, 5.0, 31.0, 12.0, 17.0, 39.0, 23.0, 1.0, 25.0, 38.0, 55.0, 5.0, 16.0, 21.0, 54.0, 37.0, 4.0, 21.0, 1.0, 12.0, 27.0, 4.0, 18.0, 21.0, 20.0, 95.0, 8.0, 45.0, 2.0, 4.0, 24.0, 5.0, 11.0, 24.0, 44.0, 56.0, 5.0, 4.0, 36.0, 8.0, 13.0, 22.0, 13.0, 6.0, 3.0, 31.0, 1.0, 13.0, 15.0, 80.0, 16.0, 13.0, 7.0, 20.0, 48.0, 1.0, 10.0, 10.0, 62.0, 33.0, 21.0, 65.0, 1.0, 5.0, 24.0, 32.0, 9.0, 12.0, 2.0, 20.0, 2.0, 21.0, 51.0, 10.0, 45.0, 7.0, 8.0, 4.0, 4.0, 11.0, 7.0, 42.0, 21.0, 37.0, 5.0, 25.0, 9.0, 16.0, 44.0, 45.0, 18.0, 48.0, 20.0, 14.0, 32.0, 28.0, 8.0, 11.0, 43.0, 8.0, 2.0, 4.0, 61.0, 84.0, 9.0, 36.0, 2.0, 16.0, 19.0, 11.0, 5.0, 32.0, 24.0, 2.0, 18.0, 14.0, 20.0, 8.0, 4.0, 39.0, 13.0, 34.0, 9.0, 26.0, 16.0, 50.0, 17.0, 3.0, 10.0, 8.0, 33.0, 49.0, 6.0, 35.0, 20.0, 29.0, 124.0, 11.0, 40.0, 40.0, 22.0, 7.0, 8.0, 3.0, 10.0, 9.0, 5.0, 55.0, 5.0, 2.0, 49.0, 18.0, 6.0, 30.0, 28.0, 29.0, 8.0, 10.0, 9.0, 15.0, 9.0, 10.0, 21.0, 36.0, 10.0, 62.0, 4.0, 1.0, 10.0, 18.0, 12.0, 3.0, 13.0, 73.0, 25.0, 8.0, 14.0, 20.0, 16.0, 4.0, 42.0, 8.0, 8.0, 7.0, 10.0, 64.0, 19.0, 19.0, 25.0, 9.0, 45.0, 55.0, 10.0, 46.0, 19.0, 48.0, 35.0, 17.0, 9.0, 2.0, 34.0, 20.0, 10.0, 10.0, 39.0, 3.0, 10.0, 48.0, 5.0, 11.0, 57.0, 8.0, 5.0, 76.0, 4.0, 39.0, 12.0, 48.0, 7.0, 5.0, 30.0, 30.0, 7.0, 7.0, 14.0, 4.0, 13.0, 1.0, 50.0, 8.0, 7.0, 13.0, 7.0, 39.0, 25.0, 4.0, 36.0, 8.0, 13.0, 15.0, 22.0, 32.0, 8.0, 10.0, 2.0, 12.0, 33.0, 56.0, 4.0, 15.0, 23.0, 27.0, 19.0, 20.0, 25.0, 85.0, 8.0, 17.0, 22.0, 17.0, 20.0, 4.0, 31.0, 2.0, 4.0, 9.0, 8.0, 19.0, 25.0, 29.0, 24.0, 47.0, 50.0, 9.0, 21.0, 4.0, 8.0, 18.0, 9.0, 37.0, 38.0, 8.0, 16.0, 32.0, 10.0, 5.0, 32.0, 3.0, 11.0, 9.0, 27.0, 45.0, 14.0, 41.0, 11.0, 12.0, 28.0, 19.0, 70.0, 10.0, 17.0, 1.0, 28.0, 15.0, 66.0, 40.0, 21.0, 53.0, 61.0, 11.0, 26.0, 8.0, 4.0, 18.0, 23.0, 28.0, 30.0, 67.0, 2.0, 12.0, 26.0, 20.0, 8.0, 43.0, 7.0, 12.0, 10.0, 10.0, 37.0, 23.0, 6.0, 2.0, 7.0, 17.0, 8.0, 28.0, 3.0, 21.0, 11.0, 22.0, 14.0, 21.0, 15.0, 36.0, 9.0, 28.0, 46.0, 17.0, 48.0, 26.0, 20.0, 5.0, 8.0, 21.0, 42.0, 18.0, 84.0, 11.0, 14.0, 9.0, 21.0, 10.0, 20.0, 9.0, 8.0, 15.0, 38.0, 25.0, 14.0, 25.0, 35.0, 16.0, 44.0, 19.0, 8.0, 36.0, 30.0, 29.0, 13.0, 8.0, 46.0, 14.0, 1.0, 59.0, 31.0, 24.0, 3.0, 45.0, 9.0, 3.0, 44.0, 66.0, 13.0, 49.0, 23.0, 3.0, 5.0, 14.0, 5.0, 2.0, 20.0, 47.0, 57.0, 11.0, 42.0, 4.0, 4.0, 40.0, 33.0, 4.0, 15.0, 22.0, 44.0, 1.0, 12.0, 7.0, 53.0, 68.0, 5.0, 40.0, 21.0, 89.0, 61.0, 4.0, 45.0, 28.0, 1.0, 22.0, 11.0, 2.0, 25.0, 24.0, 16.0, 51.0, 23.0, 4.0, 19.0, 25.0, 6.0, 26.0, 5.0, 6.0, 8.0, 23.0, 12.0, 3.0, 8.0, 9.0, 19.0, 3.0, 12.0, 19.0, 4.0, 23.0, 30.0, 13.0, 9.0, 19.0, 25.0, 20.0, 10.0, 29.0, 6.0, 26.0, 9.0, 53.0, 40.0, 30.0, 8.0, 21.0, 29.0, 19.0, 4.0, 37.0, 7.0, 6.0, 10.0, 32.0, 16.0, 20.0, 9.0, 11.0, 10.0, 1.0, 13.0, 8.0, 1.0, 11.0, 9.0, 10.0, 19.0, 9.0, 8.0, 2.0, 25.0, 2.0, 2.0, 48.0, 17.0, 1.0, 14.0, 59.0, 27.0, 15.0, 18.0, 10.0, 10.0, 2.0, 25.0, 50.0, 41.0, 1.0, 5.0, 17.0, 15.0, 26.0, 29.0, 9.0, 13.0, 43.0, 76.0, 31.0, 7.0, 25.0, 11.0, 18.0, 9.0, 19.0, 32.0, 13.0, 26.0, 1.0, 7.0, 27.0, 44.0, 54.0, 13.0, 2.0, 66.0, 51.0, 44.0, 23.0, 7.0, 5.0, 33.0, 19.0, 12.0, 3.0, 18.0, 8.0, 5.0, 15.0, 1.0, 27.0, 10.0, 6.0, 22.0, 26.0, 2.0, 11.0, 22.0, 18.0, 18.0, 10.0, 7.0, 16.0, 23.0, 22.0, 10.0, 4.0, 22.0, 29.0, 20.0, 30.0, 14.0, 60.0, 24.0, 19.0, 2.0, 21.0, 40.0, 3.0, 22.0, 34.0, 15.0, 11.0, 4.0, 12.0, 39.0, 45.0, 9.0, 21.0, 6.0, 6.0, 1.0, 14.0, 1.0, 3.0, 100.0, 46.0, 17.0, 20.0, 33.0, 5.0, 28.0, 35.0, 13.0, 9.0, 51.0, 19.0, 40.0, 43.0, 19.0, 65.0, 21.0, 10.0, 11.0, 13.0, 3.0, 6.0, 19.0, 2.0, 20.0, 17.0, 15.0, 1.0, 15.0, 2.0, 11.0, 2.0, 38.0, 14.0, 11.0, 6.0, 15.0, 33.0, 1.0, 22.0, 34.0, 61.0, 15.0, 18.0, 9.0, 21.0, 31.0, 2.0, 20.0, 8.0, 11.0, 20.0, 15.0, 28.0, 22.0, 12.0, 19.0, 2.0, 56.0, 8.0, 20.0, 7.0, 21.0, 21.0, 9.0, 44.0, 9.0, 22.0, 7.0, 17.0, 38.0, 29.0, 9.0, 8.0, 16.0, 27.0, 6.0, 11.0, 5.0, 16.0, 10.0, 35.0, 3.0, 27.0, 55.0, 1.0, 22.0, 7.0, 8.0, 11.0, 57.0, 21.0, 10.0, 3.0, 11.0, 27.0, 34.0, 38.0, 6.0, 30.0, 14.0, 19.0, 2.0, 25.0, 4.0, 5.0, 5.0, 42.0, 46.0, 13.0, 3.0, 3.0, 8.0, 8.0, 4.0, 82.0, 35.0, 11.0, 2.0, 31.0, 1.0, 2.0, 106.0, 44.0, 34.0, 9.0, 1.0, 11.0, 11.0, 4.0, 20.0, 10.0, 15.0, 11.0, 7.0, 13.0, 12.0, 8.0, 29.0, 12.0, 34.0, 13.0, 19.0, 2.0, 3.0, 34.0, 10.0, 59.0, 1.0, 30.0, 138.0, 62.0, 12.0, 1.0, 1.0, 6.0, 9.0, 29.0, 3.0, 24.0, 5.0, 10.0, 10.0, 4.0, 12.0, 1.0, 11.0, 58.0, 2.0, 12.0, 1.0, 16.0, 2.0, 9.0, 17.0, 8.0, 31.0, 4.0, 19.0, 28.0, 15.0, 42.0, 24.0, 1.0, 4.0, 12.0, 3.0, 8.0, 36.0, 24.0, 1.0, 18.0, 10.0, 3.0, 11.0, 12.0, 29.0, 8.0, 2.0, 9.0, 1.0, 9.0, 98.0, 17.0, 11.0, 8.0, 11.0, 14.0, 4.0, 32.0, 11.0, 21.0, 48.0, 20.0, 20.0, 20.0, 11.0, 5.0, 49.0, 4.0, 1.0, 6.0, 33.0, 28.0, 43.0, 27.0, 35.0, 3.0, 15.0, 19.0, 1.0, 3.0, 4.0, 8.0, 8.0, 43.0, 18.0, 20.0, 15.0, 2.0, 47.0, 23.0, 27.0, 50.0, 9.0, 25.0, 32.0, 8.0, 4.0, 59.0, 2.0, 12.0, 4.0, 54.0, 46.0, 55.0, 42.0, 5.0, 24.0, 16.0, 9.0, 25.0, 10.0, 9.0, 2.0, 22.0, 3.0, 55.0, 20.0, 8.0, 10.0, 9.0, 52.0, 15.0, 30.0, 38.0, 14.0, 8.0, 9.0, 16.0, 23.0, 34.0, 12.0, 29.0, 5.0, 7.0, 3.0, 33.0, 21.0, 27.0, 82.0, 25.0, 20.0, 24.0, 21.0, 32.0, 9.0, 12.0, 44.0, 36.0, 22.0, 32.0, 11.0, 3.0, 47.0, 1.0, 22.0, 8.0, 15.0, 4.0, 17.0, 17.0, 11.0, 7.0, 19.0, 36.0, 3.0, 25.0, 16.0, 10.0, 23.0, 9.0, 3.0, 9.0, 12.0, 23.0, 19.0, 8.0, 1.0, 1.0, 1.0, 10.0, 11.0, 22.0, 9.0, 20.0, 15.0, 16.0, 21.0, 13.0, 3.0, 1.0, 14.0, 6.0, 18.0, 54.0, 2.0, 7.0, 9.0, 42.0, 32.0, 1.0, 41.0, 42.0, 9.0, 8.0, 5.0, 9.0, 1.0, 10.0, 32.0, 27.0, 3.0, 10.0, 1.0, 17.0, 6.0, 5.0, 9.0, 9.0, 1.0, 21.0, 21.0, 40.0, 37.0, 11.0, 9.0, 1.0, 1.0, 2.0, 22.0, 16.0, 3.0, 47.0, 4.0, 27.0, 16.0, 22.0, 9.0, 3.0, 7.0, 50.0, 13.0, 1.0, 19.0, 45.0, 53.0, 8.0, 3.0, 40.0, 20.0, 4.0, 47.0, 4.0, 11.0, 21.0, 6.0, 32.0, 75.0, 22.0, 10.0, 11.0, 11.0, 54.0, 62.0, 40.0, 8.0, 16.0, 56.0, 11.0, 5.0, 10.0, 10.0, 8.0, 28.0, 46.0, 16.0, 27.0, 29.0, 58.0, 27.0, 11.0, 10.0, 15.0, 12.0, 7.0, 26.0, 7.0, 6.0, 1.0, 10.0, 2.0, 34.0, 15.0, 28.0, 10.0, 19.0, 55.0, 8.0, 3.0, 32.0, 5.0, 1.0, 26.0, 8.0, 65.0, 1.0, 63.0, 1.0, 4.0, 9.0, 14.0, 31.0, 18.0, 12.0, 64.0, 12.0, 16.0, 14.0, 18.0, 28.0, 123.0, 11.0, 67.0, 6.0, 10.0, 29.0, 25.0, 20.0, 55.0, 41.0, 41.0, 9.0, 15.0, 7.0, 12.0, 85.0, 1.0, 11.0, 52.0, 20.0, 5.0, 23.0, 8.0, 23.0, 16.0, 2.0, 42.0, 38.0, 3.0, 30.0, 18.0, 40.0, 1.0, 31.0, 24.0, 1.0, 10.0, 34.0, 22.0, 2.0, 43.0, 6.0, 8.0, 9.0, 36.0, 20.0, 13.0, 27.0, 2.0, 15.0, 13.0, 1.0, 33.0, 48.0, 10.0, 22.0, 10.0, 12.0, 18.0, 18.0, 5.0, 10.0, 21.0, 7.0, 2.0, 41.0, 27.0, 20.0, 5.0, 15.0, 7.0, 27.0, 61.0, 5.0, 1.0, 18.0, 1.0, 13.0, 22.0, 12.0, 1.0, 25.0, 34.0, 35.0, 26.0, 3.0, 48.0, 1.0, 9.0, 1.0, 18.0, 28.0, 19.0, 26.0, 3.0, 8.0, 30.0, 8.0, 9.0, 5.0, 35.0, 8.0, 9.0, 20.0, 4.0, 17.0] 

traffic times
 [35.0, 32.0, 22.0, 27.0, 53.0, 63.0, 50.0, 39.0, 10.0, 14.0, 10.0, 16.0, 24.0, 9.0, 59.0, 32.0, 38.0, 5.0, 22.0, 41.0, 18.0, 14.0, 44.0, 40.0, 3.0, 28.0, 48.0, 14.0, 25.0, 11.0, 7.0, 5.0, 56.0, 1.0, 20.0, 31.0, 2.0, 2.0, 5.0, 12.0, 3.0, 26.0, 13.0, 4.0, 31.0, 31.0, 12.0, 42.0, 8.0, 32.0, 11.0, 7.0, 19.0, 18.0, 43.0, 7.0, 37.0, 16.0, 38.0, 11.0, 11.0, 6.0, 31.0, 24.0, 32.0, 34.0, 9.0, 29.0, 20.0, 15.0, 16.0, 11.0, 19.0, 17.0, 1.0, 11.0, 62.0, 32.0, 7.0, 43.0, 20.0, 6.0, 5.0, 19.0, 16.0, 15.0, 29.0, 35.0, 11.0, 9.0, 45.0, 13.0, 12.0, 3.0, 14.0, 22.0, 14.0, 10.0, 27.0, 15.0, 41.0, 6.0, 11.0, 1.0, 36.0, 15.0, 9.0, 18.0, 11.0, 3.0, 38.0, 24.0, 11.0, 30.0, 44.0, 25.0, 38.0, 12.0, 2.0, 48.0, 7.0, 11.0, 24.0, 26.0, 4.0, 11.0, 35.0, 10.0, 14.0, 17.0, 5.0, 15.0, 5.0, 29.0, 11.0, 14.0, 7.0, 20.0, 4.0, 31.0, 13.0, 1.0, 7.0, 22.0, 2.0, 22.0, 6.0, 50.0, 60.0, 15.0, 31.0, 17.0, 41.0, 27.0, 59.0, 16.0, 23.0, 24.0, 16.0, 2.0, 27.0, 1.0, 76.0, 12.0, 8.0, 15.0, 19.0, 10.0, 1.0, 36.0, 45.0, 7.0, 7.0, 15.0, 6.0, 9.0, 13.0, 17.0, 28.0, 12.0, 1.0, 36.0, 3.0, 52.0, 5.0, 7.0, 5.0, 16.0, 1.0, 22.0, 8.0, 17.0, 17.0, 22.0, 1.0, 21.0, 26.0, 8.0, 22.0, 22.0, 28.0, 13.0, 28.0, 66.0, 10.0, 7.0, 30.0, 20.0, 27.0, 57.0, 37.0, 17.0, 64.0, 21.0, 40.0, 10.0, 19.0, 20.0, 1.0, 20.0, 19.0, 9.0, 13.0, 29.0, 3.0, 57.0, 21.0, 2.0, 14.0, 20.0, 29.0, 18.0, 4.0, 17.0, 71.0, 17.0, 2.0, 86.0, 23.0, 5.0, 5.0, 14.0, 2.0, 26.0, 12.0, 49.0, 4.0, 36.0, 3.0, 28.0, 11.0, 53.0, 14.0, 30.0, 5.0, 50.0, 9.0, 14.0, 31.0, 5.0, 8.0, 35.0, 41.0, 16.0, 27.0, 39.0, 16.0, 3.0, 34.0, 15.0, 7.0, 24.0, 47.0, 14.0, 18.0, 9.0, 42.0, 17.0, 15.0, 4.0, 21.0, 101.0, 6.0, 34.0, 41.0, 26.0, 43.0, 21.0, 64.0, 6.0, 13.0, 25.0, 86.0, 31.0, 40.0, 4.0, 5.0, 8.0, 17.0, 16.0, 3.0, 18.0, 32.0, 23.0, 10.0, 14.0, 13.0, 26.0, 10.0, 3.0, 4.0, 1.0, 31.0, 9.0, 7.0, 32.0, 25.0, 10.0, 15.0, 17.0, 38.0, 5.0, 10.0, 14.0, 14.0, 11.0, 10.0, 38.0, 60.0, 1.0, 17.0, 44.0, 4.0, 5.0, 10.0, 16.0, 97.0, 59.0, 20.0, 46.0, 9.0, 5.0, 25.0, 13.0, 10.0, 44.0, 36.0, 23.0, 21.0, 24.0, 4.0, 95.0, 35.0, 41.0, 21.0, 6.0, 11.0, 17.0, 3.0, 18.0, 43.0, 12.0, 55.0, 42.0, 1.0, 1.0, 26.0, 4.0, 19.0, 30.0, 80.0, 33.0, 1.0, 30.0, 43.0, 1.0, 3.0, 3.0, 38.0, 25.0, 5.0, 75.0, 55.0, 7.0, 27.0, 35.0, 1.0, 22.0, 35.0, 7.0, 6.0, 29.0, 5.0, 23.0, 24.0, 1.0, 4.0, 15.0, 1.0, 7.0, 103.0, 12.0, 11.0, 10.0, 15.0, 39.0, 58.0, 9.0, 12.0, 3.0, 2.0, 28.0, 34.0, 17.0, 5.0, 22.0, 12.0, 7.0, 9.0, 21.0, 30.0, 21.0, 20.0, 8.0, 7.0, 22.0, 16.0, 23.0, 10.0, 7.0, 58.0, 21.0, 10.0, 8.0, 5.0, 18.0, 1.0, 13.0, 1.0, 12.0, 9.0, 24.0, 23.0, 7.0, 4.0, 26.0, 21.0, 34.0, 17.0, 15.0, 6.0, 9.0, 11.0, 9.0, 3.0, 27.0, 5.0, 15.0, 18.0, 8.0, 24.0, 20.0, 24.0, 34.0, 17.0, 72.0, 7.0, 4.0, 18.0, 10.0, 23.0, 31.0, 15.0, 1.0, 46.0, 36.0, 6.0, 3.0, 7.0, 21.0, 10.0, 50.0, 52.0, 26.0, 14.0, 2.0, 33.0, 45.0, 20.0, 13.0, 21.0, 14.0, 1.0, 9.0, 63.0, 21.0, 15.0, 22.0, 58.0, 2.0, 13.0, 9.0, 13.0, 15.0, 39.0, 22.0, 10.0, 8.0, 15.0, 3.0, 16.0, 18.0, 4.0, 42.0, 2.0, 7.0, 15.0, 58.0, 15.0, 1.0, 11.0, 69.0, 32.0, 40.0, 23.0, 56.0, 15.0, 29.0, 25.0, 3.0, 6.0, 28.0, 17.0, 56.0, 4.0, 9.0, 11.0, 44.0, 53.0, 3.0, 5.0, 48.0, 15.0, 1.0, 43.0, 24.0, 1.0, 16.0, 13.0, 49.0, 2.0, 58.0, 27.0, 33.0, 26.0, 59.0, 4.0, 26.0, 43.0, 41.0, 60.0, 7.0, 3.0, 25.0, 25.0, 17.0, 14.0, 2.0, 13.0, 13.0, 9.0, 17.0, 39.0, 4.0, 7.0, 10.0, 4.0, 90.0, 7.0, 33.0, 22.0, 37.0, 11.0, 11.0, 16.0, 6.0, 31.0, 10.0, 1.0, 12.0, 7.0, 5.0, 8.0, 4.0, 48.0, 28.0, 31.0, 17.0, 16.0, 23.0, 43.0, 23.0, 17.0, 41.0, 19.0, 82.0, 16.0, 16.0, 9.0, 1.0, 28.0, 18.0, 70.0, 17.0, 18.0, 41.0, 45.0, 33.0, 9.0, 29.0, 22.0, 12.0, 17.0, 10.0, 7.0, 1.0, 7.0, 13.0, 1.0, 45.0, 8.0, 8.0, 15.0, 35.0, 31.0, 40.0, 28.0, 46.0, 14.0, 13.0, 17.0, 10.0, 5.0, 52.0, 49.0, 1.0, 41.0, 17.0, 28.0, 55.0, 5.0, 1.0, 40.0, 16.0, 53.0, 4.0, 11.0, 17.0, 30.0, 13.0, 10.0, 42.0, 17.0, 7.0, 4.0, 3.0, 6.0, 10.0, 14.0, 69.0, 1.0, 14.0, 45.0, 2.0, 1.0, 24.0, 13.0, 6.0, 17.0, 73.0, 17.0, 11.0, 8.0, 22.0, 17.0, 4.0, 3.0, 7.0, 7.0, 61.0, 28.0, 6.0, 20.0, 12.0, 13.0, 30.0, 29.0, 47.0, 28.0, 4.0, 4.0, 23.0, 7.0, 11.0, 13.0, 17.0, 30.0, 87.0, 12.0, 11.0, 15.0, 23.0, 27.0, 31.0, 45.0, 11.0, 100.0, 25.0, 15.0, 31.0, 63.0, 16.0, 16.0, 1.0, 11.0, 8.0, 39.0, 29.0, 2.0, 20.0, 28.0, 81.0, 29.0, 1.0, 18.0, 10.0, 25.0, 27.0, 52.0, 27.0, 8.0, 9.0, 13.0, 2.0, 19.0, 4.0, 16.0, 29.0, 3.0, 5.0, 44.0, 77.0, 19.0, 53.0, 10.0, 13.0, 5.0, 6.0, 17.0, 30.0, 14.0, 11.0, 17.0, 42.0, 19.0, 34.0, 49.0, 10.0, 20.0, 53.0, 4.0, 6.0, 104.0, 55.0, 8.0, 38.0, 6.0, 35.0, 16.0, 9.0, 49.0, 5.0, 4.0, 12.0, 7.0, 10.0, 6.0, 23.0, 13.0, 8.0, 39.0, 52.0, 21.0, 23.0, 44.0, 67.0, 8.0, 11.0, 6.0, 66.0, 68.0, 1.0, 57.0, 23.0, 28.0, 28.0, 43.0, 12.0, 23.0, 22.0, 26.0, 6.0, 28.0, 35.0, 12.0, 57.0, 10.0, 26.0, 39.0, 13.0, 34.0, 13.0, 48.0, 18.0, 17.0, 11.0, 48.0, 32.0, 31.0, 15.0, 15.0, 16.0, 27.0, 17.0, 12.0, 33.0, 55.0, 5.0, 3.0, 7.0, 27.0, 42.0, 47.0, 47.0, 57.0, 47.0, 5.0, 5.0, 11.0, 4.0, 6.0, 18.0, 23.0, 46.0, 1.0, 12.0, 25.0, 16.0, 8.0, 79.0, 13.0, 23.0, 17.0, 31.0, 8.0, 23.0, 28.0, 11.0, 6.0, 18.0, 23.0, 33.0, 41.0, 14.0, 60.0, 15.0, 29.0, 31.0, 10.0, 18.0, 11.0, 12.0, 6.0, 26.0, 8.0, 13.0, 21.0, 5.0, 1.0, 54.0, 22.0, 7.0, 23.0, 28.0, 59.0, 1.0, 7.0, 7.0, 1.0, 21.0, 36.0, 7.0, 36.0, 30.0, 20.0, 7.0, 85.0, 12.0, 1.0, 12.0, 4.0, 18.0, 28.0, 22.0, 57.0, 23.0, 19.0, 3.0, 49.0, 58.0, 11.0, 21.0, 1.0, 2.0, 1.0, 20.0, 13.0, 14.0, 25.0, 25.0, 18.0, 15.0, 53.0, 42.0, 17.0, 9.0, 32.0, 2.0, 9.0, 43.0, 17.0, 53.0, 10.0, 39.0, 30.0, 22.0, 56.0, 30.0, 22.0, 54.0, 26.0, 52.0, 10.0, 16.0, 19.0, 10.0, 12.0, 119.0, 58.0, 6.0, 20.0, 43.0, 65.0, 63.0, 11.0, 8.0, 15.0, 10.0, 47.0, 10.0, 20.0, 7.0, 32.0, 12.0, 46.0, 48.0, 31.0, 38.0, 19.0, 27.0, 4.0, 39.0, 3.0, 12.0, 6.0, 40.0, 12.0, 23.0, 29.0, 18.0, 27.0, 23.0, 15.0, 30.0, 9.0, 10.0, 1.0, 13.0, 13.0, 11.0, 32.0, 8.0, 18.0, 19.0, 50.0, 56.0, 8.0, 29.0, 3.0, 1.0, 18.0, 21.0, 4.0, 45.0, 48.0, 1.0, 9.0, 10.0, 8.0, 3.0, 56.0, 37.0, 6.0, 9.0, 1.0, 8.0, 1.0, 11.0, 14.0, 30.0, 17.0, 1.0, 30.0, 29.0, 33.0, 3.0, 3.0, 8.0, 14.0, 19.0, 12.0, 42.0, 9.0, 13.0, 17.0, 9.0, 20.0, 15.0, 51.0, 12.0, 8.0, 43.0, 9.0, 62.0, 17.0, 6.0, 14.0, 4.0, 38.0, 27.0, 13.0, 21.0, 4.0, 1.0, 8.0, 7.0, 52.0, 14.0, 5.0, 15.0, 48.0, 2.0, 40.0, 7.0, 19.0, 7.0, 60.0, 10.0, 42.0, 11.0, 15.0, 55.0, 5.0, 2.0, 40.0, 3.0, 31.0, 70.0, 12.0, 1.0, 8.0, 18.0, 29.0, 6.0, 22.0, 37.0, 19.0, 56.0, 43.0, 2.0, 2.0, 10.0, 33.0, 18.0, 29.0, 31.0, 2.0, 18.0, 1.0, 7.0, 11.0, 50.0, 33.0, 7.0, 25.0, 19.0, 10.0, 10.0, 83.0, 32.0, 28.0, 37.0, 19.0, 25.0, 7.0, 72.0, 3.0, 78.0, 18.0, 1.0, 9.0, 16.0, 18.0, 26.0, 11.0, 8.0, 61.0, 27.0, 63.0, 30.0, 54.0, 11.0, 15.0, 12.0, 20.0, 49.0, 7.0, 46.0, 3.0, 15.0, 2.0, 54.0, 9.0, 10.0, 31.0, 3.0, 20.0, 23.0, 58.0, 22.0, 11.0, 27.0, 42.0, 35.0, 9.0, 5.0, 5.0, 4.0, 27.0, 52.0, 25.0, 28.0, 9.0, 25.0, 7.0, 13.0, 11.0, 6.0, 17.0, 16.0, 34.0, 25.0, 48.0, 23.0, 28.0, 5.0, 80.0, 16.0, 6.0, 42.0, 21.0, 8.0, 24.0, 12.0, 22.0, 64.0, 9.0, 28.0, 46.0, 7.0, 6.0, 4.0, 2.0, 13.0, 30.0, 18.0, 12.0, 12.0, 13.0, 16.0, 37.0, 41.0, 41.0, 32.0, 11.0, 44.0, 4.0, 7.0, 25.0, 9.0, 66.0, 7.0, 65.0, 33.0, 29.0, 11.0, 14.0, 14.0, 33.0, 26.0, 4.0, 19.0, 52.0, 3.0, 17.0, 6.0, 13.0, 115.0, 10.0, 64.0, 42.0, 25.0, 21.0, 11.0, 70.0, 1.0, 30.0, 15.0, 39.0, 14.0, 37.0, 7.0, 17.0, 11.0, 1.0, 1.0, 9.0, 17.0, 12.0, 32.0, 90.0, 10.0, 8.0, 9.0, 70.0, 29.0, 4.0, 19.0, 13.0, 4.0, 28.0, 1.0, 7.0, 40.0, 9.0, 40.0, 27.0, 15.0, 6.0, 28.0, 6.0, 45.0, 7.0, 7.0, 37.0, 46.0, 2.0, 21.0, 18.0, 2.0, 12.0, 7.0, 34.0, 55.0, 11.0, 34.0, 38.0, 38.0, 55.0, 1.0, 55.0, 31.0, 57.0, 22.0, 15.0, 5.0, 6.0, 10.0, 16.0, 15.0, 8.0, 5.0, 17.0, 39.0, 10.0, 63.0, 19.0, 7.0, 1.0, 26.0, 6.0, 19.0, 2.0, 28.0, 7.0, 8.0, 52.0, 37.0, 18.0, 5.0, 13.0, 5.0, 50.0, 4.0, 8.0, 1.0, 9.0, 5.0, 7.0, 6.0, 1.0, 11.0, 49.0, 75.0, 13.0, 15.0, 30.0, 20.0, 14.0, 23.0, 22.0, 22.0, 3.0, 10.0, 4.0, 59.0, 5.0, 42.0, 32.0, 13.0, 53.0, 38.0, 41.0, 4.0, 12.0, 26.0, 13.0, 28.0, 7.0, 9.0, 59.0, 6.0, 45.0, 11.0, 37.0, 52.0, 4.0, 24.0, 12.0, 31.0, 11.0, 30.0, 5.0, 5.0, 37.0, 28.0, 21.0, 18.0, 4.0, 73.0, 48.0, 54.0, 53.0, 9.0, 16.0, 36.0, 11.0, 4.0, 47.0, 31.0, 13.0, 44.0, 36.0, 35.0, 10.0, 42.0, 31.0, 6.0, 8.0, 21.0, 49.0, 13.0, 27.0, 20.0, 8.0, 51.0, 7.0, 22.0, 22.0, 35.0, 6.0, 70.0, 19.0, 9.0, 18.0, 12.0, 51.0, 1.0, 11.0, 25.0, 32.0, 2.0, 11.0, 3.0, 1.0, 11.0, 6.0, 4.0, 7.0, 2.0, 21.0, 46.0, 42.0, 7.0, 6.0, 7.0, 53.0, 36.0, 33.0, 11.0, 26.0, 38.0, 101.0, 43.0, 24.0, 27.0, 38.0, 16.0, 58.0, 20.0, 18.0, 6.0, 36.0, 25.0, 1.0, 10.0, 26.0, 8.0, 8.0, 15.0, 20.0, 36.0, 43.0, 12.0, 29.0, 9.0, 5.0, 31.0, 20.0, 26.0, 6.0, 51.0, 40.0, 14.0, 32.0, 6.0, 15.0, 10.0, 12.0, 62.0, 21.0, 96.0, 4.0, 28.0, 37.0, 9.0, 1.0, 12.0, 3.0, 54.0, 7.0, 12.0, 81.0, 30.0, 9.0, 18.0, 6.0, 9.0, 25.0, 11.0, 23.0, 5.0, 18.0, 16.0, 4.0, 27.0, 13.0, 31.0, 29.0, 12.0, 8.0, 28.0, 14.0, 3.0, 17.0, 1.0, 29.0, 88.0, 1.0, 20.0, 24.0, 4.0, 53.0, 20.0, 1.0, 14.0, 19.0, 8.0, 25.0, 29.0, 10.0, 1.0, 5.0, 11.0, 10.0, 29.0, 38.0, 16.0, 10.0, 43.0, 9.0, 65.0, 6.0, 21.0, 3.0, 20.0, 11.0, 11.0, 17.0, 2.0, 23.0, 49.0, 22.0, 49.0, 16.0, 57.0, 61.0, 18.0, 29.0, 35.0, 39.0, 19.0, 22.0, 17.0, 49.0, 40.0, 40.0, 47.0, 28.0, 16.0, 14.0, 36.0, 9.0, 30.0, 20.0, 21.0, 8.0, 7.0, 20.0, 11.0, 50.0, 26.0, 29.0, 9.0, 35.0, 8.0, 51.0, 12.0, 5.0, 1.0, 20.0, 16.0, 12.0, 9.0, 31.0, 8.0, 1.0, 31.0, 19.0, 11.0, 22.0, 33.0, 22.0, 55.0, 24.0, 15.0, 11.0, 9.0, 7.0, 51.0, 14.0, 30.0, 22.0, 36.0, 3.0, 56.0, 42.0, 20.0, 3.0, 23.0, 1.0, 21.0, 34.0, 25.0, 50.0, 8.0, 24.0, 22.0, 10.0, 45.0, 28.0, 64.0, 45.0, 7.0, 17.0, 9.0, 26.0, 51.0, 8.0, 23.0, 1.0, 1.0, 2.0, 21.0, 16.0, 10.0, 21.0, 65.0, 27.0, 14.0, 19.0, 13.0, 1.0, 1.0, 12.0, 9.0, 20.0, 5.0, 17.0, 1.0, 11.0, 30.0, 13.0, 16.0, 15.0, 44.0, 21.0, 1.0, 71.0, 42.0, 12.0, 58.0, 5.0, 1.0, 13.0, 2.0, 71.0, 11.0, 10.0, 22.0, 25.0, 13.0, 66.0, 39.0, 7.0, 30.0, 17.0, 7.0, 3.0, 24.0, 18.0, 17.0, 2.0, 11.0, 32.0, 4.0, 20.0, 51.0, 5.0, 14.0, 3.0, 6.0, 1.0, 3.0, 43.0, 32.0, 2.0, 25.0, 2.0, 55.0, 4.0, 9.0, 14.0, 13.0, 22.0, 67.0, 10.0, 5.0, 13.0, 29.0, 23.0, 12.0, 3.0, 43.0, 19.0, 32.0, 1.0, 1.0, 39.0, 23.0, 16.0, 32.0, 37.0, 11.0, 10.0, 27.0, 25.0, 41.0, 2.0, 8.0, 24.0, 21.0, 12.0, 12.0, 71.0, 20.0, 36.0, 31.0, 29.0, 18.0, 15.0, 9.0, 8.0, 1.0, 15.0, 21.0, 18.0, 11.0, 44.0, 3.0, 1.0, 13.0, 45.0, 36.0, 12.0, 33.0, 43.0, 10.0, 45.0, 12.0, 31.0, 20.0, 44.0, 4.0, 33.0, 34.0, 13.0, 40.0, 68.0, 25.0, 31.0, 10.0, 26.0, 2.0, 22.0, 10.0, 11.0, 51.0, 24.0, 13.0, 4.0, 41.0, 10.0, 2.0, 28.0, 3.0, 23.0, 8.0, 20.0, 1.0, 23.0, 13.0, 59.0, 21.0, 59.0, 16.0, 13.0] 

total times
 [28.0, 51.0, 15.0, 40.0, 25.0, 27.0, 60.0, 115.0, 4.0, 112.0, 47.0, 25.0, 7.0, 43.0, 11.0, 16.0, 53.0, 16.0, 26.0, 32.0, 12.0, 9.0, 7.0, 59.0, 32.0, 1.0, 43.0, 7.0, 68.0, 7.0, 31.0, 13.0, 9.0, 20.0, 11.0, 21.0, 4.0, 52.0, 33.0, 42.0, 18.0, 14.0, 10.0, 5.0, 8.0, 10.0, 9.0, 44.0, 1.0, 9.0, 2.0, 4.0, 40.0, 15.0, 10.0, 3.0, 42.0, 24.0, 94.0, 3.0, 58.0, 21.0, 16.0, 35.0, 2.0, 13.0, 14.0, 64.0, 13.0, 63.0, 5.0, 32.0, 9.0, 2.0, 40.0, 11.0, 37.0, 31.0, 40.0, 2.0, 22.0, 14.0, 22.0, 13.0, 30.0, 45.0, 14.0, 24.0, 5.0, 36.0, 28.0, 7.0, 35.0, 29.0, 1.0, 13.0, 44.0, 29.0, 35.0, 31.0, 29.0, 16.0, 4.0, 30.0, 61.0, 20.0, 41.0, 112.0, 15.0, 8.0, 1.0, 7.0, 3.0, 36.0, 54.0, 41.0, 5.0, 15.0, 27.0, 23.0, 44.0, 28.0, 39.0, 55.0, 21.0, 35.0, 29.0, 1.0, 15.0, 8.0, 76.0, 5.0, 15.0, 11.0, 33.0, 59.0, 65.0, 1.0, 21.0, 60.0, 35.0, 36.0, 5.0, 19.0, 26.0, 29.0, 42.0, 25.0, 18.0, 10.0, 17.0, 12.0, 40.0, 5.0, 13.0, 30.0, 13.0, 39.0, 23.0, 6.0, 53.0, 30.0, 43.0, 7.0, 41.0, 29.0, 25.0, 16.0, 6.0, 11.0, 28.0, 21.0, 5.0, 5.0, 1.0, 1.0, 5.0, 55.0, 17.0, 53.0, 34.0, 22.0, 31.0, 2.0, 37.0, 19.0, 18.0, 63.0, 14.0, 32.0, 11.0, 76.0, 20.0, 18.0, 6.0, 1.0, 3.0, 12.0, 13.0, 1.0, 43.0, 24.0, 15.0, 10.0, 21.0, 12.0, 36.0, 35.0, 19.0, 93.0, 31.0, 23.0, 19.0, 45.0, 1.0, 15.0, 22.0, 28.0, 8.0, 4.0, 15.0, 9.0, 36.0, 3.0, 22.0, 57.0, 25.0, 5.0, 2.0, 30.0, 88.0, 14.0, 58.0, 2.0, 5.0, 27.0, 9.0, 14.0, 4.0, 44.0, 16.0, 14.0, 21.0, 1.0, 38.0, 1.0, 28.0, 8.0, 70.0, 5.0, 12.0, 11.0, 48.0, 36.0, 16.0, 25.0, 18.0, 15.0, 32.0, 41.0, 11.0, 24.0, 10.0, 38.0, 26.0, 64.0, 33.0, 10.0, 33.0, 57.0, 7.0, 2.0, 29.0, 10.0, 41.0, 65.0, 16.0, 26.0, 7.0, 31.0, 1.0, 58.0, 2.0, 10.0, 2.0, 48.0, 3.0, 59.0, 3.0, 31.0, 20.0, 39.0, 29.0, 68.0, 15.0, 17.0, 27.0, 37.0, 4.0, 12.0, 19.0, 36.0, 11.0, 33.0, 22.0, 12.0, 25.0, 11.0, 8.0, 26.0, 19.0, 63.0, 9.0, 11.0, 14.0, 29.0, 30.0, 14.0, 29.0, 13.0, 3.0, 2.0, 21.0, 41.0, 108.0, 9.0, 7.0, 9.0, 24.0, 26.0, 8.0, 18.0, 22.0, 9.0, 22.0, 51.0, 5.0, 3.0, 3.0, 5.0, 35.0, 35.0, 39.0, 59.0, 10.0, 1.0, 9.0, 40.0, 12.0, 6.0, 30.0, 10.0, 50.0, 8.0, 69.0, 19.0, 4.0, 35.0, 4.0, 14.0, 7.0, 20.0, 36.0, 9.0, 18.0, 40.0, 4.0, 21.0, 41.0, 5.0, 49.0, 1.0, 7.0, 29.0, 61.0, 41.0, 9.0, 10.0, 24.0, 7.0, 19.0, 5.0, 43.0, 36.0, 31.0, 49.0, 32.0, 70.0, 5.0, 5.0, 125.0, 10.0, 32.0, 9.0, 7.0, 37.0, 23.0, 27.0, 5.0, 57.0, 10.0, 27.0, 39.0, 36.0, 65.0, 13.0, 40.0, 40.0, 1.0, 19.0, 8.0, 6.0, 10.0, 35.0, 50.0, 24.0, 37.0, 17.0, 4.0, 8.0, 21.0, 1.0, 16.0, 13.0, 20.0, 19.0, 6.0, 31.0, 16.0, 42.0, 3.0, 7.0, 37.0, 37.0, 43.0, 51.0, 45.0, 4.0, 50.0, 9.0, 7.0, 5.0, 3.0, 54.0, 14.0, 35.0, 11.0, 54.0, 16.0, 46.0, 44.0, 16.0, 54.0, 34.0, 8.0, 10.0, 2.0, 22.0, 31.0, 10.0, 16.0, 21.0, 75.0, 34.0, 26.0, 8.0, 30.0, 24.0, 55.0, 26.0, 6.0, 1.0, 2.0, 17.0, 14.0, 91.0, 23.0, 56.0, 4.0, 37.0, 6.0, 51.0, 15.0, 4.0, 47.0, 70.0, 4.0, 17.0, 14.0, 24.0, 20.0, 10.0, 35.0, 7.0, 21.0, 6.0, 7.0, 17.0, 109.0, 23.0, 33.0, 19.0, 9.0, 7.0, 8.0, 64.0, 11.0, 44.0, 57.0, 25.0, 67.0, 37.0, 8.0, 45.0, 3.0, 49.0, 29.0, 13.0, 23.0, 80.0, 14.0, 59.0, 20.0, 35.0, 25.0, 19.0, 17.0, 13.0, 1.0, 29.0, 10.0, 12.0, 8.0, 51.0, 16.0, 18.0, 24.0, 25.0, 30.0, 18.0, 9.0, 61.0, 42.0, 21.0, 26.0, 14.0, 9.0, 6.0, 15.0, 13.0, 22.0, 34.0, 32.0, 1.0, 22.0, 8.0, 17.0, 35.0, 71.0, 24.0, 7.0, 9.0, 1.0, 84.0, 35.0, 25.0, 8.0, 24.0, 31.0, 11.0, 3.0, 112.0, 8.0, 50.0, 6.0, 32.0, 14.0, 7.0, 28.0, 22.0, 32.0, 14.0, 8.0, 5.0, 17.0, 18.0, 1.0, 27.0, 9.0, 23.0, 9.0, 26.0, 48.0, 100.0, 12.0, 66.0, 46.0, 60.0, 65.0, 41.0, 2.0, 69.0, 34.0, 47.0, 11.0, 80.0, 14.0, 63.0, 1.0, 20.0, 36.0, 10.0, 55.0, 13.0, 32.0, 34.0, 31.0, 71.0, 15.0, 39.0, 45.0, 34.0, 18.0, 43.0, 19.0, 3.0, 71.0, 9.0, 41.0, 7.0, 9.0, 10.0, 50.0, 16.0, 11.0, 5.0, 4.0, 24.0, 51.0, 43.0, 3.0, 54.0, 48.0, 19.0, 15.0, 18.0, 14.0, 23.0, 68.0, 36.0, 38.0, 34.0, 39.0, 18.0, 23.0, 40.0, 70.0, 101.0, 4.0, 35.0, 3.0, 12.0, 18.0, 21.0, 35.0, 1.0, 5.0, 47.0, 38.0, 17.0, 47.0, 8.0, 21.0, 1.0, 31.0, 2.0, 64.0, 6.0, 18.0, 10.0, 40.0, 14.0, 19.0, 16.0, 1.0, 13.0, 22.0, 33.0, 44.0, 18.0, 46.0, 91.0, 41.0, 20.0, 59.0, 16.0, 58.0, 30.0, 6.0, 24.0, 19.0, 13.0, 35.0, 47.0, 19.0, 18.0, 15.0, 36.0, 84.0, 32.0, 67.0, 18.0, 27.0, 9.0, 15.0, 11.0, 53.0, 4.0, 4.0, 1.0, 12.0, 25.0, 8.0, 9.0, 23.0, 18.0, 22.0, 13.0, 41.0, 19.0, 32.0, 23.0, 9.0, 34.0, 9.0, 34.0, 14.0, 6.0, 13.0, 18.0, 34.0, 4.0, 13.0, 5.0, 53.0, 12.0, 1.0, 14.0, 16.0, 6.0, 30.0, 22.0, 37.0, 12.0, 47.0, 15.0, 36.0, 32.0, 44.0, 4.0, 20.0, 20.0, 39.0, 25.0, 56.0, 23.0, 12.0, 34.0, 8.0, 18.0, 5.0, 14.0, 30.0, 73.0, 1.0, 8.0, 10.0, 46.0, 60.0, 8.0, 4.0, 19.0, 5.0, 63.0, 6.0, 18.0, 16.0, 98.0, 14.0, 10.0, 74.0, 116.0, 2.0, 2.0, 107.0, 51.0, 6.0, 20.0, 4.0, 6.0, 19.0, 5.0, 11.0, 46.0, 15.0, 18.0, 5.0, 37.0, 13.0, 10.0, 52.0, 57.0, 27.0, 55.0, 41.0, 24.0, 34.0, 13.0, 5.0, 23.0, 132.0, 8.0, 27.0, 41.0, 47.0, 25.0, 37.0, 37.0, 42.0, 35.0, 16.0, 31.0, 22.0, 7.0, 17.0, 14.0, 27.0, 3.0, 25.0, 20.0, 55.0, 19.0, 22.0, 34.0, 32.0, 6.0, 21.0, 46.0, 25.0, 163.0, 36.0, 19.0, 1.0, 17.0, 10.0, 1.0, 3.0, 4.0, 46.0, 16.0, 19.0, 1.0, 13.0, 1.0, 38.0, 26.0, 12.0, 13.0, 32.0, 23.0, 30.0, 29.0, 84.0, 40.0, 5.0, 80.0, 36.0, 45.0, 17.0, 13.0, 43.0, 41.0, 9.0, 19.0, 60.0, 19.0, 6.0, 6.0, 3.0, 39.0, 29.0, 40.0, 29.0, 14.0, 24.0, 62.0, 50.0, 1.0, 19.0, 6.0, 31.0, 8.0, 26.0, 75.0, 75.0, 17.0, 27.0, 17.0, 37.0, 59.0, 5.0, 24.0, 35.0, 38.0, 21.0, 49.0, 9.0, 25.0, 18.0, 46.0, 22.0, 27.0, 30.0, 4.0, 35.0, 46.0, 9.0, 42.0, 1.0, 10.0, 5.0, 3.0, 95.0, 28.0, 11.0, 71.0, 103.0, 13.0, 11.0, 16.0, 3.0, 8.0, 23.0, 6.0, 1.0, 11.0, 7.0, 17.0, 26.0, 17.0, 12.0, 86.0, 37.0, 68.0, 3.0, 19.0, 1.0, 88.0, 33.0, 30.0, 6.0, 24.0, 13.0, 62.0, 1.0, 2.0, 7.0, 67.0, 8.0, 6.0, 48.0, 62.0, 11.0, 37.0, 27.0, 13.0, 39.0, 10.0, 47.0, 58.0, 8.0, 76.0, 10.0, 14.0, 16.0, 12.0, 26.0, 27.0, 82.0, 45.0, 24.0, 62.0, 31.0, 15.0, 32.0, 31.0, 6.0, 9.0, 17.0, 60.0, 11.0, 64.0, 7.0, 13.0, 44.0, 35.0, 11.0, 26.0, 2.0, 6.0, 5.0, 27.0, 31.0, 14.0, 9.0, 19.0, 60.0, 24.0, 26.0, 30.0, 49.0, 45.0, 9.0, 8.0, 18.0, 26.0, 22.0, 1.0, 3.0, 7.0, 2.0, 35.0, 28.0, 27.0, 54.0, 11.0, 88.0, 67.0, 4.0, 14.0, 1.0, 18.0, 27.0, 23.0, 10.0, 21.0, 11.0, 9.0, 28.0, 7.0, 63.0, 4.0, 1.0, 28.0, 11.0, 14.0, 51.0, 55.0, 52.0, 3.0, 17.0, 34.0, 17.0, 63.0, 10.0, 21.0, 19.0, 42.0, 49.0, 39.0, 13.0, 78.0, 12.0, 10.0, 8.0, 3.0, 14.0, 36.0, 36.0, 8.0, 19.0, 2.0, 16.0, 16.0, 1.0, 10.0, 24.0, 53.0, 17.0, 12.0, 32.0, 9.0, 24.0, 32.0, 6.0, 18.0, 21.0, 1.0, 46.0, 26.0, 8.0, 46.0, 10.0, 24.0, 11.0, 41.0, 88.0, 42.0, 36.0, 44.0, 9.0, 95.0, 14.0, 9.0, 39.0, 58.0, 12.0, 10.0, 29.0, 5.0, 48.0, 23.0, 34.0, 15.0, 25.0, 22.0, 65.0, 4.0, 46.0, 89.0, 9.0, 42.0, 3.0, 16.0, 2.0, 25.0, 12.0, 27.0, 30.0, 29.0, 23.0, 54.0, 10.0, 100.0, 1.0, 18.0, 30.0, 25.0, 6.0, 64.0, 3.0, 28.0, 17.0, 30.0, 37.0, 22.0, 17.0, 50.0, 17.0, 90.0, 5.0, 8.0, 6.0, 35.0, 45.0, 1.0, 12.0, 87.0, 13.0, 18.0, 21.0, 16.0, 42.0, 21.0, 5.0, 13.0, 119.0, 17.0, 73.0, 9.0, 25.0, 3.0, 35.0, 47.0, 12.0, 25.0, 67.0, 9.0, 8.0, 13.0, 26.0, 14.0, 17.0, 10.0, 22.0, 7.0, 14.0, 9.0, 30.0, 58.0, 17.0, 15.0, 57.0, 21.0, 49.0, 11.0, 48.0, 43.0, 1.0, 2.0, 47.0, 11.0, 40.0, 76.0, 20.0, 8.0, 29.0, 10.0, 15.0, 4.0, 7.0, 11.0, 26.0, 51.0, 49.0, 35.0, 5.0, 2.0, 45.0, 47.0, 51.0, 5.0, 37.0, 35.0, 13.0, 28.0, 39.0, 3.0, 10.0, 8.0, 99.0, 41.0, 10.0, 44.0, 2.0, 9.0, 18.0, 95.0, 23.0, 11.0, 15.0, 19.0, 40.0, 95.0, 51.0, 46.0, 41.0, 23.0, 90.0, 27.0, 42.0, 34.0, 31.0, 26.0, 6.0, 20.0, 11.0, 13.0, 36.0, 36.0, 9.0, 8.0, 10.0, 65.0, 7.0, 5.0, 3.0, 34.0, 7.0, 17.0, 50.0, 20.0, 3.0, 63.0, 20.0, 44.0, 11.0, 48.0, 1.0, 45.0, 25.0, 66.0, 2.0, 117.0, 28.0, 41.0, 60.0, 17.0, 153.0, 61.0, 43.0, 2.0, 4.0, 8.0, 10.0, 5.0, 60.0, 28.0, 43.0, 27.0, 28.0, 8.0, 17.0, 50.0, 10.0, 19.0, 11.0, 14.0, 29.0, 50.0, 81.0, 6.0, 46.0, 43.0, 62.0, 11.0, 58.0, 39.0, 42.0, 16.0, 96.0, 11.0, 11.0, 3.0, 9.0, 26.0, 16.0, 39.0, 25.0, 44.0, 6.0, 11.0, 26.0, 11.0, 16.0, 32.0, 4.0, 3.0, 12.0, 10.0, 31.0, 73.0, 43.0, 5.0, 11.0, 19.0, 9.0, 1.0, 37.0, 74.0, 42.0, 14.0, 10.0, 26.0, 9.0, 4.0, 6.0, 1.0, 27.0, 23.0, 28.0, 3.0, 65.0, 8.0, 7.0, 98.0, 24.0, 14.0, 45.0, 2.0, 26.0, 62.0, 28.0, 10.0, 42.0, 4.0, 8.0, 56.0, 5.0, 19.0, 8.0, 20.0, 23.0, 20.0, 13.0, 35.0, 40.0, 5.0, 11.0, 21.0, 35.0, 1.0, 1.0, 56.0, 34.0, 14.0, 43.0, 30.0, 4.0, 7.0, 10.0, 25.0, 48.0, 9.0, 8.0, 54.0, 18.0, 28.0, 10.0, 52.0, 23.0, 7.0, 17.0, 29.0, 43.0, 33.0, 54.0, 20.0, 41.0, 21.0, 3.0, 19.0, 82.0, 67.0, 88.0, 17.0, 1.0, 33.0, 12.0, 59.0, 12.0, 32.0, 5.0, 7.0, 7.0, 30.0, 64.0, 1.0, 93.0, 72.0, 21.0, 9.0, 27.0, 10.0, 76.0, 49.0, 6.0, 50.0, 11.0, 9.0, 15.0, 29.0, 77.0, 21.0, 15.0, 80.0, 31.0, 12.0, 34.0, 10.0, 10.0, 48.0, 29.0, 60.0, 20.0, 43.0, 7.0, 45.0, 3.0, 20.0, 12.0, 26.0, 25.0, 29.0, 10.0, 10.0, 45.0, 41.0, 37.0, 3.0, 28.0, 10.0, 20.0, 20.0, 6.0, 14.0, 10.0, 11.0, 51.0, 38.0, 10.0, 10.0, 10.0, 9.0, 95.0, 13.0, 22.0, 5.0, 45.0, 8.0, 18.0, 15.0, 59.0, 22.0, 8.0, 15.0, 6.0, 19.0, 3.0, 43.0, 48.0, 40.0, 5.0, 102.0, 4.0, 31.0, 50.0, 24.0, 19.0, 23.0, 17.0, 70.0, 13.0, 11.0, 12.0, 17.0, 9.0, 74.0, 3.0, 10.0, 55.0, 11.0, 34.0, 17.0, 6.0, 60.0, 10.0, 49.0, 69.0, 9.0, 22.0, 56.0, 63.0, 7.0, 1.0, 22.0, 9.0, 48.0, 13.0, 28.0, 71.0, 38.0, 13.0, 85.0, 11.0, 39.0, 15.0, 1.0, 10.0, 11.0, 40.0, 10.0, 3.0, 38.0, 5.0, 32.0, 36.0, 21.0, 21.0, 37.0, 58.0, 9.0, 46.0, 8.0, 4.0, 9.0, 66.0, 8.0, 33.0, 22.0, 36.0, 27.0, 20.0, 35.0, 4.0, 11.0, 11.0, 18.0, 5.0, 9.0, 39.0, 31.0, 114.0, 10.0, 10.0, 15.0, 20.0, 21.0, 47.0, 31.0, 36.0, 6.0, 32.0, 18.0, 34.0, 27.0, 70.0, 6.0, 18.0, 126.0, 40.0, 20.0, 26.0, 67.0, 11.0, 10.0, 3.0, 26.0, 21.0, 57.0, 5.0, 6.0, 64.0, 40.0, 17.0, 40.0, 5.0, 7.0, 13.0, 11.0, 4.0, 7.0, 9.0, 40.0, 11.0, 8.0, 80.0, 42.0, 9.0, 9.0, 11.0, 44.0, 21.0, 20.0, 43.0, 19.0, 7.0, 35.0, 44.0, 26.0, 96.0, 39.0, 13.0, 1.0, 16.0, 4.0, 4.0, 9.0, 73.0, 14.0, 16.0, 30.0, 26.0, 1.0, 21.0, 26.0, 4.0, 6.0, 16.0, 14.0, 11.0, 65.0, 24.0, 21.0, 17.0, 20.0, 17.0, 32.0, 106.0, 12.0, 31.0, 1.0, 19.0, 19.0, 14.0, 32.0, 30.0, 68.0, 45.0, 80.0, 16.0, 4.0, 3.0, 132.0, 32.0, 89.0, 6.0, 15.0, 35.0, 6.0, 8.0, 2.0, 11.0, 126.0, 74.0, 3.0, 50.0, 4.0, 30.0, 6.0, 31.0, 19.0, 1.0, 10.0, 14.0, 21.0, 14.0, 2.0, 9.0, 10.0, 8.0, 77.0, 47.0, 30.0, 38.0, 30.0, 84.0, 2.0, 20.0, 10.0, 7.0, 2.0, 45.0, 10.0, 90.0, 42.0, 55.0, 66.0, 10.0, 34.0, 25.0, 39.0, 25.0, 2.0, 33.0, 3.0, 33.0, 52.0, 28.0, 27.0, 11.0, 26.0, 51.0, 9.0, 13.0, 3.0, 9.0, 4.0, 10.0, 11.0, 15.0, 9.0, 24.0, 5.0, 37.0, 55.0, 35.0, 31.0, 7.0, 19.0, 6.0, 13.0, 7.0, 26.0, 86.0, 8.0, 1.0, 12.0, 77.0, 16.0, 55.0, 59.0, 33.0, 17.0, 19.0, 3.0, 10.0, 5.0, 21.0, 2.0, 26.0, 17.0, 37.0, 16.0, 20.0, 36.0, 5.0, 18.0, 43.0, 7.0, 20.0, 28.0, 8.0, 25.0, 19.0, 53.0, 27.0, 21.0, 42.0, 4.0, 16.0, 60.0, 10.0, 14.0, 36.0, 61.0, 1.0, 8.0, 9.0, 113.0, 5.0, 29.0, 10.0, 7.0, 61.0, 16.0, 43.0, 9.0, 6.0, 9.0, 10.0, 117.0, 14.0, 32.0, 14.0, 10.0, 10.0, 35.0, 20.0, 10.0, 1.0, 24.0, 9.0, 9.0, 67.0, 10.0, 28.0, 7.0, 20.0, 20.0, 14.0, 6.0, 20.0, 28.0, 14.0, 10.0, 23.0, 12.0, 35.0, 28.0, 58.0, 10.0, 16.0, 21.0, 14.0, 19.0, 41.0, 35.0, 46.0, 69.0, 19.0, 25.0, 41.0, 46.0, 8.0, 29.0, 93.0, 10.0, 1.0, 72.0, 29.0, 16.0, 9.0, 6.0, 28.0, 10.0, 17.0, 17.0, 19.0, 34.0, 4.0, 16.0, 74.0, 79.0, 9.0, 17.0, 70.0, 19.0, 27.0, 32.0, 31.0, 42.0, 1.0, 43.0, 46.0, 10.0, 36.0, 1.0, 57.0, 3.0, 10.0, 16.0, 24.0, 34.0, 35.0, 8.0, 10.0, 13.0, 22.0, 30.0, 54.0, 77.0, 16.0, 83.0, 13.0, 2.0, 39.0, 45.0, 14.0, 18.0, 8.0, 30.0, 2.0, 1.0, 12.0, 18.0, 48.0, 16.0, 1.0, 15.0, 16.0, 38.0, 39.0, 40.0, 12.0, 2.0, 29.0, 16.0, 4.0, 2.0, 9.0, 4.0, 19.0, 61.0, 54.0, 11.0, 13.0, 48.0, 4.0, 21.0, 27.0, 30.0, 10.0, 31.0, 20.0, 20.0, 27.0, 19.0, 55.0, 36.0, 19.0, 74.0, 13.0, 65.0, 36.0, 19.0, 33.0, 25.0, 33.0, 16.0, 6.0, 67.0, 16.0, 52.0, 27.0, 67.0, 12.0, 1.0, 1.0, 7.0, 34.0, 50.0, 55.0, 9.0, 5.0, 24.0, 17.0, 44.0, 113.0, 36.0, 42.0, 37.0, 19.0, 17.0, 16.0, 8.0, 52.0, 37.0, 22.0, 9.0, 56.0, 29.0, 35.0, 19.0, 65.0, 55.0, 5.0, 14.0, 47.0, 50.0, 11.0, 9.0, 34.0, 13.0, 9.0, 6.0, 16.0, 4.0, 4.0, 14.0, 69.0, 21.0, 10.0, 18.0, 59.0, 50.0, 23.0, 1.0, 11.0, 9.0, 39.0, 14.0, 4.0, 6.0, 6.0, 9.0, 13.0, 11.0, 24.0, 15.0, 10.0, 9.0, 6.0, 19.0, 24.0, 9.0, 19.0, 56.0, 21.0, 31.0, 8.0, 13.0, 99.0, 61.0, 54.0, 18.0, 34.0, 9.0, 9.0, 31.0, 14.0, 26.0, 2.0, 24.0, 52.0, 74.0, 22.0, 17.0, 16.0, 34.0, 4.0, 51.0, 27.0, 7.0, 31.0, 11.0, 2.0, 51.0, 2.0, 6.0, 35.0, 9.0, 74.0, 4.0, 6.0, 23.0, 23.0, 3.0, 37.0, 1.0, 22.0, 10.0, 12.0, 2.0, 41.0, 15.0, 83.0, 3.0, 102.0, 10.0, 19.0, 29.0, 55.0, 35.0, 13.0, 11.0, 22.0, 57.0, 2.0, 17.0, 10.0, 18.0, 17.0, 3.0, 37.0, 12.0, 45.0, 27.0, 20.0, 25.0, 8.0, 1.0, 62.0, 13.0, 54.0, 41.0, 11.0, 33.0, 22.0, 46.0, 81.0, 10.0, 44.0, 7.0, 21.0, 1.0, 47.0, 98.0, 10.0, 36.0, 3.0, 40.0, 20.0, 11.0, 94.0, 31.0, 20.0, 30.0, 8.0, 48.0, 26.0, 4.0, 90.0, 2.0, 2.0, 34.0, 10.0, 37.0, 46.0, 35.0, 7.0, 17.0, 60.0, 19.0, 5.0, 12.0, 25.0, 15.0, 5.0, 29.0, 10.0, 15.0, 20.0, 52.0, 24.0, 9.0, 3.0, 18.0, 49.0, 31.0, 34.0, 78.0, 11.0, 15.0, 60.0, 6.0, 7.0, 21.0, 1.0, 8.0, 51.0, 90.0, 9.0, 68.0, 8.0, 11.0, 19.0, 8.0, 7.0, 12.0, 4.0, 36.0, 28.0, 28.0, 19.0, 8.0, 18.0, 1.0, 22.0, 24.0, 26.0, 27.0, 34.0, 21.0, 15.0, 4.0, 53.0, 42.0, 45.0, 38.0, 17.0, 5.0, 45.0, 55.0, 2.0, 3.0, 40.0, 61.0, 30.0, 11.0, 7.0, 19.0, 81.0, 19.0, 14.0, 14.0, 5.0, 16.0, 19.0, 27.0, 26.0, 54.0, 44.0, 30.0, 5.0, 2.0, 4.0, 2.0, 25.0, 3.0, 8.0, 71.0, 59.0, 17.0, 8.0, 7.0, 99.0, 12.0, 13.0, 86.0, 4.0, 39.0, 119.0, 52.0, 11.0, 35.0, 65.0, 22.0, 15.0, 2.0, 12.0, 60.0, 27.0, 8.0, 29.0, 121.0, 66.0, 22.0, 6.0, 9.0, 82.0, 45.0, 28.0, 8.0, 8.0, 17.0, 66.0, 50.0, 11.0, 33.0, 94.0, 13.0, 33.0, 38.0, 31.0, 11.0, 1.0, 15.0, 49.0, 36.0, 18.0, 47.0, 33.0, 26.0, 3.0, 11.0, 10.0, 34.0, 14.0, 20.0, 21.0, 32.0, 22.0, 50.0, 9.0, 22.0, 78.0, 10.0, 10.0, 15.0, 49.0, 31.0, 4.0, 2.0, 46.0, 3.0, 7.0, 19.0, 65.0, 29.0, 42.0, 1.0, 9.0, 20.0, 15.0, 72.0, 9.0, 4.0, 12.0, 22.0, 18.0, 55.0, 56.0, 28.0, 20.0, 1.0, 1.0, 23.0, 7.0, 44.0, 3.0, 20.0, 27.0, 11.0, 33.0, 20.0, 31.0, 16.0, 20.0, 9.0, 42.0, 17.0, 1.0, 30.0, 42.0, 19.0, 10.0, 31.0, 44.0, 50.0, 4.0, 11.0, 23.0, 8.0, 5.0, 7.0, 61.0, 1.0, 5.0, 37.0, 43.0, 9.0, 12.0, 18.0, 39.0, 32.0, 3.0, 9.0, 1.0, 27.0, 36.0, 48.0, 46.0, 39.0, 18.0, 19.0, 99.0, 29.0, 68.0, 15.0, 50.0, 25.0, 22.0, 16.0, 32.0, 2.0, 3.0, 66.0, 17.0, 10.0, 24.0, 12.0, 9.0, 22.0, 26.0, 6.0, 22.0, 30.0, 26.0, 30.0, 54.0, 74.0, 11.0, 19.0, 5.0, 38.0, 3.0, 9.0, 39.0, 10.0, 1.0, 31.0, 2.0, 8.0, 6.0, 32.0, 14.0, 67.0, 5.0, 15.0, 4.0, 20.0, 12.0, 72.0, 46.0, 7.0, 41.0, 53.0, 16.0, 13.0, 48.0, 22.0, 12.0, 54.0, 39.0, 12.0, 14.0, 19.0, 26.0, 24.0, 15.0, 12.0, 7.0, 8.0, 7.0, 14.0, 5.0, 34.0, 1.0, 21.0, 13.0, 11.0, 50.0, 2.0, 9.0, 3.0, 25.0, 50.0, 5.0, 6.0, 30.0, 14.0, 14.0, 19.0, 6.0, 41.0, 5.0, 13.0, 6.0, 5.0, 16.0, 43.0, 8.0, 22.0, 5.0, 6.0, 26.0, 23.0, 13.0, 76.0, 18.0, 2.0, 9.0, 10.0, 3.0, 16.0, 20.0, 14.0, 14.0, 19.0, 14.0, 10.0, 21.0, 26.0, 45.0, 46.0, 30.0, 3.0, 14.0, 17.0, 12.0, 27.0, 19.0, 60.0, 17.0, 24.0, 55.0, 30.0, 13.0, 27.0, 51.0, 9.0, 62.0, 8.0, 1.0, 18.0, 15.0, 6.0, 20.0, 36.0, 32.0, 5.0, 5.0, 24.0, 32.0, 6.0, 30.0, 2.0, 22.0, 20.0, 10.0, 47.0, 51.0, 3.0, 42.0, 8.0, 10.0, 21.0, 37.0, 7.0, 79.0, 33.0, 33.0, 5.0, 53.0, 11.0, 9.0, 7.0, 11.0, 7.0, 10.0, 59.0, 68.0, 6.0, 18.0, 75.0, 48.0, 17.0, 16.0, 41.0, 19.0, 20.0, 2.0, 53.0, 9.0, 6.0, 6.0, 4.0, 17.0, 19.0, 50.0, 38.0, 17.0, 61.0, 10.0, 21.0, 2.0, 23.0, 7.0, 8.0, 62.0, 2.0, 58.0, 103.0, 9.0, 11.0, 56.0, 17.0, 31.0, 7.0, 6.0, 52.0, 53.0, 29.0, 15.0, 3.0, 103.0, 13.0, 5.0, 54.0, 6.0, 33.0, 49.0, 60.0, 50.0, 33.0, 5.0, 8.0, 3.0, 5.0, 8.0, 18.0, 1.0, 6.0, 2.0, 33.0, 40.0, 5.0, 43.0, 9.0, 27.0, 33.0, 73.0, 6.0, 28.0, 43.0, 3.0, 19.0, 78.0, 57.0, 7.0, 16.0, 9.0, 19.0, 23.0, 2.0, 5.0, 12.0, 5.0, 2.0, 8.0, 42.0, 23.0, 10.0, 29.0, 10.0, 53.0, 40.0, 2.0, 75.0, 1.0, 55.0, 25.0, 66.0, 45.0, 15.0, 28.0, 37.0, 20.0, 44.0, 5.0, 14.0, 15.0, 3.0, 48.0, 33.0, 1.0, 22.0, 50.0, 15.0, 14.0, 83.0, 12.0, 27.0, 21.0, 8.0, 53.0, 40.0, 44.0, 30.0, 29.0, 57.0, 39.0, 28.0, 2.0, 19.0, 10.0, 15.0, 30.0, 14.0, 12.0, 54.0, 26.0, 12.0, 28.0, 29.0, 26.0, 113.0, 41.0, 11.0, 12.0, 10.0, 11.0, 37.0, 7.0, 62.0, 41.0, 4.0, 46.0, 25.0, 10.0, 161.0, 7.0, 11.0, 27.0, 90.0, 8.0, 24.0, 23.0, 27.0, 20.0, 12.0, 15.0, 11.0, 6.0, 7.0, 27.0, 23.0, 5.0, 23.0, 6.0, 25.0, 39.0, 26.0, 62.0, 21.0, 29.0, 37.0, 40.0, 10.0, 64.0, 31.0, 71.0, 2.0, 49.0, 10.0, 3.0, 103.0, 63.0, 1.0, 32.0, 8.0, 15.0, 5.0, 20.0, 6.0, 48.0, 9.0, 32.0, 35.0, 10.0, 27.0, 22.0, 22.0, 49.0, 13.0, 94.0, 15.0, 33.0, 70.0, 46.0, 3.0, 21.0, 13.0, 21.0, 22.0, 9.0, 7.0, 62.0, 26.0, 50.0, 30.0, 36.0, 7.0, 59.0, 79.0, 64.0, 32.0, 4.0, 6.0, 72.0, 45.0, 9.0, 13.0, 35.0, 50.0, 5.0, 85.0, 40.0, 9.0, 24.0, 35.0, 54.0, 25.0, 14.0, 7.0, 44.0, 64.0, 66.0, 14.0, 24.0, 31.0, 24.0, 30.0, 13.0, 15.0, 25.0, 52.0, 16.0, 15.0, 15.0, 22.0, 56.0, 2.0, 18.0, 36.0, 15.0, 86.0, 5.0, 17.0, 27.0, 37.0, 8.0, 26.0, 10.0, 35.0, 10.0, 4.0, 30.0, 42.0, 85.0, 12.0, 25.0, 34.0, 10.0, 34.0, 12.0, 8.0, 5.0, 87.0, 9.0, 31.0, 3.0, 20.0, 55.0, 9.0, 10.0, 7.0, 6.0, 45.0, 21.0, 11.0, 92.0, 21.0, 9.0, 13.0, 39.0, 53.0, 13.0, 13.0, 38.0, 70.0, 39.0, 85.0, 18.0, 8.0, 18.0, 58.0, 19.0, 4.0, 54.0, 33.0, 3.0, 22.0, 42.0, 49.0, 26.0, 6.0, 37.0, 14.0, 42.0, 11.0, 7.0, 15.0, 2.0, 9.0, 1.0, 11.0, 23.0, 57.0, 10.0, 39.0, 16.0, 32.0, 17.0, 1.0, 48.0, 4.0, 8.0, 82.0, 3.0, 9.0, 9.0, 12.0, 20.0, 13.0, 5.0, 32.0, 112.0, 16.0, 17.0, 29.0, 16.0, 5.0, 40.0, 43.0, 45.0, 12.0, 47.0, 12.0, 19.0, 33.0, 20.0, 31.0, 48.0, 28.0, 33.0, 20.0, 51.0, 2.0, 5.0, 7.0, 31.0, 12.0, 17.0, 39.0, 29.0, 38.0, 1.0, 74.0, 25.0, 38.0, 55.0, 5.0, 31.0, 21.0, 54.0, 37.0, 4.0, 21.0, 1.0, 12.0, 27.0, 4.0, 83.0, 21.0, 62.0, 133.0, 8.0, 45.0, 13.0, 4.0, 47.0, 5.0, 11.0, 24.0, 44.0, 56.0, 16.0, 5.0, 37.0, 26.0, 8.0, 4.0, 36.0, 8.0, 13.0, 19.0, 22.0, 57.0, 13.0, 6.0, 3.0, 31.0, 1.0, 24.0, 15.0, 80.0, 16.0, 13.0, 7.0, 45.0, 54.0, 13.0, 1.0, 10.0, 10.0, 62.0, 33.0, 124.0, 21.0, 65.0, 1.0, 18.0, 5.0, 24.0, 32.0, 9.0, 84.0, 51.0, 2.0, 20.0, 2.0, 21.0, 51.0, 25.0, 10.0, 21.0, 11.0, 45.0, 77.0, 9.0, 4.0, 34.0, 4.0, 23.0, 11.0, 40.0, 30.0, 37.0, 42.0, 21.0, 44.0, 5.0, 25.0, 9.0, 16.0, 44.0, 17.0, 19.0, 1.0, 5.0, 11.0, 21.0, 67.0, 18.0, 40.0, 48.0, 98.0, 20.0, 10.0, 8.0, 14.0, 32.0, 28.0, 8.0, 13.0, 89.0, 80.0, 8.0, 8.0, 2.0, 19.0, 4.0, 61.0, 106.0, 6.0, 9.0, 30.0, 36.0, 2.0, 17.0, 26.0, 40.0, 19.0, 11.0, 5.0, 72.0, 24.0, 2.0, 53.0, 14.0, 20.0, 19.0, 10.0, 8.0, 42.0, 39.0, 13.0, 34.0, 15.0, 26.0, 31.0, 69.0, 50.0, 10.0, 8.0, 17.0, 38.0, 3.0, 10.0, 52.0, 8.0, 33.0, 49.0, 8.0, 35.0, 20.0, 59.0, 124.0, 29.0, 40.0, 2.0, 52.0, 16.0, 42.0, 55.0, 11.0, 56.0, 38.0, 38.0, 7.0, 8.0, 66.0, 10.0, 9.0, 5.0, 55.0, 4.0, 5.0, 63.0, 31.0, 59.0, 49.0, 26.0, 18.0, 6.0, 30.0, 28.0, 29.0, 8.0, 10.0, 9.0, 15.0, 9.0, 10.0, 19.0, 26.0, 36.0, 10.0, 62.0, 4.0, 1.0, 6.0, 10.0, 18.0, 12.0, 3.0, 38.0, 25.0, 15.0, 90.0, 5.0, 24.0, 25.0, 39.0, 8.0, 33.0, 20.0, 16.0, 4.0, 42.0, 71.0, 22.0, 9.0, 8.0, 7.0, 10.0, 9.0, 64.0, 19.0, 19.0, 25.0, 9.0, 45.0, 90.0, 10.0, 46.0, 10.0, 19.0, 48.0, 35.0, 17.0, 9.0, 27.0, 12.0, 71.0, 20.0, 10.0, 10.0, 39.0, 3.0, 10.0, 10.0, 48.0, 5.0, 17.0, 11.0, 57.0, 8.0, 5.0, 76.0, 4.0, 39.0, 60.0, 41.0, 18.0, 26.0, 61.0, 7.0, 5.0, 35.0, 30.0, 57.0, 7.0, 18.0, 12.0, 23.0, 18.0, 50.0, 13.0, 7.0, 13.0, 7.0, 7.0, 51.0, 25.0, 4.0, 36.0, 8.0, 24.0, 15.0, 22.0, 11.0, 32.0, 57.0, 10.0, 2.0, 95.0, 13.0, 33.0, 56.0, 19.0, 15.0, 23.0, 27.0, 19.0, 30.0, 22.0, 20.0, 48.0, 85.0, 8.0, 17.0, 23.0, 22.0, 17.0, 20.0, 26.0, 31.0, 24.0, 4.0, 3.0, 22.0, 28.0, 19.0, 25.0, 43.0, 24.0, 47.0, 50.0, 77.0, 21.0, 4.0, 8.0, 5.0, 18.0, 59.0, 37.0, 39.0, 38.0, 8.0, 16.0, 32.0, 10.0, 5.0, 13.0, 59.0, 32.0, 3.0, 11.0, 38.0, 9.0, 77.0, 45.0, 14.0, 54.0, 11.0, 12.0, 28.0, 31.0, 70.0, 26.0, 31.0, 36.0, 7.0, 17.0, 11.0, 68.0, 1.0, 28.0, 15.0, 66.0, 40.0, 21.0, 53.0, 13.0, 61.0, 11.0, 26.0, 53.0, 4.0, 18.0, 23.0, 28.0, 11.0, 44.0, 30.0, 128.0, 6.0, 28.0, 12.0, 46.0, 20.0, 48.0, 63.0, 31.0, 8.0, 7.0, 12.0, 10.0, 10.0, 37.0, 23.0, 6.0, 17.0, 44.0, 52.0, 8.0, 28.0, 24.0, 21.0, 11.0, 22.0, 14.0, 21.0, 42.0, 36.0, 9.0, 32.0, 127.0, 74.0, 48.0, 26.0, 20.0, 54.0, 5.0, 53.0, 8.0, 21.0, 9.0, 42.0, 18.0, 84.0, 11.0, 14.0, 9.0, 21.0, 21.0, 10.0, 20.0, 9.0, 44.0, 15.0, 38.0, 46.0, 14.0, 25.0, 35.0, 16.0, 48.0, 19.0, 8.0, 56.0, 36.0, 39.0, 30.0, 16.0, 29.0, 13.0, 8.0, 99.0, 59.0, 36.0, 59.0, 12.0, 81.0, 24.0, 3.0, 45.0, 9.0, 42.0, 44.0, 66.0, 6.0, 26.0, 77.0, 23.0, 63.0, 5.0, 14.0, 16.0, 32.0, 28.0, 11.0, 2.0, 71.0, 47.0, 70.0, 26.0, 11.0, 73.0, 37.0, 4.0, 10.0, 119.0, 33.0, 19.0, 13.0, 15.0, 22.0, 69.0, 1.0, 12.0, 7.0, 12.0, 112.0, 78.0, 20.0, 5.0, 40.0, 21.0, 89.0, 95.0, 36.0, 47.0, 28.0, 13.0, 7.0, 3.0, 1.0, 41.0, 11.0, 2.0, 25.0, 6.0, 4.0, 24.0, 16.0, 51.0, 36.0, 6.0, 19.0, 56.0, 6.0, 26.0, 56.0, 5.0, 6.0, 42.0, 8.0, 23.0, 27.0, 3.0, 8.0, 10.0, 23.0, 53.0, 19.0, 3.0, 36.0, 54.0, 30.0, 4.0, 58.0, 30.0, 13.0, 9.0, 19.0, 25.0, 20.0, 38.0, 10.0, 29.0, 116.0, 79.0, 24.0, 28.0, 47.0, 77.0, 40.0, 30.0, 66.0, 37.0, 47.0, 29.0, 19.0, 10.0, 36.0, 37.0, 25.0, 5.0, 7.0, 6.0, 10.0, 51.0, 16.0, 30.0, 37.0, 9.0, 11.0, 18.0, 23.0, 13.0, 8.0, 1.0, 11.0, 9.0, 10.0, 39.0, 9.0, 8.0, 2.0, 43.0, 25.0, 2.0, 2.0, 46.0, 12.0, 31.0, 12.0, 63.0, 17.0, 40.0, 27.0, 1.0, 14.0, 59.0, 27.0, 15.0, 18.0, 10.0, 10.0, 2.0, 25.0, 35.0, 50.0, 41.0, 1.0, 5.0, 32.0, 57.0, 15.0, 26.0, 29.0, 44.0, 14.0, 41.0, 28.0, 43.0, 76.0, 31.0, 7.0, 25.0, 11.0, 33.0, 28.0, 13.0, 90.0, 25.0, 103.0, 32.0, 26.0, 26.0, 28.0, 38.0, 7.0, 27.0, 12.0, 45.0, 54.0, 19.0, 6.0, 13.0, 62.0, 2.0, 66.0, 58.0, 66.0, 81.0, 23.0, 7.0, 39.0, 5.0, 33.0, 15.0, 37.0, 12.0, 3.0, 18.0, 8.0, 5.0, 15.0, 7.0, 27.0, 10.0, 6.0, 22.0, 26.0, 2.0, 11.0, 22.0, 18.0, 18.0, 11.0, 10.0, 25.0, 11.0, 7.0, 16.0, 27.0, 37.0, 22.0, 18.0, 26.0, 8.0, 49.0, 13.0, 60.0, 49.0, 30.0, 14.0, 60.0, 24.0, 19.0, 2.0, 21.0, 40.0, 15.0, 3.0, 22.0, 34.0, 15.0, 27.0, 40.0, 12.0, 39.0, 14.0, 56.0, 9.0, 20.0, 31.0, 6.0, 6.0, 30.0, 14.0, 99.0, 3.0, 100.0, 46.0, 18.0, 20.0, 53.0, 5.0, 28.0, 35.0, 13.0, 9.0, 51.0, 19.0, 64.0, 43.0, 6.0, 82.0, 65.0, 24.0, 21.0, 10.0, 11.0, 13.0, 3.0, 6.0, 19.0, 11.0, 14.0, 20.0, 42.0, 15.0, 1.0, 10.0, 15.0, 2.0, 11.0, 27.0, 38.0, 14.0, 49.0, 19.0, 6.0, 15.0, 33.0, 1.0, 1.0, 33.0, 11.0, 34.0, 61.0, 14.0, 30.0, 45.0, 15.0, 18.0, 34.0, 17.0, 43.0, 13.0, 21.0, 65.0, 10.0, 52.0, 2.0, 20.0, 8.0, 11.0, 20.0, 15.0, 28.0, 22.0, 12.0, 31.0, 2.0, 86.0, 26.0, 20.0, 14.0, 7.0, 21.0, 38.0, 9.0, 55.0, 9.0, 22.0, 7.0, 17.0, 38.0, 28.0, 29.0, 9.0, 8.0, 55.0, 16.0, 27.0, 26.0, 52.0, 26.0, 11.0, 5.0, 16.0, 66.0, 70.0, 28.0, 35.0, 3.0, 34.0, 37.0, 27.0, 47.0, 55.0, 1.0, 22.0, 24.0, 7.0, 30.0, 36.0, 57.0, 49.0, 61.0, 10.0, 42.0, 3.0, 66.0, 55.0, 59.0, 38.0, 6.0, 30.0, 14.0, 18.0, 55.0, 2.0, 25.0, 21.0, 5.0, 5.0, 31.0, 42.0, 46.0, 13.0, 3.0, 3.0, 8.0, 8.0, 4.0, 82.0, 35.0, 11.0, 22.0, 31.0, 30.0, 2.0, 11.0, 9.0, 106.0, 73.0, 34.0, 9.0, 1.0, 11.0, 11.0, 4.0, 38.0, 10.0, 15.0, 11.0, 7.0, 13.0, 70.0, 26.0, 29.0, 11.0, 36.0, 8.0, 29.0, 12.0, 34.0, 13.0, 11.0, 70.0, 2.0, 23.0, 34.0, 15.0, 59.0, 1.0, 5.0, 30.0, 167.0, 62.0, 16.0, 12.0, 1.0, 12.0, 1.0, 21.0, 9.0, 29.0, 41.0, 18.0, 24.0, 6.0, 10.0, 10.0, 4.0, 12.0, 40.0, 22.0, 11.0, 41.0, 100.0, 2.0, 12.0, 31.0, 16.0, 2.0, 9.0, 17.0, 8.0, 31.0, 59.0, 28.0, 19.0, 28.0, 15.0, 16.0, 42.0, 24.0, 1.0, 13.0, 20.0, 12.0, 10.0, 8.0, 53.0, 18.0, 36.0, 24.0, 37.0, 32.0, 18.0, 10.0, 48.0, 4.0, 56.0, 11.0, 12.0, 29.0, 8.0, 52.0, 29.0, 4.0, 9.0, 98.0, 17.0, 11.0, 25.0, 6.0, 8.0, 11.0, 14.0, 25.0, 38.0, 32.0, 11.0, 21.0, 25.0, 48.0, 20.0, 79.0, 20.0, 28.0, 5.0, 24.0, 49.0, 26.0, 1.0, 10.0, 6.0, 33.0, 54.0, 28.0, 43.0, 28.0, 27.0, 105.0, 3.0, 69.0, 19.0, 9.0, 24.0, 1.0, 3.0, 13.0, 34.0, 59.0, 8.0, 43.0, 18.0, 20.0, 15.0, 2.0, 80.0, 5.0, 23.0, 27.0, 50.0, 19.0, 25.0, 32.0, 8.0, 4.0, 59.0, 9.0, 2.0, 30.0, 12.0, 4.0, 18.0, 54.0, 18.0, 46.0, 85.0, 115.0, 27.0, 5.0, 46.0, 16.0, 22.0, 9.0, 25.0, 32.0, 9.0, 2.0, 23.0, 4.0, 12.0, 73.0, 40.0, 22.0, 10.0, 23.0, 9.0, 52.0, 15.0, 30.0, 48.0, 17.0, 37.0, 14.0, 8.0, 9.0, 16.0, 20.0, 20.0, 23.0, 34.0, 35.0, 29.0, 46.0, 28.0, 6.0, 79.0, 7.0, 45.0, 33.0, 21.0, 27.0, 82.0, 25.0, 14.0, 58.0, 20.0, 24.0, 26.0, 32.0, 10.0, 12.0, 44.0, 36.0, 43.0, 2.0, 113.0, 11.0, 3.0, 11.0, 47.0, 1.0, 22.0, 14.0, 39.0, 49.0, 4.0, 17.0, 13.0, 92.0, 11.0, 46.0, 10.0, 58.0, 36.0, 20.0, 25.0, 32.0, 10.0, 23.0, 9.0, 3.0, 21.0, 12.0, 24.0, 49.0, 19.0, 17.0, 2.0, 8.0, 11.0, 42.0, 5.0, 21.0, 70.0, 9.0, 11.0, 14.0, 22.0, 9.0, 20.0, 15.0, 7.0, 16.0, 21.0, 28.0, 1.0, 3.0, 1.0, 14.0, 6.0, 18.0, 54.0, 2.0, 7.0, 20.0, 94.0, 70.0, 1.0, 41.0, 44.0, 9.0, 8.0, 5.0, 9.0, 1.0, 10.0, 32.0, 27.0, 3.0, 10.0, 1.0, 17.0, 6.0, 5.0, 26.0, 6.0, 74.0, 9.0, 13.0, 21.0, 40.0, 22.0, 20.0, 40.0, 59.0, 11.0, 84.0, 1.0, 1.0, 2.0, 22.0, 16.0, 3.0, 47.0, 14.0, 13.0, 13.0, 27.0, 16.0, 22.0, 9.0, 3.0, 7.0, 50.0, 13.0, 40.0, 19.0, 45.0, 53.0, 8.0, 3.0, 24.0, 40.0, 20.0, 4.0, 59.0, 7.0, 11.0, 21.0, 6.0, 45.0, 32.0, 75.0, 22.0, 10.0, 11.0, 11.0, 19.0, 54.0, 62.0, 40.0, 8.0, 16.0, 56.0, 38.0, 21.0, 5.0, 10.0, 10.0, 8.0, 38.0, 85.0, 26.0, 32.0, 27.0, 29.0, 58.0, 39.0, 27.0, 11.0, 47.0, 15.0, 12.0, 12.0, 17.0, 26.0, 7.0, 6.0, 27.0, 34.0, 10.0, 2.0, 34.0, 15.0, 41.0, 28.0, 10.0, 19.0, 55.0, 8.0, 3.0, 6.0, 13.0, 32.0, 5.0, 28.0, 21.0, 21.0, 26.0, 20.0, 65.0, 1.0, 63.0, 81.0, 4.0, 9.0, 14.0, 59.0, 18.0, 56.0, 95.0, 12.0, 16.0, 14.0, 18.0, 28.0, 123.0, 11.0, 67.0, 6.0, 10.0, 29.0, 25.0, 20.0, 55.0, 36.0, 41.0, 41.0, 9.0, 18.0, 15.0, 33.0, 7.0, 12.0, 93.0, 1.0, 8.0, 11.0, 52.0, 20.0, 5.0, 48.0, 8.0, 25.0, 50.0, 27.0, 44.0, 2.0, 9.0, 43.0, 38.0, 17.0, 47.0, 41.0, 24.0, 30.0, 51.0, 43.0, 40.0, 1.0, 31.0, 14.0, 24.0, 51.0, 14.0, 1.0, 10.0, 31.0, 20.0, 50.0, 34.0, 22.0, 2.0, 12.0, 37.0, 39.0, 22.0, 83.0, 68.0, 27.0, 6.0, 48.0, 11.0, 9.0, 36.0, 26.0, 6.0, 20.0, 13.0, 56.0, 2.0, 15.0, 13.0, 20.0, 33.0, 48.0, 10.0, 41.0, 10.0, 12.0, 78.0, 42.0, 5.0, 10.0, 21.0, 7.0, 2.0, 41.0, 13.0, 27.0, 31.0, 5.0, 15.0, 48.0, 37.0, 61.0, 5.0, 1.0, 18.0, 2.0, 1.0, 13.0, 55.0, 15.0, 1.0, 25.0, 34.0, 35.0, 26.0, 23.0, 3.0, 48.0, 1.0, 11.0, 9.0, 28.0, 18.0, 5.0, 31.0, 19.0, 96.0, 19.0, 26.0, 22.0, 62.0, 8.0, 30.0, 24.0, 9.0, 5.0, 35.0, 8.0, 9.0, 43.0, 4.0, 17.0] 

MGT times
 [28.0, 8.0, 15.0, 44.0, 4.0, 53.0, 9.0, 7.0, 43.0, 11.0, 43.0, 32.0, 9.0, 7.0, 1.0, 5.0, 2.0, 37.0, 7.0, 31.0, 13.0, 9.0, 20.0, 11.0, 21.0, 4.0, 52.0, 33.0, 10.0, 5.0, 8.0, 10.0, 9.0, 1.0, 9.0, 2.0, 4.0, 15.0, 10.0, 3.0, 39.0, 24.0, 59.0, 3.0, 21.0, 2.0, 2.0, 64.0, 32.0, 9.0, 2.0, 40.0, 11.0, 37.0, 5.0, 11.0, 22.0, 13.0, 18.0, 45.0, 14.0, 24.0, 5.0, 36.0, 28.0, 35.0, 3.0, 1.0, 40.0, 29.0, 8.0, 16.0, 4.0, 30.0, 11.0, 20.0, 41.0, 112.0, 8.0, 1.0, 7.0, 3.0, 4.0, 43.0, 41.0, 5.0, 1.0, 21.0, 39.0, 21.0, 35.0, 29.0, 1.0, 15.0, 8.0, 30.0, 5.0, 19.0, 59.0, 65.0, 1.0, 21.0, 60.0, 35.0, 5.0, 19.0, 2.0, 29.0, 10.0, 25.0, 18.0, 10.0, 17.0, 12.0, 13.0, 30.0, 4.0, 10.0, 6.0, 32.0, 30.0, 43.0, 7.0, 41.0, 29.0, 25.0, 6.0, 28.0, 21.0, 5.0, 5.0, 1.0, 1.0, 5.0, 36.0, 53.0, 34.0, 13.0, 31.0, 2.0, 37.0, 8.0, 18.0, 14.0, 4.0, 26.0, 18.0, 1.0, 3.0, 12.0, 8.0, 1.0, 16.0, 10.0, 21.0, 12.0, 19.0, 82.0, 31.0, 6.0, 19.0, 1.0, 1.0, 25.0, 8.0, 4.0, 9.0, 36.0, 3.0, 22.0, 57.0, 25.0, 5.0, 2.0, 88.0, 58.0, 2.0, 5.0, 27.0, 9.0, 4.0, 11.0, 14.0, 21.0, 1.0, 38.0, 1.0, 28.0, 8.0, 21.0, 5.0, 6.0, 38.0, 1.0, 6.0, 19.0, 41.0, 11.0, 24.0, 10.0, 64.0, 16.0, 10.0, 3.0, 7.0, 7.0, 2.0, 10.0, 65.0, 26.0, 7.0, 31.0, 1.0, 58.0, 2.0, 10.0, 3.0, 59.0, 3.0, 31.0, 20.0, 32.0, 18.0, 36.0, 15.0, 17.0, 27.0, 2.0, 19.0, 1.0, 19.0, 25.0, 11.0, 8.0, 26.0, 63.0, 9.0, 11.0, 14.0, 29.0, 30.0, 9.0, 3.0, 2.0, 21.0, 17.0, 108.0, 9.0, 9.0, 26.0, 8.0, 18.0, 18.0, 9.0, 22.0, 11.0, 5.0, 3.0, 3.0, 5.0, 35.0, 35.0, 17.0, 59.0, 10.0, 2.0, 18.0, 12.0, 8.0, 8.0, 1.0, 4.0, 4.0, 14.0, 7.0, 20.0, 36.0, 9.0, 18.0, 40.0, 4.0, 5.0, 13.0, 1.0, 7.0, 29.0, 2.0, 15.0, 9.0, 10.0, 7.0, 19.0, 5.0, 19.0, 36.0, 31.0, 33.0, 21.0, 36.0, 5.0, 40.0, 10.0, 32.0, 9.0, 7.0, 15.0, 8.0, 12.0, 5.0, 38.0, 26.0, 36.0, 11.0, 13.0, 33.0, 40.0, 1.0, 19.0, 8.0, 6.0, 10.0, 28.0, 50.0, 21.0, 4.0, 8.0, 21.0, 1.0, 3.0, 13.0, 20.0, 6.0, 4.0, 42.0, 3.0, 7.0, 37.0, 36.0, 7.0, 51.0, 45.0, 4.0, 50.0, 9.0, 5.0, 3.0, 35.0, 11.0, 54.0, 9.0, 31.0, 44.0, 53.0, 34.0, 8.0, 10.0, 2.0, 14.0, 10.0, 16.0, 52.0, 34.0, 4.0, 8.0, 30.0, 15.0, 27.0, 6.0, 1.0, 2.0, 14.0, 61.0, 18.0, 4.0, 37.0, 6.0, 38.0, 15.0, 4.0, 11.0, 4.0, 4.0, 17.0, 24.0, 20.0, 7.0, 6.0, 7.0, 17.0, 72.0, 23.0, 33.0, 19.0, 9.0, 7.0, 8.0, 11.0, 57.0, 9.0, 8.0, 45.0, 3.0, 12.0, 13.0, 80.0, 14.0, 29.0, 20.0, 26.0, 17.0, 1.0, 7.0, 10.0, 12.0, 8.0, 22.0, 16.0, 18.0, 24.0, 25.0, 30.0, 18.0, 4.0, 42.0, 26.0, 14.0, 9.0, 4.0, 13.0, 34.0, 1.0, 35.0, 7.0, 7.0, 9.0, 1.0, 84.0, 35.0, 25.0, 8.0, 13.0, 31.0, 11.0, 3.0, 18.0, 8.0, 50.0, 6.0, 32.0, 8.0, 7.0, 22.0, 32.0, 8.0, 18.0, 1.0, 27.0, 9.0, 12.0, 9.0, 27.0, 43.0, 12.0, 66.0, 46.0, 56.0, 65.0, 2.0, 69.0, 21.0, 14.0, 18.0, 25.0, 1.0, 20.0, 31.0, 10.0, 32.0, 12.0, 56.0, 12.0, 18.0, 16.0, 19.0, 3.0, 47.0, 9.0, 41.0, 9.0, 10.0, 8.0, 4.0, 5.0, 4.0, 43.0, 3.0, 54.0, 25.0, 19.0, 15.0, 23.0, 18.0, 36.0, 21.0, 11.0, 39.0, 18.0, 10.0, 40.0, 40.0, 4.0, 35.0, 3.0, 12.0, 18.0, 8.0, 1.0, 5.0, 5.0, 17.0, 8.0, 1.0, 31.0, 2.0, 18.0, 10.0, 40.0, 14.0, 19.0, 16.0, 1.0, 13.0, 3.0, 8.0, 44.0, 18.0, 46.0, 10.0, 20.0, 59.0, 16.0, 18.0, 30.0, 2.0, 10.0, 19.0, 13.0, 35.0, 31.0, 19.0, 18.0, 15.0, 10.0, 60.0, 32.0, 67.0, 6.0, 9.0, 15.0, 11.0, 12.0, 4.0, 4.0, 1.0, 12.0, 25.0, 8.0, 9.0, 1.0, 41.0, 19.0, 23.0, 9.0, 16.0, 30.0, 3.0, 6.0, 13.0, 18.0, 4.0, 13.0, 5.0, 53.0, 12.0, 1.0, 16.0, 6.0, 14.0, 22.0, 37.0, 12.0, 47.0, 15.0, 27.0, 4.0, 20.0, 22.0, 25.0, 18.0, 9.0, 34.0, 8.0, 5.0, 10.0, 73.0, 1.0, 8.0, 8.0, 5.0, 10.0, 18.0, 11.0, 98.0, 10.0, 58.0, 10.0, 2.0, 2.0, 40.0, 22.0, 6.0, 20.0, 4.0, 6.0, 19.0, 5.0, 11.0, 18.0, 6.0, 12.0, 55.0, 11.0, 34.0, 5.0, 23.0, 37.0, 8.0, 27.0, 4.0, 37.0, 21.0, 42.0, 35.0, 16.0, 20.0, 22.0, 7.0, 14.0, 27.0, 3.0, 25.0, 20.0, 55.0, 19.0, 12.0, 7.0, 32.0, 6.0, 3.0, 4.0, 103.0, 36.0, 19.0, 1.0, 17.0, 10.0, 1.0, 3.0, 4.0, 7.0, 9.0, 1.0, 13.0, 1.0, 7.0, 13.0, 13.0, 32.0, 29.0, 4.0, 50.0, 36.0, 45.0, 17.0, 13.0, 31.0, 19.0, 60.0, 19.0, 6.0, 6.0, 29.0, 40.0, 14.0, 24.0, 62.0, 38.0, 1.0, 19.0, 6.0, 31.0, 8.0, 26.0, 11.0, 1.0, 27.0, 17.0, 1.0, 14.0, 24.0, 7.0, 11.0, 2.0, 18.0, 12.0, 22.0, 16.0, 30.0, 4.0, 22.0, 46.0, 9.0, 19.0, 1.0, 10.0, 4.0, 3.0, 95.0, 12.0, 11.0, 71.0, 3.0, 8.0, 23.0, 6.0, 1.0, 11.0, 7.0, 17.0, 26.0, 17.0, 12.0, 62.0, 37.0, 20.0, 3.0, 19.0, 1.0, 30.0, 15.0, 18.0, 6.0, 24.0, 62.0, 1.0, 7.0, 67.0, 8.0, 6.0, 20.0, 62.0, 11.0, 27.0, 13.0, 12.0, 47.0, 27.0, 8.0, 57.0, 10.0, 16.0, 26.0, 27.0, 82.0, 45.0, 23.0, 2.0, 15.0, 2.0, 15.0, 6.0, 9.0, 17.0, 60.0, 11.0, 64.0, 7.0, 44.0, 35.0, 11.0, 2.0, 6.0, 5.0, 11.0, 19.0, 2.0, 26.0, 30.0, 29.0, 45.0, 9.0, 18.0, 21.0, 1.0, 3.0, 7.0, 1.0, 13.0, 28.0, 27.0, 54.0, 11.0, 88.0, 67.0, 1.0, 17.0, 11.0, 9.0, 7.0, 42.0, 4.0, 1.0, 28.0, 11.0, 14.0, 8.0, 55.0, 35.0, 3.0, 34.0, 17.0, 50.0, 21.0, 42.0, 49.0, 39.0, 78.0, 10.0, 8.0, 3.0, 14.0, 36.0, 9.0, 8.0, 19.0, 2.0, 11.0, 16.0, 1.0, 10.0, 1.0, 29.0, 17.0, 32.0, 9.0, 32.0, 6.0, 18.0, 1.0, 22.0, 26.0, 8.0, 3.0, 10.0, 24.0, 11.0, 19.0, 16.0, 30.0, 24.0, 44.0, 9.0, 95.0, 14.0, 9.0, 21.0, 58.0, 12.0, 29.0, 5.0, 48.0, 25.0, 21.0, 10.0, 4.0, 46.0, 53.0, 9.0, 27.0, 16.0, 2.0, 9.0, 12.0, 30.0, 10.0, 23.0, 10.0, 40.0, 1.0, 18.0, 30.0, 25.0, 6.0, 64.0, 3.0, 2.0, 30.0, 37.0, 22.0, 17.0, 50.0, 17.0, 90.0, 8.0, 6.0, 1.0, 12.0, 59.0, 18.0, 42.0, 21.0, 4.0, 47.0, 17.0, 73.0, 9.0, 3.0, 35.0, 24.0, 12.0, 3.0, 9.0, 8.0, 13.0, 24.0, 1.0, 17.0, 10.0, 13.0, 7.0, 14.0, 9.0, 30.0, 58.0, 9.0, 21.0, 49.0, 11.0, 48.0, 11.0, 1.0, 2.0, 47.0, 1.0, 40.0, 62.0, 20.0, 8.0, 29.0, 10.0, 4.0, 11.0, 51.0, 31.0, 35.0, 5.0, 2.0, 45.0, 47.0, 51.0, 5.0, 37.0, 35.0, 13.0, 28.0, 39.0, 3.0, 10.0, 49.0, 41.0, 10.0, 44.0, 28.0, 23.0, 11.0, 10.0, 24.0, 18.0, 10.0, 46.0, 25.0, 27.0, 42.0, 11.0, 6.0, 20.0, 7.0, 19.0, 9.0, 8.0, 10.0, 9.0, 7.0, 1.0, 3.0, 16.0, 7.0, 20.0, 3.0, 1.0, 9.0, 39.0, 11.0, 1.0, 45.0, 10.0, 66.0, 65.0, 30.0, 36.0, 104.0, 61.0, 43.0, 2.0, 4.0, 8.0, 8.0, 5.0, 2.0, 28.0, 8.0, 17.0, 50.0, 10.0, 19.0, 11.0, 14.0, 29.0, 50.0, 11.0, 2.0, 20.0, 21.0, 11.0, 58.0, 39.0, 42.0, 16.0, 27.0, 11.0, 3.0, 9.0, 26.0, 16.0, 27.0, 19.0, 6.0, 11.0, 11.0, 16.0, 18.0, 4.0, 3.0, 12.0, 10.0, 20.0, 51.0, 43.0, 5.0, 11.0, 1.0, 37.0, 57.0, 3.0, 14.0, 19.0, 9.0, 4.0, 6.0, 1.0, 17.0, 23.0, 28.0, 3.0, 65.0, 7.0, 11.0, 14.0, 12.0, 2.0, 16.0, 7.0, 10.0, 31.0, 4.0, 8.0, 56.0, 5.0, 8.0, 20.0, 23.0, 20.0, 22.0, 11.0, 9.0, 35.0, 1.0, 1.0, 39.0, 34.0, 14.0, 38.0, 30.0, 4.0, 7.0, 10.0, 25.0, 31.0, 9.0, 18.0, 10.0, 10.0, 1.0, 7.0, 6.0, 1.0, 54.0, 21.0, 3.0, 44.0, 88.0, 1.0, 33.0, 12.0, 59.0, 3.0, 23.0, 5.0, 7.0, 7.0, 38.0, 1.0, 23.0, 55.0, 21.0, 9.0, 1.0, 10.0, 27.0, 6.0, 8.0, 11.0, 9.0, 15.0, 12.0, 48.0, 21.0, 15.0, 80.0, 12.0, 34.0, 10.0, 10.0, 48.0, 29.0, 60.0, 20.0, 43.0, 7.0, 45.0, 3.0, 20.0, 25.0, 10.0, 10.0, 10.0, 45.0, 41.0, 22.0, 3.0, 28.0, 10.0, 20.0, 20.0, 6.0, 14.0, 10.0, 11.0, 51.0, 38.0, 10.0, 1.0, 10.0, 9.0, 80.0, 22.0, 8.0, 2.0, 59.0, 22.0, 8.0, 6.0, 19.0, 3.0, 7.0, 5.0, 66.0, 4.0, 31.0, 4.0, 10.0, 19.0, 23.0, 4.0, 45.0, 3.0, 11.0, 12.0, 17.0, 9.0, 60.0, 3.0, 10.0, 11.0, 34.0, 17.0, 6.0, 5.0, 69.0, 9.0, 19.0, 2.0, 22.0, 9.0, 13.0, 4.0, 18.0, 38.0, 1.0, 8.0, 13.0, 15.0, 1.0, 10.0, 11.0, 40.0, 10.0, 3.0, 5.0, 19.0, 36.0, 21.0, 21.0, 22.0, 58.0, 9.0, 8.0, 4.0, 9.0, 40.0, 8.0, 33.0, 22.0, 36.0, 11.0, 20.0, 31.0, 11.0, 11.0, 18.0, 5.0, 20.0, 9.0, 45.0, 10.0, 15.0, 21.0, 31.0, 36.0, 4.0, 32.0, 8.0, 8.0, 70.0, 45.0, 16.0, 9.0, 18.0, 67.0, 11.0, 10.0, 3.0, 4.0, 21.0, 57.0, 5.0, 6.0, 38.0, 40.0, 17.0, 40.0, 5.0, 3.0, 10.0, 11.0, 4.0, 9.0, 40.0, 8.0, 11.0, 14.0, 9.0, 11.0, 44.0, 21.0, 31.0, 6.0, 7.0, 7.0, 26.0, 41.0, 3.0, 13.0, 1.0, 16.0, 9.0, 50.0, 14.0, 30.0, 6.0, 1.0, 26.0, 4.0, 6.0, 16.0, 14.0, 11.0, 65.0, 24.0, 21.0, 17.0, 20.0, 10.0, 31.0, 1.0, 14.0, 31.0, 80.0, 4.0, 3.0, 32.0, 89.0, 6.0, 6.0, 8.0, 2.0, 11.0, 53.0, 74.0, 3.0, 28.0, 4.0, 6.0, 6.0, 31.0, 19.0, 10.0, 21.0, 14.0, 2.0, 9.0, 2.0, 8.0, 38.0, 11.0, 30.0, 26.0, 1.0, 47.0, 2.0, 20.0, 10.0, 7.0, 2.0, 45.0, 10.0, 1.0, 13.0, 55.0, 66.0, 10.0, 34.0, 16.0, 7.0, 6.0, 2.0, 3.0, 27.0, 3.0, 26.0, 42.0, 9.0, 3.0, 7.0, 4.0, 10.0, 11.0, 15.0, 9.0, 1.0, 37.0, 55.0, 10.0, 7.0, 19.0, 13.0, 7.0, 13.0, 34.0, 8.0, 1.0, 12.0, 16.0, 19.0, 6.0, 14.0, 19.0, 3.0, 10.0, 21.0, 2.0, 26.0, 17.0, 22.0, 16.0, 5.0, 23.0, 7.0, 20.0, 28.0, 8.0, 25.0, 2.0, 27.0, 8.0, 4.0, 16.0, 3.0, 14.0, 11.0, 8.0, 1.0, 3.0, 5.0, 29.0, 10.0, 7.0, 2.0, 9.0, 9.0, 10.0, 76.0, 14.0, 32.0, 14.0, 10.0, 10.0, 35.0, 10.0, 1.0, 24.0, 9.0, 9.0, 10.0, 28.0, 2.0, 7.0, 6.0, 20.0, 10.0, 8.0, 10.0, 12.0, 35.0, 28.0, 36.0, 10.0, 16.0, 21.0, 19.0, 41.0, 35.0, 9.0, 19.0, 4.0, 9.0, 8.0, 29.0, 26.0, 10.0, 1.0, 55.0, 29.0, 9.0, 6.0, 28.0, 10.0, 17.0, 17.0, 19.0, 28.0, 4.0, 16.0, 1.0, 2.0, 9.0, 16.0, 4.0, 19.0, 4.0, 32.0, 6.0, 1.0, 46.0, 10.0, 18.0, 1.0, 34.0, 3.0, 10.0, 16.0, 35.0, 10.0, 13.0, 22.0, 2.0, 54.0, 34.0, 4.0, 26.0, 13.0, 2.0, 39.0, 45.0, 14.0, 18.0, 8.0, 12.0, 2.0, 1.0, 12.0, 18.0, 13.0, 16.0, 1.0, 15.0, 16.0, 38.0, 40.0, 12.0, 2.0, 29.0, 16.0, 4.0, 2.0, 9.0, 4.0, 18.0, 54.0, 11.0, 4.0, 21.0, 30.0, 10.0, 31.0, 20.0, 20.0, 19.0, 55.0, 36.0, 8.0, 19.0, 13.0, 25.0, 19.0, 33.0, 3.0, 10.0, 6.0, 40.0, 16.0, 35.0, 27.0, 67.0, 1.0, 1.0, 7.0, 50.0, 2.0, 9.0, 17.0, 8.0, 63.0, 36.0, 42.0, 37.0, 19.0, 17.0, 16.0, 8.0, 37.0, 22.0, 9.0, 1.0, 29.0, 35.0, 19.0, 5.0, 14.0, 47.0, 36.0, 11.0, 9.0, 29.0, 9.0, 6.0, 16.0, 4.0, 14.0, 69.0, 21.0, 28.0, 4.0, 13.0, 1.0, 11.0, 9.0, 39.0, 14.0, 4.0, 6.0, 6.0, 9.0, 13.0, 11.0, 24.0, 15.0, 10.0, 9.0, 6.0, 19.0, 12.0, 9.0, 19.0, 23.0, 21.0, 15.0, 13.0, 13.0, 48.0, 54.0, 18.0, 34.0, 9.0, 9.0, 31.0, 14.0, 2.0, 24.0, 52.0, 74.0, 22.0, 16.0, 34.0, 4.0, 51.0, 27.0, 7.0, 2.0, 20.0, 2.0, 6.0, 9.0, 54.0, 4.0, 3.0, 1.0, 22.0, 10.0, 12.0, 2.0, 1.0, 23.0, 3.0, 78.0, 10.0, 19.0, 29.0, 17.0, 11.0, 57.0, 2.0, 6.0, 10.0, 18.0, 3.0, 37.0, 10.0, 10.0, 3.0, 13.0, 54.0, 11.0, 1.0, 22.0, 9.0, 22.0, 10.0, 35.0, 6.0, 18.0, 62.0, 3.0, 3.0, 1.0, 19.0, 11.0, 30.0, 8.0, 36.0, 26.0, 90.0, 2.0, 2.0, 10.0, 10.0, 9.0, 24.0, 35.0, 7.0, 17.0, 3.0, 19.0, 5.0, 12.0, 25.0, 15.0, 5.0, 10.0, 15.0, 52.0, 24.0, 9.0, 18.0, 31.0, 34.0, 12.0, 11.0, 60.0, 6.0, 7.0, 1.0, 8.0, 51.0, 81.0, 9.0, 68.0, 11.0, 9.0, 8.0, 7.0, 12.0, 4.0, 36.0, 28.0, 19.0, 8.0, 1.0, 22.0, 2.0, 27.0, 9.0, 3.0, 4.0, 45.0, 38.0, 5.0, 36.0, 23.0, 3.0, 24.0, 10.0, 13.0, 11.0, 7.0, 19.0, 19.0, 14.0, 14.0, 5.0, 16.0, 19.0, 27.0, 26.0, 54.0, 5.0, 2.0, 4.0, 2.0, 3.0, 8.0, 7.0, 29.0, 17.0, 8.0, 7.0, 77.0, 12.0, 13.0, 22.0, 4.0, 39.0, 93.0, 11.0, 17.0, 49.0, 2.0, 12.0, 60.0, 27.0, 8.0, 17.0, 2.0, 22.0, 6.0, 62.0, 28.0, 8.0, 8.0, 17.0, 50.0, 11.0, 33.0, 24.0, 2.0, 16.0, 38.0, 31.0, 11.0, 1.0, 49.0, 36.0, 33.0, 26.0, 3.0, 11.0, 10.0, 34.0, 6.0, 10.0, 50.0, 9.0, 22.0, 23.0, 10.0, 10.0, 15.0, 4.0, 2.0, 3.0, 7.0, 31.0, 29.0, 42.0, 1.0, 9.0, 7.0, 15.0, 24.0, 9.0, 4.0, 9.0, 1.0, 18.0, 39.0, 56.0, 28.0, 20.0, 1.0, 1.0, 23.0, 7.0, 3.0, 8.0, 11.0, 16.0, 20.0, 9.0, 10.0, 1.0, 33.0, 19.0, 31.0, 44.0, 50.0, 4.0, 10.0, 23.0, 8.0, 5.0, 7.0, 41.0, 1.0, 5.0, 15.0, 32.0, 9.0, 12.0, 18.0, 7.0, 32.0, 3.0, 9.0, 1.0, 13.0, 36.0, 48.0, 46.0, 39.0, 40.0, 29.0, 3.0, 15.0, 24.0, 8.0, 22.0, 16.0, 3.0, 2.0, 3.0, 66.0, 17.0, 23.0, 12.0, 9.0, 26.0, 6.0, 30.0, 26.0, 30.0, 18.0, 11.0, 19.0, 20.0, 3.0, 9.0, 39.0, 10.0, 1.0, 31.0, 2.0, 8.0, 6.0, 14.0, 67.0, 15.0, 4.0, 20.0, 12.0, 10.0, 46.0, 7.0, 4.0, 39.0, 13.0, 48.0, 22.0, 12.0, 54.0, 38.0, 12.0, 6.0, 9.0, 26.0, 24.0, 15.0, 1.0, 7.0, 8.0, 7.0, 5.0, 1.0, 2.0, 11.0, 50.0, 2.0, 9.0, 3.0, 25.0, 10.0, 5.0, 6.0, 14.0, 14.0, 19.0, 6.0, 8.0, 5.0, 13.0, 6.0, 2.0, 4.0, 43.0, 8.0, 22.0, 5.0, 6.0, 26.0, 23.0, 13.0, 76.0, 18.0, 2.0, 9.0, 10.0, 3.0, 8.0, 14.0, 14.0, 19.0, 14.0, 10.0, 26.0, 33.0, 21.0, 3.0, 7.0, 19.0, 60.0, 17.0, 1.0, 30.0, 11.0, 8.0, 8.0, 1.0, 15.0, 6.0, 20.0, 21.0, 10.0, 5.0, 5.0, 24.0, 32.0, 30.0, 2.0, 22.0, 20.0, 10.0, 15.0, 3.0, 19.0, 8.0, 10.0, 33.0, 79.0, 33.0, 33.0, 5.0, 53.0, 11.0, 9.0, 7.0, 10.0, 54.0, 6.0, 18.0, 75.0, 33.0, 17.0, 41.0, 19.0, 20.0, 2.0, 9.0, 6.0, 4.0, 4.0, 17.0, 19.0, 10.0, 22.0, 17.0, 61.0, 10.0, 21.0, 2.0, 7.0, 8.0, 49.0, 2.0, 58.0, 34.0, 9.0, 11.0, 56.0, 17.0, 31.0, 7.0, 6.0, 33.0, 2.0, 9.0, 3.0, 38.0, 5.0, 54.0, 4.0, 33.0, 49.0, 60.0, 1.0, 33.0, 5.0, 8.0, 5.0, 8.0, 18.0, 1.0, 6.0, 2.0, 33.0, 40.0, 5.0, 43.0, 9.0, 27.0, 33.0, 32.0, 6.0, 28.0, 43.0, 3.0, 19.0, 57.0, 7.0, 16.0, 9.0, 19.0, 23.0, 2.0, 5.0, 4.0, 2.0, 17.0, 23.0, 10.0, 53.0, 40.0, 2.0, 44.0, 1.0, 11.0, 6.0, 10.0, 2.0, 15.0, 16.0, 37.0, 20.0, 42.0, 5.0, 15.0, 3.0, 48.0, 1.0, 12.0, 15.0, 14.0, 43.0, 2.0, 1.0, 11.0, 8.0, 53.0, 33.0, 44.0, 13.0, 29.0, 28.0, 2.0, 19.0, 10.0, 15.0, 30.0, 12.0, 29.0, 2.0, 12.0, 29.0, 26.0, 21.0, 11.0, 12.0, 10.0, 11.0, 7.0, 16.0, 12.0, 4.0, 46.0, 81.0, 11.0, 27.0, 12.0, 8.0, 24.0, 5.0, 18.0, 20.0, 12.0, 15.0, 11.0, 6.0, 7.0, 27.0, 23.0, 5.0, 7.0, 6.0, 7.0, 39.0, 43.0, 21.0, 29.0, 37.0, 40.0, 4.0, 2.0, 49.0, 10.0, 3.0, 64.0, 9.0, 1.0, 32.0, 8.0, 5.0, 20.0, 6.0, 24.0, 9.0, 32.0, 16.0, 10.0, 27.0, 22.0, 40.0, 15.0, 33.0, 70.0, 46.0, 3.0, 21.0, 2.0, 22.0, 9.0, 5.0, 8.0, 26.0, 41.0, 20.0, 4.0, 32.0, 56.0, 1.0, 4.0, 6.0, 53.0, 45.0, 9.0, 13.0, 50.0, 5.0, 36.0, 11.0, 21.0, 54.0, 12.0, 14.0, 7.0, 17.0, 4.0, 33.0, 14.0, 24.0, 31.0, 24.0, 15.0, 52.0, 16.0, 15.0, 15.0, 7.0, 35.0, 2.0, 18.0, 36.0, 86.0, 5.0, 2.0, 2.0, 12.0, 8.0, 26.0, 10.0, 10.0, 4.0, 42.0, 28.0, 12.0, 2.0, 10.0, 34.0, 8.0, 5.0, 9.0, 5.0, 3.0, 20.0, 55.0, 9.0, 7.0, 6.0, 11.0, 92.0, 21.0, 9.0, 13.0, 39.0, 38.0, 13.0, 13.0, 5.0, 50.0, 17.0, 11.0, 18.0, 8.0, 18.0, 39.0, 19.0, 4.0, 54.0, 33.0, 3.0, 22.0, 6.0, 26.0, 6.0, 30.0, 14.0, 42.0, 11.0, 7.0, 15.0, 2.0, 1.0, 11.0, 23.0, 53.0, 17.0, 16.0, 17.0, 1.0, 21.0, 4.0, 8.0, 60.0, 3.0, 9.0, 9.0, 20.0, 13.0, 5.0, 10.0, 112.0, 17.0, 29.0, 16.0, 5.0, 12.0, 6.0, 12.0, 19.0, 33.0, 20.0, 12.0, 4.0, 24.0, 33.0, 20.0, 51.0, 2.0, 5.0, 31.0, 12.0, 17.0, 39.0, 23.0, 1.0, 25.0, 38.0, 55.0, 5.0, 16.0, 21.0, 54.0, 37.0, 4.0, 21.0, 1.0, 12.0, 27.0, 4.0, 18.0, 21.0, 20.0, 95.0, 8.0, 45.0, 2.0, 4.0, 24.0, 5.0, 11.0, 24.0, 44.0, 56.0, 5.0, 4.0, 36.0, 8.0, 13.0, 22.0, 13.0, 6.0, 3.0, 31.0, 1.0, 13.0, 15.0, 80.0, 16.0, 13.0, 7.0, 20.0, 48.0, 1.0, 10.0, 10.0, 62.0, 33.0, 21.0, 65.0, 1.0, 5.0, 24.0, 32.0, 9.0, 12.0, 2.0, 20.0, 2.0, 21.0, 51.0, 10.0, 45.0, 7.0, 8.0, 4.0, 4.0, 11.0, 7.0, 42.0, 21.0, 37.0, 5.0, 25.0, 9.0, 16.0, 44.0, 45.0, 18.0, 48.0, 20.0, 14.0, 32.0, 28.0, 8.0, 11.0, 43.0, 8.0, 2.0, 4.0, 61.0, 84.0, 9.0, 36.0, 2.0, 16.0, 19.0, 11.0, 5.0, 32.0, 24.0, 2.0, 18.0, 14.0, 20.0, 8.0, 4.0, 39.0, 13.0, 34.0, 9.0, 26.0, 16.0, 50.0, 17.0, 3.0, 10.0, 8.0, 33.0, 49.0, 6.0, 35.0, 20.0, 29.0, 124.0, 11.0, 40.0, 40.0, 22.0, 7.0, 8.0, 3.0, 10.0, 9.0, 5.0, 55.0, 5.0, 2.0, 49.0, 18.0, 6.0, 30.0, 28.0, 29.0, 8.0, 10.0, 9.0, 15.0, 9.0, 10.0, 21.0, 36.0, 10.0, 62.0, 4.0, 1.0, 10.0, 18.0, 12.0, 3.0, 13.0, 73.0, 25.0, 8.0, 14.0, 20.0, 16.0, 4.0, 42.0, 8.0, 8.0, 7.0, 10.0, 64.0, 19.0, 19.0, 25.0, 9.0, 45.0, 55.0, 10.0, 46.0, 19.0, 48.0, 35.0, 17.0, 9.0, 2.0, 34.0, 20.0, 10.0, 10.0, 39.0, 3.0, 10.0, 48.0, 5.0, 11.0, 57.0, 8.0, 5.0, 76.0, 4.0, 39.0, 12.0, 48.0, 7.0, 5.0, 30.0, 30.0, 7.0, 7.0, 14.0, 4.0, 13.0, 1.0, 50.0, 8.0, 7.0, 13.0, 7.0, 39.0, 25.0, 4.0, 36.0, 8.0, 13.0, 15.0, 22.0, 32.0, 8.0, 10.0, 2.0, 12.0, 33.0, 56.0, 4.0, 15.0, 23.0, 27.0, 19.0, 20.0, 25.0, 85.0, 8.0, 17.0, 22.0, 17.0, 20.0, 4.0, 31.0, 2.0, 4.0, 9.0, 8.0, 19.0, 25.0, 29.0, 24.0, 47.0, 50.0, 9.0, 21.0, 4.0, 8.0, 18.0, 9.0, 37.0, 38.0, 8.0, 16.0, 32.0, 10.0, 5.0, 32.0, 3.0, 11.0, 9.0, 27.0, 45.0, 14.0, 41.0, 11.0, 12.0, 28.0, 19.0, 70.0, 10.0, 17.0, 1.0, 28.0, 15.0, 66.0, 40.0, 21.0, 53.0, 61.0, 11.0, 26.0, 8.0, 4.0, 18.0, 23.0, 28.0, 30.0, 67.0, 2.0, 12.0, 26.0, 20.0, 8.0, 43.0, 7.0, 12.0, 10.0, 10.0, 37.0, 23.0, 6.0, 2.0, 7.0, 17.0, 8.0, 28.0, 3.0, 21.0, 11.0, 22.0, 14.0, 21.0, 15.0, 36.0, 9.0, 28.0, 46.0, 17.0, 48.0, 26.0, 20.0, 5.0, 8.0, 21.0, 42.0, 18.0, 84.0, 11.0, 14.0, 9.0, 21.0, 10.0, 20.0, 9.0, 8.0, 15.0, 38.0, 25.0, 14.0, 25.0, 35.0, 16.0, 44.0, 19.0, 8.0, 36.0, 30.0, 29.0, 13.0, 8.0, 46.0, 14.0, 1.0, 59.0, 31.0, 24.0, 3.0, 45.0, 9.0, 3.0, 44.0, 66.0, 13.0, 49.0, 23.0, 3.0, 5.0, 14.0, 5.0, 2.0, 20.0, 47.0, 57.0, 11.0, 42.0, 4.0, 4.0, 40.0, 33.0, 4.0, 15.0, 22.0, 44.0, 1.0, 12.0, 7.0, 53.0, 68.0, 5.0, 40.0, 21.0, 89.0, 61.0, 4.0, 45.0, 28.0, 1.0, 22.0, 11.0, 2.0, 25.0, 24.0, 16.0, 51.0, 23.0, 4.0, 19.0, 25.0, 6.0, 26.0, 5.0, 6.0, 8.0, 23.0, 12.0, 3.0, 8.0, 9.0, 19.0, 3.0, 12.0, 19.0, 4.0, 23.0, 30.0, 13.0, 9.0, 19.0, 25.0, 20.0, 10.0, 29.0, 6.0, 26.0, 9.0, 53.0, 40.0, 30.0, 8.0, 21.0, 29.0, 19.0, 4.0, 37.0, 7.0, 6.0, 10.0, 32.0, 16.0, 20.0, 9.0, 11.0, 10.0, 1.0, 13.0, 8.0, 1.0, 11.0, 9.0, 10.0, 19.0, 9.0, 8.0, 2.0, 25.0, 2.0, 2.0, 48.0, 17.0, 1.0, 14.0, 59.0, 27.0, 15.0, 18.0, 10.0, 10.0, 2.0, 25.0, 50.0, 41.0, 1.0, 5.0, 17.0, 15.0, 26.0, 29.0, 9.0, 13.0, 43.0, 76.0, 31.0, 7.0, 25.0, 11.0, 18.0, 9.0, 19.0, 32.0, 13.0, 26.0, 1.0, 7.0, 27.0, 44.0, 54.0, 13.0, 2.0, 66.0, 51.0, 44.0, 23.0, 7.0, 5.0, 33.0, 19.0, 12.0, 3.0, 18.0, 8.0, 5.0, 15.0, 1.0, 27.0, 10.0, 6.0, 22.0, 26.0, 2.0, 11.0, 22.0, 18.0, 18.0, 10.0, 7.0, 16.0, 23.0, 22.0, 10.0, 4.0, 22.0, 29.0, 20.0, 30.0, 14.0, 60.0, 24.0, 19.0, 2.0, 21.0, 40.0, 3.0, 22.0, 34.0, 15.0, 11.0, 4.0, 12.0, 39.0, 45.0, 9.0, 21.0, 6.0, 6.0, 1.0, 14.0, 1.0, 3.0, 100.0, 46.0, 17.0, 20.0, 33.0, 5.0, 28.0, 35.0, 13.0, 9.0, 51.0, 19.0, 40.0, 43.0, 19.0, 65.0, 21.0, 10.0, 11.0, 13.0, 3.0, 6.0, 19.0, 2.0, 20.0, 17.0, 15.0, 1.0, 15.0, 2.0, 11.0, 2.0, 38.0, 14.0, 11.0, 6.0, 15.0, 33.0, 1.0, 22.0, 34.0, 61.0, 15.0, 18.0, 9.0, 21.0, 31.0, 2.0, 20.0, 8.0, 11.0, 20.0, 15.0, 28.0, 22.0, 12.0, 19.0, 2.0, 56.0, 8.0, 20.0, 7.0, 21.0, 21.0, 9.0, 44.0, 9.0, 22.0, 7.0, 17.0, 38.0, 29.0, 9.0, 8.0, 16.0, 27.0, 6.0, 11.0, 5.0, 16.0, 10.0, 35.0, 3.0, 27.0, 55.0, 1.0, 22.0, 7.0, 8.0, 11.0, 57.0, 21.0, 10.0, 3.0, 11.0, 27.0, 34.0, 38.0, 6.0, 30.0, 14.0, 19.0, 2.0, 25.0, 4.0, 5.0, 5.0, 42.0, 46.0, 13.0, 3.0, 3.0, 8.0, 8.0, 4.0, 82.0, 35.0, 11.0, 2.0, 31.0, 1.0, 2.0, 106.0, 44.0, 34.0, 9.0, 1.0, 11.0, 11.0, 4.0, 20.0, 10.0, 15.0, 11.0, 7.0, 13.0, 12.0, 8.0, 29.0, 12.0, 34.0, 13.0, 19.0, 2.0, 3.0, 34.0, 10.0, 59.0, 1.0, 30.0, 138.0, 62.0, 12.0, 1.0, 1.0, 6.0, 9.0, 29.0, 3.0, 24.0, 5.0, 10.0, 10.0, 4.0, 12.0, 1.0, 11.0, 58.0, 2.0, 12.0, 1.0, 16.0, 2.0, 9.0, 17.0, 8.0, 31.0, 4.0, 19.0, 28.0, 15.0, 42.0, 24.0, 1.0, 4.0, 12.0, 3.0, 8.0, 36.0, 24.0, 1.0, 18.0, 10.0, 3.0, 11.0, 12.0, 29.0, 8.0, 2.0, 9.0, 1.0, 9.0, 98.0, 17.0, 11.0, 8.0, 11.0, 14.0, 4.0, 32.0, 11.0, 21.0, 48.0, 20.0, 20.0, 20.0, 11.0, 5.0, 49.0, 4.0, 1.0, 6.0, 33.0, 28.0, 43.0, 27.0, 35.0, 3.0, 15.0, 19.0, 1.0, 3.0, 4.0, 8.0, 8.0, 43.0, 18.0, 20.0, 15.0, 2.0, 47.0, 23.0, 27.0, 50.0, 9.0, 25.0, 32.0, 8.0, 4.0, 59.0, 2.0, 12.0, 4.0, 54.0, 46.0, 55.0, 42.0, 5.0, 24.0, 16.0, 9.0, 25.0, 10.0, 9.0, 2.0, 22.0, 3.0, 55.0, 20.0, 8.0, 10.0, 9.0, 52.0, 15.0, 30.0, 38.0, 14.0, 8.0, 9.0, 16.0, 23.0, 34.0, 12.0, 29.0, 5.0, 7.0, 3.0, 33.0, 21.0, 27.0, 82.0, 25.0, 20.0, 24.0, 21.0, 32.0, 9.0, 12.0, 44.0, 36.0, 22.0, 32.0, 11.0, 3.0, 47.0, 1.0, 22.0, 8.0, 15.0, 4.0, 17.0, 17.0, 11.0, 7.0, 19.0, 36.0, 3.0, 25.0, 16.0, 10.0, 23.0, 9.0, 3.0, 9.0, 12.0, 23.0, 19.0, 8.0, 1.0, 1.0, 1.0, 10.0, 11.0, 22.0, 9.0, 20.0, 15.0, 16.0, 21.0, 13.0, 3.0, 1.0, 14.0, 6.0, 18.0, 54.0, 2.0, 7.0, 9.0, 42.0, 32.0, 1.0, 41.0, 42.0, 9.0, 8.0, 5.0, 9.0, 1.0, 10.0, 32.0, 27.0, 3.0, 10.0, 1.0, 17.0, 6.0, 5.0, 9.0, 9.0, 1.0, 21.0, 21.0, 40.0, 37.0, 11.0, 9.0, 1.0, 1.0, 2.0, 22.0, 16.0, 3.0, 47.0, 4.0, 27.0, 16.0, 22.0, 9.0, 3.0, 7.0, 50.0, 13.0, 1.0, 19.0, 45.0, 53.0, 8.0, 3.0, 40.0, 20.0, 4.0, 47.0, 4.0, 11.0, 21.0, 6.0, 32.0, 75.0, 22.0, 10.0, 11.0, 11.0, 54.0, 62.0, 40.0, 8.0, 16.0, 56.0, 11.0, 5.0, 10.0, 10.0, 8.0, 28.0, 46.0, 16.0, 27.0, 29.0, 58.0, 27.0, 11.0, 10.0, 15.0, 12.0, 7.0, 26.0, 7.0, 6.0, 1.0, 10.0, 2.0, 34.0, 15.0, 28.0, 10.0, 19.0, 55.0, 8.0, 3.0, 32.0, 5.0, 1.0, 26.0, 8.0, 65.0, 1.0, 63.0, 1.0, 4.0, 9.0, 14.0, 31.0, 18.0, 12.0, 64.0, 12.0, 16.0, 14.0, 18.0, 28.0, 123.0, 11.0, 67.0, 6.0, 10.0, 29.0, 25.0, 20.0, 55.0, 41.0, 41.0, 9.0, 15.0, 7.0, 12.0, 85.0, 1.0, 11.0, 52.0, 20.0, 5.0, 23.0, 8.0, 23.0, 16.0, 2.0, 42.0, 38.0, 3.0, 30.0, 18.0, 40.0, 1.0, 31.0, 24.0, 1.0, 10.0, 34.0, 22.0, 2.0, 43.0, 6.0, 8.0, 9.0, 36.0, 20.0, 13.0, 27.0, 2.0, 15.0, 13.0, 1.0, 33.0, 48.0, 10.0, 22.0, 10.0, 12.0, 18.0, 18.0, 5.0, 10.0, 21.0, 7.0, 2.0, 41.0, 27.0, 20.0, 5.0, 15.0, 7.0, 27.0, 61.0, 5.0, 1.0, 18.0, 1.0, 13.0, 22.0, 12.0, 1.0, 25.0, 34.0, 35.0, 26.0, 3.0, 48.0, 1.0, 9.0, 1.0, 18.0, 28.0, 19.0, 26.0, 3.0, 8.0, 30.0, 8.0, 9.0, 5.0, 35.0, 8.0, 9.0, 20.0, 4.0, 17.0] 

SGT times
 [35.0, 32.0, 22.0, 27.0, 53.0, 63.0, 50.0, 39.0, 10.0, 14.0, 10.0, 16.0, 24.0, 9.0, 59.0, 32.0, 38.0, 5.0, 22.0, 41.0, 18.0, 14.0, 44.0, 40.0, 3.0, 28.0, 48.0, 14.0, 25.0, 11.0, 7.0, 5.0, 56.0, 1.0, 20.0, 31.0, 2.0, 2.0, 5.0, 12.0, 3.0, 26.0, 13.0, 4.0, 31.0, 31.0, 12.0, 42.0, 8.0, 32.0, 11.0, 7.0, 19.0, 18.0, 43.0, 7.0, 37.0, 16.0, 38.0, 11.0, 11.0, 6.0, 31.0, 24.0, 32.0, 34.0, 9.0, 29.0, 20.0, 15.0, 16.0, 11.0, 19.0, 17.0, 1.0, 11.0, 62.0, 32.0, 7.0, 43.0, 20.0, 6.0, 5.0, 19.0, 16.0, 15.0, 29.0, 35.0, 11.0, 9.0, 45.0, 13.0, 12.0, 3.0, 14.0, 22.0, 14.0, 10.0, 27.0, 15.0, 41.0, 6.0, 11.0, 1.0, 36.0, 15.0, 9.0, 18.0, 11.0, 3.0, 38.0, 24.0, 11.0, 30.0, 44.0, 25.0, 38.0, 12.0, 2.0, 48.0, 7.0, 11.0, 24.0, 26.0, 4.0, 11.0, 35.0, 10.0, 14.0, 17.0, 5.0, 15.0, 5.0, 29.0, 11.0, 14.0, 7.0, 20.0, 4.0, 31.0, 13.0, 1.0, 7.0, 22.0, 2.0, 22.0, 6.0, 50.0, 60.0, 15.0, 31.0, 17.0, 41.0, 27.0, 59.0, 16.0, 23.0, 24.0, 16.0, 2.0, 27.0, 1.0, 76.0, 12.0, 8.0, 15.0, 19.0, 10.0, 1.0, 36.0, 45.0, 7.0, 7.0, 15.0, 6.0, 9.0, 13.0, 17.0, 28.0, 12.0, 1.0, 36.0, 3.0, 52.0, 5.0, 7.0, 5.0, 16.0, 1.0, 22.0, 8.0, 17.0, 17.0, 22.0, 1.0, 21.0, 26.0, 8.0, 22.0, 22.0, 28.0, 13.0, 28.0, 66.0, 10.0, 7.0, 30.0, 20.0, 27.0, 57.0, 37.0, 17.0, 64.0, 21.0, 40.0, 10.0, 19.0, 20.0, 1.0, 20.0, 19.0, 9.0, 13.0, 29.0, 3.0, 57.0, 21.0, 2.0, 14.0, 20.0, 29.0, 18.0, 4.0, 17.0, 71.0, 17.0, 2.0, 86.0, 23.0, 5.0, 5.0, 14.0, 2.0, 26.0, 12.0, 49.0, 4.0, 36.0, 3.0, 28.0, 11.0, 53.0, 14.0, 30.0, 5.0, 50.0, 9.0, 14.0, 31.0, 5.0, 8.0, 35.0, 41.0, 16.0, 27.0, 39.0, 16.0, 3.0, 34.0, 15.0, 7.0, 24.0, 47.0, 14.0, 18.0, 9.0, 42.0, 17.0, 15.0, 4.0, 21.0, 101.0, 6.0, 34.0, 41.0, 26.0, 43.0, 21.0, 64.0, 6.0, 13.0, 25.0, 86.0, 31.0, 40.0, 4.0, 5.0, 8.0, 17.0, 16.0, 3.0, 18.0, 32.0, 23.0, 10.0, 14.0, 13.0, 26.0, 10.0, 3.0, 4.0, 1.0, 31.0, 9.0, 7.0, 32.0, 25.0, 10.0, 15.0, 17.0, 38.0, 5.0, 10.0, 14.0, 14.0, 11.0, 10.0, 38.0, 60.0, 1.0, 17.0, 44.0, 4.0, 5.0, 10.0, 16.0, 97.0, 59.0, 20.0, 46.0, 9.0, 5.0, 25.0, 13.0, 10.0, 44.0, 36.0, 23.0, 21.0, 24.0, 4.0, 95.0, 35.0, 41.0, 21.0, 6.0, 11.0, 17.0, 3.0, 18.0, 43.0, 12.0, 55.0, 42.0, 1.0, 1.0, 26.0, 4.0, 19.0, 30.0, 80.0, 33.0, 1.0, 30.0, 43.0, 1.0, 3.0, 3.0, 38.0, 25.0, 5.0, 75.0, 55.0, 7.0, 27.0, 35.0, 1.0, 22.0, 35.0, 7.0, 6.0, 29.0, 5.0, 23.0, 24.0, 1.0, 4.0, 15.0, 1.0, 7.0, 103.0, 12.0, 11.0, 10.0, 15.0, 39.0, 58.0, 9.0, 12.0, 3.0, 2.0, 28.0, 34.0, 17.0, 5.0, 22.0, 12.0, 7.0, 9.0, 21.0, 30.0, 21.0, 20.0, 8.0, 7.0, 22.0, 16.0, 23.0, 10.0, 7.0, 58.0, 21.0, 10.0, 8.0, 5.0, 18.0, 1.0, 13.0, 1.0, 12.0, 9.0, 24.0, 23.0, 7.0, 4.0, 26.0, 21.0, 34.0, 17.0, 15.0, 6.0, 9.0, 11.0, 9.0, 3.0, 27.0, 5.0, 15.0, 18.0, 8.0, 24.0, 20.0, 24.0, 34.0, 17.0, 72.0, 7.0, 4.0, 18.0, 10.0, 23.0, 31.0, 15.0, 1.0, 46.0, 36.0, 6.0, 3.0, 7.0, 21.0, 10.0, 50.0, 52.0, 26.0, 14.0, 2.0, 33.0, 45.0, 20.0, 13.0, 21.0, 14.0, 1.0, 9.0, 63.0, 21.0, 15.0, 22.0, 58.0, 2.0, 13.0, 9.0, 13.0, 15.0, 39.0, 22.0, 10.0, 8.0, 15.0, 3.0, 16.0, 18.0, 4.0, 42.0, 2.0, 7.0, 15.0, 58.0, 15.0, 1.0, 11.0, 69.0, 32.0, 40.0, 23.0, 56.0, 15.0, 29.0, 25.0, 3.0, 6.0, 28.0, 17.0, 56.0, 4.0, 9.0, 11.0, 44.0, 53.0, 3.0, 5.0, 48.0, 15.0, 1.0, 43.0, 24.0, 1.0, 16.0, 13.0, 49.0, 2.0, 58.0, 27.0, 33.0, 26.0, 59.0, 4.0, 26.0, 43.0, 41.0, 60.0, 7.0, 3.0, 25.0, 25.0, 17.0, 14.0, 2.0, 13.0, 13.0, 9.0, 17.0, 39.0, 4.0, 7.0, 10.0, 4.0, 90.0, 7.0, 33.0, 22.0, 37.0, 11.0, 11.0, 16.0, 6.0, 31.0, 10.0, 1.0, 12.0, 7.0, 5.0, 8.0, 4.0, 48.0, 28.0, 31.0, 17.0, 16.0, 23.0, 43.0, 23.0, 17.0, 41.0, 19.0, 82.0, 16.0, 16.0, 9.0, 1.0, 28.0, 18.0, 70.0, 17.0, 18.0, 41.0, 45.0, 33.0, 9.0, 29.0, 22.0, 12.0, 17.0, 10.0, 7.0, 1.0, 7.0, 13.0, 1.0, 45.0, 8.0, 8.0, 15.0, 35.0, 31.0, 40.0, 28.0, 46.0, 14.0, 13.0, 17.0, 10.0, 5.0, 52.0, 49.0, 1.0, 41.0, 17.0, 28.0, 55.0, 5.0, 1.0, 40.0, 16.0, 53.0, 4.0, 11.0, 17.0, 30.0, 13.0, 10.0, 42.0, 17.0, 7.0, 4.0, 3.0, 6.0, 10.0, 14.0, 69.0, 1.0, 14.0, 45.0, 2.0, 1.0, 24.0, 13.0, 6.0, 17.0, 73.0, 17.0, 11.0, 8.0, 22.0, 17.0, 4.0, 3.0, 7.0, 7.0, 61.0, 28.0, 6.0, 20.0, 12.0, 13.0, 30.0, 29.0, 47.0, 28.0, 4.0, 4.0, 23.0, 7.0, 11.0, 13.0, 17.0, 30.0, 87.0, 12.0, 11.0, 15.0, 23.0, 27.0, 31.0, 45.0, 11.0, 100.0, 25.0, 15.0, 31.0, 63.0, 16.0, 16.0, 1.0, 11.0, 8.0, 39.0, 29.0, 2.0, 20.0, 28.0, 81.0, 29.0, 1.0, 18.0, 10.0, 25.0, 27.0, 52.0, 27.0, 8.0, 9.0, 13.0, 2.0, 19.0, 4.0, 16.0, 29.0, 3.0, 5.0, 44.0, 77.0, 19.0, 53.0, 10.0, 13.0, 5.0, 6.0, 17.0, 30.0, 14.0, 11.0, 17.0, 42.0, 19.0, 34.0, 49.0, 10.0, 20.0, 53.0, 4.0, 6.0, 104.0, 55.0, 8.0, 38.0, 6.0, 35.0, 16.0, 9.0, 49.0, 5.0, 4.0, 12.0, 7.0, 10.0, 6.0, 23.0, 13.0, 8.0, 39.0, 52.0, 21.0, 23.0, 44.0, 67.0, 8.0, 11.0, 6.0, 66.0, 68.0, 1.0, 57.0, 23.0, 28.0, 28.0, 43.0, 12.0, 23.0, 22.0, 26.0, 6.0, 28.0, 35.0, 12.0, 57.0, 10.0, 26.0, 39.0, 13.0, 34.0, 13.0, 48.0, 18.0, 17.0, 11.0, 48.0, 32.0, 31.0, 15.0, 15.0, 16.0, 27.0, 17.0, 12.0, 33.0, 55.0, 5.0, 3.0, 7.0, 27.0, 42.0, 47.0, 47.0, 57.0, 47.0, 5.0, 5.0, 11.0, 4.0, 6.0, 18.0, 23.0, 46.0, 1.0, 12.0, 25.0, 16.0, 8.0, 79.0, 13.0, 23.0, 17.0, 31.0, 8.0, 23.0, 28.0, 11.0, 6.0, 18.0, 23.0, 33.0, 41.0, 14.0, 60.0, 15.0, 29.0, 31.0, 10.0, 18.0, 11.0, 12.0, 6.0, 26.0, 8.0, 13.0, 21.0, 5.0, 1.0, 54.0, 22.0, 7.0, 23.0, 28.0, 59.0, 1.0, 7.0, 7.0, 1.0, 21.0, 36.0, 7.0, 36.0, 30.0, 20.0, 7.0, 85.0, 12.0, 1.0, 12.0, 4.0, 18.0, 28.0, 22.0, 57.0, 23.0, 19.0, 3.0, 49.0, 58.0, 11.0, 21.0, 1.0, 2.0, 1.0, 20.0, 13.0, 14.0, 25.0, 25.0, 18.0, 15.0, 53.0, 42.0, 17.0, 9.0, 32.0, 2.0, 9.0, 43.0, 17.0, 53.0, 10.0, 39.0, 30.0, 22.0, 56.0, 30.0, 22.0, 54.0, 26.0, 52.0, 10.0, 16.0, 19.0, 10.0, 12.0, 119.0, 58.0, 6.0, 20.0, 43.0, 65.0, 63.0, 11.0, 8.0, 15.0, 10.0, 47.0, 10.0, 20.0, 7.0, 32.0, 12.0, 46.0, 48.0, 31.0, 38.0, 19.0, 27.0, 4.0, 39.0, 3.0, 12.0, 6.0, 40.0, 12.0, 23.0, 29.0, 18.0, 27.0, 23.0, 15.0, 30.0, 9.0, 10.0, 1.0, 13.0, 13.0, 11.0, 32.0, 8.0, 18.0, 19.0, 50.0, 56.0, 8.0, 29.0, 3.0, 1.0, 18.0, 21.0, 4.0, 45.0, 48.0, 1.0, 9.0, 10.0, 8.0, 3.0, 56.0, 37.0, 6.0, 9.0, 1.0, 8.0, 1.0, 11.0, 14.0, 30.0, 17.0, 1.0, 30.0, 29.0, 33.0, 3.0, 3.0, 8.0, 14.0, 19.0, 12.0, 42.0, 9.0, 13.0, 17.0, 9.0, 20.0, 15.0, 51.0, 12.0, 8.0, 43.0, 9.0, 62.0, 17.0, 6.0, 14.0, 4.0, 38.0, 27.0, 13.0, 21.0, 4.0, 1.0, 8.0, 7.0, 52.0, 14.0, 5.0, 15.0, 48.0, 2.0, 40.0, 7.0, 19.0, 7.0, 60.0, 10.0, 42.0, 11.0, 15.0, 55.0, 5.0, 2.0, 40.0, 3.0, 31.0, 70.0, 12.0, 1.0, 8.0, 18.0, 29.0, 6.0, 22.0, 37.0, 19.0, 56.0, 43.0, 2.0, 2.0, 10.0, 33.0, 18.0, 29.0, 31.0, 2.0, 18.0, 1.0, 7.0, 11.0, 50.0, 33.0, 7.0, 25.0, 19.0, 10.0, 10.0, 83.0, 32.0, 28.0, 37.0, 19.0, 25.0, 7.0, 72.0, 3.0, 78.0, 18.0, 1.0, 9.0, 16.0, 18.0, 26.0, 11.0, 8.0, 61.0, 27.0, 63.0, 30.0, 54.0, 11.0, 15.0, 12.0, 20.0, 49.0, 7.0, 46.0, 3.0, 15.0, 2.0, 54.0, 9.0, 10.0, 31.0, 3.0, 20.0, 23.0, 58.0, 22.0, 11.0, 27.0, 42.0, 35.0, 9.0, 5.0, 5.0, 4.0, 27.0, 52.0, 25.0, 28.0, 9.0, 25.0, 7.0, 13.0, 11.0, 6.0, 17.0, 16.0, 34.0, 25.0, 48.0, 23.0, 28.0, 5.0, 80.0, 16.0, 6.0, 42.0, 21.0, 8.0, 24.0, 12.0, 22.0, 64.0, 9.0, 28.0, 46.0, 7.0, 6.0, 4.0, 2.0, 13.0, 30.0, 18.0, 12.0, 12.0, 13.0, 16.0, 37.0, 41.0, 41.0, 32.0, 11.0, 44.0, 4.0, 7.0, 25.0, 9.0, 66.0, 7.0, 65.0, 33.0, 29.0, 11.0, 14.0, 14.0, 33.0, 26.0, 4.0, 19.0, 52.0, 3.0, 17.0, 6.0, 13.0, 115.0, 10.0, 64.0, 42.0, 25.0, 21.0, 11.0, 70.0, 1.0, 30.0, 15.0, 39.0, 14.0, 37.0, 7.0, 17.0, 11.0, 1.0, 1.0, 9.0, 17.0, 12.0, 32.0, 90.0, 10.0, 8.0, 9.0, 70.0, 29.0, 4.0, 19.0, 13.0, 4.0, 28.0, 1.0, 7.0, 40.0, 9.0, 40.0, 27.0, 15.0, 6.0, 28.0, 6.0, 45.0, 7.0, 7.0, 37.0, 46.0, 2.0, 21.0, 18.0, 2.0, 12.0, 7.0, 34.0, 55.0, 11.0, 34.0, 38.0, 38.0, 55.0, 1.0, 55.0, 31.0, 57.0, 22.0, 15.0, 5.0, 6.0, 10.0, 16.0, 15.0, 8.0, 5.0, 17.0, 39.0, 10.0, 63.0, 19.0, 7.0, 1.0, 26.0, 6.0, 19.0, 2.0, 28.0, 7.0, 8.0, 52.0, 37.0, 18.0, 5.0, 13.0, 5.0, 50.0, 4.0, 8.0, 1.0, 9.0, 5.0, 7.0, 6.0, 1.0, 11.0, 49.0, 75.0, 13.0, 15.0, 30.0, 20.0, 14.0, 23.0, 22.0, 22.0, 3.0, 10.0, 4.0, 59.0, 5.0, 42.0, 32.0, 13.0, 53.0, 38.0, 41.0, 4.0, 12.0, 26.0, 13.0, 28.0, 7.0, 9.0, 59.0, 6.0, 45.0, 11.0, 37.0, 52.0, 4.0, 24.0, 12.0, 31.0, 11.0, 30.0, 5.0, 5.0, 37.0, 28.0, 21.0, 18.0, 4.0, 73.0, 48.0, 54.0, 53.0, 9.0, 16.0, 36.0, 11.0, 4.0, 47.0, 31.0, 13.0, 44.0, 36.0, 35.0, 10.0, 42.0, 31.0, 6.0, 8.0, 21.0, 49.0, 13.0, 27.0, 20.0, 8.0, 51.0, 7.0, 22.0, 22.0, 35.0, 6.0, 70.0, 19.0, 9.0, 18.0, 12.0, 51.0, 1.0, 11.0, 25.0, 32.0, 2.0, 11.0, 3.0, 1.0, 11.0, 6.0, 4.0, 7.0, 2.0, 21.0, 46.0, 42.0, 7.0, 6.0, 7.0, 53.0, 36.0, 33.0, 11.0, 26.0, 38.0, 101.0, 43.0, 24.0, 27.0, 38.0, 16.0, 58.0, 20.0, 18.0, 6.0, 36.0, 25.0, 1.0, 10.0, 26.0, 8.0, 8.0, 15.0, 20.0, 36.0, 43.0, 12.0, 29.0, 9.0, 5.0, 31.0, 20.0, 26.0, 6.0, 51.0, 40.0, 14.0, 32.0, 6.0, 15.0, 10.0, 12.0, 62.0, 21.0, 96.0, 4.0, 28.0, 37.0, 9.0, 1.0, 12.0, 3.0, 54.0, 7.0, 12.0, 81.0, 30.0, 9.0, 18.0, 6.0, 9.0, 25.0, 11.0, 23.0, 5.0, 18.0, 16.0, 4.0, 27.0, 13.0, 31.0, 29.0, 12.0, 8.0, 28.0, 14.0, 3.0, 17.0, 1.0, 29.0, 88.0, 1.0, 20.0, 24.0, 4.0, 53.0, 20.0, 1.0, 14.0, 19.0, 8.0, 25.0, 29.0, 10.0, 1.0, 5.0, 11.0, 10.0, 29.0, 38.0, 16.0, 10.0, 43.0, 9.0, 65.0, 6.0, 21.0, 3.0, 20.0, 11.0, 11.0, 17.0, 2.0, 23.0, 49.0, 22.0, 49.0, 16.0, 57.0, 61.0, 18.0, 29.0, 35.0, 39.0, 19.0, 22.0, 17.0, 49.0, 40.0, 40.0, 47.0, 28.0, 16.0, 14.0, 36.0, 9.0, 30.0, 20.0, 21.0, 8.0, 7.0, 20.0, 11.0, 50.0, 26.0, 29.0, 9.0, 35.0, 8.0, 51.0, 12.0, 5.0, 1.0, 20.0, 16.0, 12.0, 9.0, 31.0, 8.0, 1.0, 31.0, 19.0, 11.0, 22.0, 33.0, 22.0, 55.0, 24.0, 15.0, 11.0, 9.0, 7.0, 51.0, 14.0, 30.0, 22.0, 36.0, 3.0, 56.0, 42.0, 20.0, 3.0, 23.0, 1.0, 21.0, 34.0, 25.0, 50.0, 8.0, 24.0, 22.0, 10.0, 45.0, 28.0, 64.0, 45.0, 7.0, 17.0, 9.0, 26.0, 51.0, 8.0, 23.0, 1.0, 1.0, 2.0, 21.0, 16.0, 10.0, 21.0, 65.0, 27.0, 14.0, 19.0, 13.0, 1.0, 1.0, 12.0, 9.0, 20.0, 5.0, 17.0, 1.0, 11.0, 30.0, 13.0, 16.0, 15.0, 44.0, 21.0, 1.0, 71.0, 42.0, 12.0, 58.0, 5.0, 1.0, 13.0, 2.0, 71.0, 11.0, 10.0, 22.0, 25.0, 13.0, 66.0, 39.0, 7.0, 30.0, 17.0, 7.0, 3.0, 24.0, 18.0, 17.0, 2.0, 11.0, 32.0, 4.0, 20.0, 51.0, 5.0, 14.0, 3.0, 6.0, 1.0, 3.0, 43.0, 32.0, 2.0, 25.0, 2.0, 55.0, 4.0, 9.0, 14.0, 13.0, 22.0, 67.0, 10.0, 5.0, 13.0, 29.0, 23.0, 12.0, 3.0, 43.0, 19.0, 32.0, 1.0, 1.0, 39.0, 23.0, 16.0, 32.0, 37.0, 11.0, 10.0, 27.0, 25.0, 41.0, 2.0, 8.0, 24.0, 21.0, 12.0, 12.0, 71.0, 20.0, 36.0, 31.0, 29.0, 18.0, 15.0, 9.0, 8.0, 1.0, 15.0, 21.0, 18.0, 11.0, 44.0, 3.0, 1.0, 13.0, 45.0, 36.0, 12.0, 33.0, 43.0, 10.0, 45.0, 12.0, 31.0, 20.0, 44.0, 4.0, 33.0, 34.0, 13.0, 40.0, 68.0, 25.0, 31.0, 10.0, 26.0, 2.0, 22.0, 10.0, 11.0, 51.0, 24.0, 13.0, 4.0, 41.0, 10.0, 2.0, 28.0, 3.0, 23.0, 8.0, 20.0, 1.0, 23.0, 13.0, 59.0, 21.0, 59.0, 16.0, 13.0]
