avgTJ:  12.973684210526315
stdDvTJ:  13.469783929658826
avgTJ without 0:  15.024276859504132
stdDvTJ without 0:  13.39043114209858
maxTJ:  20.73913043478261
minTJ:  6.0

avgTT:  13.114808652246257
stdDvTT:  13.382450462117914
avgTT without 0:  13.114808652246257
stdDvTT without 0:  13.382450462117914
maxTT:  24.6
minTT:  4.333333333333333

avgTotT:  15.439680957128614
stdDvTotT:  15.085149942406423
avgTotT without 0:  15.839754517558813
stdDvTotT without 0:  15.070543119019783
maxTotT:  25.958333333333332
minTotT:  8.541666666666666

avgMGT:  15.392156862745098
stdDvMGT:  15.026190217637227
avgMGT without 0:  15.790998977156494
stdDvMGT without 0:  15.011291151773051
maxMGT:  25.958333333333332
minMGT:  8.541666666666666

avgSGT:  5.0
stdDvSGT:  4.631905164675271
avgSGT without 0:  5.0
stdDvSGT without 0:  4.631905164675271
maxSGT:  16.0
minSGT:  1.0

free lanes %:  40.45285569449138 %, number of free traverse:  3591 num of traverse 8877
number of times in traffic %:  13.495550298524275 %, numero di volte nel traffico:  1198 num of traverse 8877
not free passage %:  59.82877098118734 %, number of not free passage:  5311 num of traverse 8877
junction times
 [6.0, 11.0, 15.0, 15.0, 17.0, 16.0, 48.0, 9.0, 12.0, 31.0, 4.0, 35.0, 13.0, 9.0, 6.0, 6.0, 13.0, 15.0, 13.0, 8.0, 7.0, 3.0, 33.0, 46.0, 16.0, 25.0, 13.0, 50.0, 9.0, 4.0, 16.0, 14.0, 5.0, 17.0, 2.0, 66.0, 8.0, 7.0, 8.0, 11.0, 25.0, 10.0, 7.0, 4.0, 6.0, 32.0, 2.0, 40.0, 19.0, 9.0, 8.0, 6.0, 1.0, 8.0, 41.0, 26.0, 15.0, 6.0, 22.0, 3.0, 7.0, 4.0, 29.0, 18.0, 13.0, 4.0, 1.0, 8.0, 10.0, 10.0, 1.0, 3.0, 9.0, 17.0, 12.0, 16.0, 16.0, 10.0, 6.0, 3.0, 14.0, 16.0, 8.0, 14.0, 2.0, 16.0, 5.0, 4.0, 29.0, 37.0, 5.0, 13.0, 14.0, 4.0, 37.0, 17.0, 17.0, 1.0, 35.0, 36.0, 12.0, 14.0, 25.0, 6.0, 2.0, 17.0, 59.0, 18.0, 1.0, 36.0, 20.0, 20.0, 27.0, 13.0, 16.0, 75.0, 12.0, 15.0, 4.0, 52.0, 16.0, 6.0, 5.0, 19.0, 39.0, 25.0, 10.0, 6.0, 12.0, 11.0, 7.0, 4.0, 12.0, 2.0, 9.0, 6.0, 16.0, 6.0, 5.0, 15.0, 8.0, 5.0, 5.0, 5.0, 17.0, 17.0, 11.0, 7.0, 12.0, 10.0, 9.0, 10.0, 28.0, 1.0, 7.0, 9.0, 4.0, 8.0, 8.0, 13.0, 15.0, 2.0, 16.0, 3.0, 11.0, 19.0, 9.0, 1.0, 11.0, 8.0, 11.0, 28.0, 9.0, 18.0, 9.0, 22.0, 13.0, 3.0, 26.0, 37.0, 16.0, 26.0, 11.0, 11.0, 17.0, 9.0, 6.0, 5.0, 9.0, 14.0, 5.0, 10.0, 10.0, 22.0, 30.0, 4.0, 52.0, 6.0, 31.0, 10.0, 21.0, 1.0, 27.0, 15.0, 45.0, 2.0, 4.0, 61.0, 3.0, 5.0, 19.0, 14.0, 16.0, 2.0, 13.0, 13.0, 30.0, 3.0, 11.0, 45.0, 7.0, 47.0, 54.0, 11.0, 9.0, 6.0, 6.0, 3.0, 40.0, 1.0, 10.0, 1.0, 12.0, 19.0, 9.0, 9.0, 17.0, 8.0, 11.0, 13.0, 5.0, 8.0, 47.0, 61.0, 55.0, 4.0, 11.0, 7.0, 1.0, 3.0, 37.0, 10.0, 13.0, 10.0, 10.0, 19.0, 3.0, 9.0, 14.0, 10.0, 11.0, 11.0, 8.0, 26.0, 15.0, 4.0, 12.0, 18.0, 18.0, 3.0, 11.0, 43.0, 9.0, 9.0, 8.0, 11.0, 6.0, 11.0, 2.0, 10.0, 31.0, 7.0, 20.0, 39.0, 11.0, 6.0, 24.0, 9.0, 20.0, 8.0, 30.0, 9.0, 40.0, 19.0, 9.0, 9.0, 27.0, 1.0, 23.0, 4.0, 1.0, 12.0, 24.0, 30.0, 10.0, 30.0, 25.0, 11.0, 1.0, 53.0, 9.0, 6.0, 4.0, 4.0, 2.0, 11.0, 29.0, 4.0, 16.0, 1.0, 22.0, 16.0, 6.0, 77.0, 19.0, 36.0, 5.0, 18.0, 9.0, 13.0, 14.0, 8.0, 14.0, 14.0, 5.0, 29.0, 10.0, 8.0, 7.0, 22.0, 66.0, 9.0, 11.0, 7.0, 20.0, 3.0, 52.0, 1.0, 21.0, 20.0, 5.0, 30.0, 1.0, 9.0, 23.0, 7.0, 14.0, 22.0, 9.0, 3.0, 9.0, 5.0, 26.0, 10.0, 6.0, 1.0, 23.0, 10.0, 26.0, 8.0, 15.0, 16.0, 21.0, 7.0, 10.0, 6.0, 11.0, 48.0, 21.0, 4.0, 4.0, 11.0, 8.0, 14.0, 23.0, 40.0, 29.0, 8.0, 13.0, 24.0, 15.0, 18.0, 10.0, 11.0, 24.0, 37.0, 7.0, 12.0, 10.0, 35.0, 9.0, 20.0, 9.0, 9.0, 30.0, 19.0, 4.0, 14.0, 20.0, 13.0, 23.0, 13.0, 3.0, 31.0, 13.0, 10.0, 3.0, 51.0, 18.0, 11.0, 22.0, 44.0, 2.0, 4.0, 10.0, 10.0, 17.0, 5.0, 8.0, 17.0, 1.0, 3.0, 10.0, 8.0, 20.0, 48.0, 2.0, 11.0, 3.0, 17.0, 1.0, 24.0, 27.0, 9.0, 38.0, 10.0, 17.0, 23.0, 13.0, 17.0, 6.0, 11.0, 32.0, 43.0, 1.0, 7.0, 19.0, 3.0, 4.0, 3.0, 2.0, 12.0, 4.0, 17.0, 8.0, 2.0, 8.0, 26.0, 12.0, 16.0, 4.0, 12.0, 2.0, 4.0, 1.0, 2.0, 1.0, 16.0, 9.0, 2.0, 11.0, 9.0, 7.0, 2.0, 17.0, 8.0, 20.0, 8.0, 28.0, 25.0, 3.0, 3.0, 16.0, 2.0, 4.0, 16.0, 41.0, 3.0, 22.0, 4.0, 29.0, 17.0, 12.0, 25.0, 3.0, 15.0, 7.0, 4.0, 7.0, 19.0, 4.0, 12.0, 33.0, 3.0, 18.0, 10.0, 14.0, 12.0, 8.0, 25.0, 6.0, 37.0, 14.0, 7.0, 16.0, 7.0, 4.0, 3.0, 18.0, 12.0, 21.0, 5.0, 8.0, 33.0, 9.0, 14.0, 1.0, 1.0, 11.0, 7.0, 5.0, 5.0, 4.0, 3.0, 34.0, 6.0, 26.0, 8.0, 25.0, 2.0, 3.0, 4.0, 16.0, 23.0, 22.0, 23.0, 33.0, 8.0, 12.0, 16.0, 9.0, 5.0, 12.0, 5.0, 25.0, 11.0, 2.0, 9.0, 23.0, 7.0, 9.0, 13.0, 2.0, 21.0, 27.0, 24.0, 16.0, 13.0, 10.0, 7.0, 12.0, 4.0, 14.0, 14.0, 3.0, 9.0, 17.0, 4.0, 49.0, 7.0, 9.0, 23.0, 23.0, 13.0, 9.0, 11.0, 21.0, 5.0, 5.0, 17.0, 12.0, 18.0, 29.0, 29.0, 5.0, 9.0, 8.0, 9.0, 6.0, 14.0, 8.0, 36.0, 2.0, 1.0, 20.0, 12.0, 21.0, 3.0, 14.0, 12.0, 8.0, 5.0, 9.0, 3.0, 9.0, 45.0, 14.0, 26.0, 9.0, 10.0, 25.0, 11.0, 3.0, 17.0, 9.0, 15.0, 2.0, 23.0, 21.0, 6.0, 76.0, 15.0, 2.0, 32.0, 16.0, 13.0, 12.0, 4.0, 50.0, 6.0, 10.0, 3.0, 31.0, 5.0, 13.0, 16.0, 11.0, 14.0, 2.0, 4.0, 10.0, 5.0, 1.0, 1.0, 22.0, 1.0, 32.0, 12.0, 2.0, 8.0, 2.0, 2.0, 21.0, 11.0, 3.0, 2.0, 11.0, 9.0, 10.0, 16.0, 15.0, 23.0, 23.0, 9.0, 32.0, 7.0, 9.0, 11.0, 16.0, 3.0, 47.0, 10.0, 4.0, 16.0, 25.0, 2.0, 10.0, 28.0, 10.0, 16.0, 3.0, 5.0, 6.0, 55.0, 25.0, 11.0, 2.0, 23.0, 31.0, 48.0, 15.0, 7.0, 10.0, 3.0, 45.0, 7.0, 17.0, 4.0, 31.0, 13.0, 15.0, 10.0, 4.0, 13.0, 18.0, 5.0, 49.0, 13.0, 24.0, 14.0, 20.0, 40.0, 3.0, 5.0, 14.0, 20.0, 23.0, 3.0, 21.0, 10.0, 5.0, 6.0, 6.0, 3.0, 12.0, 9.0, 15.0, 9.0, 8.0, 30.0, 3.0, 17.0, 15.0, 64.0, 9.0, 10.0, 20.0, 8.0, 8.0, 24.0, 20.0, 11.0, 33.0, 5.0, 12.0, 22.0, 18.0, 24.0, 22.0, 34.0, 8.0, 2.0, 12.0, 15.0, 9.0, 32.0, 10.0, 17.0, 12.0, 10.0, 23.0, 12.0, 36.0, 7.0, 6.0, 11.0, 26.0, 11.0, 3.0, 2.0, 11.0, 9.0, 28.0, 14.0, 20.0, 13.0, 11.0, 2.0, 7.0, 28.0, 5.0, 10.0, 20.0, 2.0, 33.0, 25.0, 15.0, 16.0, 16.0, 27.0, 72.0, 17.0, 10.0, 25.0, 3.0, 15.0, 27.0, 22.0, 22.0, 20.0, 4.0, 12.0, 24.0, 13.0, 37.0, 12.0, 12.0, 7.0, 28.0, 13.0, 20.0, 13.0, 30.0, 11.0, 13.0, 12.0, 7.0, 19.0, 12.0, 16.0, 18.0, 2.0, 3.0, 23.0, 8.0, 3.0, 29.0, 21.0, 5.0, 2.0, 7.0, 22.0, 3.0, 3.0, 3.0, 59.0, 46.0, 8.0, 18.0, 5.0, 13.0, 43.0, 41.0, 51.0, 11.0, 41.0, 28.0, 39.0, 11.0, 8.0, 7.0, 10.0, 9.0, 12.0, 18.0, 57.0, 6.0, 15.0, 22.0, 12.0, 35.0, 4.0, 38.0, 5.0, 10.0, 13.0, 6.0, 20.0, 11.0, 56.0, 11.0, 43.0, 10.0, 9.0, 1.0, 5.0, 17.0, 14.0, 8.0, 11.0, 8.0, 1.0, 23.0, 45.0, 23.0, 17.0, 20.0, 7.0, 36.0, 10.0, 26.0, 23.0, 32.0, 4.0, 9.0, 1.0, 26.0, 12.0, 5.0, 34.0, 34.0, 6.0, 22.0, 8.0, 12.0, 28.0, 9.0, 6.0, 11.0, 5.0, 27.0, 20.0, 77.0, 41.0, 6.0, 14.0, 3.0, 7.0, 2.0, 31.0, 21.0, 37.0, 2.0, 51.0, 16.0, 8.0, 12.0, 11.0, 15.0, 8.0, 10.0, 6.0, 7.0, 11.0, 1.0, 12.0, 16.0, 12.0, 9.0, 6.0, 2.0, 1.0, 5.0, 19.0, 4.0, 2.0, 3.0, 36.0, 6.0, 21.0, 7.0, 30.0, 8.0, 16.0, 6.0, 8.0, 19.0, 4.0, 4.0, 16.0, 6.0, 2.0, 16.0, 41.0, 9.0, 3.0, 11.0, 24.0, 13.0, 7.0, 13.0, 30.0, 8.0, 8.0, 4.0, 42.0, 30.0, 8.0, 8.0, 22.0, 4.0, 6.0, 1.0, 5.0, 39.0, 12.0, 27.0, 17.0, 10.0, 10.0, 24.0, 6.0, 8.0, 9.0, 56.0, 10.0, 22.0, 27.0, 8.0, 36.0, 2.0, 5.0, 15.0, 41.0, 25.0, 36.0, 36.0, 6.0, 8.0, 29.0, 7.0, 40.0, 13.0, 7.0, 13.0, 16.0, 12.0, 11.0, 2.0, 6.0, 23.0, 3.0, 2.0, 36.0, 33.0, 33.0, 22.0, 20.0, 18.0, 11.0, 13.0, 3.0, 11.0, 1.0, 6.0, 17.0, 8.0, 9.0, 1.0, 9.0, 33.0, 12.0, 8.0, 11.0, 21.0, 8.0, 12.0, 3.0, 20.0, 10.0, 1.0, 17.0, 8.0, 12.0, 9.0, 6.0, 10.0, 5.0, 26.0, 29.0, 19.0, 11.0, 3.0, 20.0, 17.0, 16.0, 10.0, 1.0, 9.0, 13.0, 29.0, 41.0, 3.0, 6.0, 1.0, 2.0, 9.0, 4.0, 7.0, 6.0, 42.0, 16.0, 3.0, 10.0, 9.0, 12.0, 9.0, 1.0, 47.0, 7.0, 10.0, 15.0, 1.0, 21.0, 2.0, 8.0, 4.0, 3.0, 3.0, 13.0, 5.0, 16.0, 12.0, 9.0, 1.0, 9.0, 20.0, 7.0, 9.0, 9.0, 17.0, 20.0, 24.0, 6.0, 9.0, 2.0, 16.0, 10.0, 9.0, 4.0, 4.0, 8.0, 9.0, 3.0, 20.0, 7.0, 24.0, 6.0, 3.0, 1.0, 35.0, 8.0, 9.0, 64.0, 12.0, 32.0, 13.0, 22.0, 3.0, 42.0, 5.0, 8.0, 6.0, 1.0, 3.0, 9.0, 13.0, 12.0, 24.0, 12.0, 32.0, 2.0, 11.0, 9.0, 46.0, 6.0, 2.0, 25.0, 91.0, 8.0, 22.0, 21.0, 1.0, 11.0, 10.0, 20.0, 13.0, 1.0, 51.0, 23.0, 1.0, 15.0, 34.0, 10.0, 4.0, 2.0, 14.0, 17.0, 14.0, 3.0, 9.0, 6.0, 10.0, 9.0, 27.0, 20.0, 2.0, 52.0, 12.0, 34.0, 14.0, 4.0, 12.0, 1.0, 3.0, 38.0, 49.0, 10.0, 7.0, 11.0, 2.0, 6.0, 8.0, 11.0, 7.0, 11.0, 1.0, 107.0, 6.0, 9.0, 9.0, 9.0, 10.0, 30.0, 1.0, 1.0, 35.0, 34.0, 11.0, 19.0, 4.0, 1.0, 3.0, 27.0, 2.0, 3.0, 33.0, 113.0, 49.0, 14.0, 18.0, 19.0, 16.0, 12.0, 4.0, 8.0, 4.0, 1.0, 16.0, 13.0, 3.0, 10.0, 16.0, 8.0, 11.0, 10.0, 11.0, 5.0, 23.0, 7.0, 14.0, 3.0, 26.0, 53.0, 1.0, 23.0, 16.0, 21.0, 17.0, 10.0, 40.0, 9.0, 2.0, 10.0, 23.0, 16.0, 25.0, 11.0, 35.0, 3.0, 70.0, 14.0, 4.0, 8.0, 44.0, 11.0, 10.0, 8.0, 34.0, 9.0, 6.0, 7.0, 1.0, 20.0, 2.0, 77.0, 6.0, 3.0, 9.0, 49.0, 13.0, 21.0, 20.0, 1.0, 7.0, 71.0, 1.0, 11.0, 21.0, 5.0, 48.0, 26.0, 29.0, 9.0, 12.0, 4.0, 16.0, 2.0, 7.0, 28.0, 16.0, 52.0, 39.0, 20.0, 2.0, 20.0, 47.0, 22.0, 6.0, 21.0, 10.0, 3.0, 14.0, 9.0, 12.0, 33.0, 6.0, 9.0, 2.0, 13.0, 11.0, 10.0, 12.0, 6.0, 4.0, 8.0, 13.0, 33.0, 3.0, 9.0, 7.0, 2.0, 5.0, 6.0, 4.0, 59.0, 37.0, 13.0, 3.0, 21.0, 19.0, 8.0, 9.0, 8.0, 19.0, 15.0, 42.0, 5.0, 13.0, 2.0, 18.0, 9.0, 9.0, 15.0, 15.0, 4.0, 19.0, 13.0, 14.0, 13.0, 21.0, 6.0, 11.0, 20.0, 17.0, 10.0, 28.0, 46.0, 21.0, 28.0, 35.0, 26.0, 15.0, 12.0, 14.0, 8.0, 22.0, 24.0, 4.0, 8.0, 7.0, 5.0, 13.0, 5.0, 23.0, 6.0, 7.0, 4.0, 8.0, 16.0, 15.0, 10.0, 15.0, 37.0, 3.0, 11.0, 2.0, 9.0, 2.0, 4.0, 3.0, 8.0, 5.0, 9.0, 7.0, 63.0, 5.0, 22.0, 2.0, 4.0, 13.0, 31.0, 18.0, 12.0, 6.0, 9.0, 22.0, 2.0, 7.0, 52.0, 2.0, 13.0, 3.0, 13.0, 1.0, 3.0, 25.0, 5.0, 27.0, 11.0, 5.0, 10.0, 11.0, 5.0, 15.0, 30.0, 42.0, 30.0, 3.0, 19.0, 26.0, 4.0, 14.0, 48.0, 24.0, 7.0, 9.0, 8.0, 29.0, 8.0, 16.0, 7.0, 6.0, 37.0, 5.0, 18.0, 5.0, 8.0, 12.0, 16.0, 10.0, 15.0, 6.0, 24.0, 23.0, 31.0, 12.0, 6.0, 2.0, 22.0, 13.0, 23.0, 16.0, 50.0, 6.0, 28.0, 5.0, 7.0, 15.0, 27.0, 6.0, 8.0, 2.0, 9.0, 13.0, 6.0, 32.0, 7.0, 4.0, 5.0, 35.0, 13.0, 26.0, 32.0, 3.0, 10.0, 36.0, 17.0, 18.0, 15.0, 7.0, 6.0, 24.0, 8.0, 9.0, 38.0, 20.0, 28.0, 10.0, 15.0, 20.0, 10.0, 14.0, 8.0, 14.0, 39.0, 5.0, 35.0, 7.0, 2.0, 14.0, 12.0, 5.0, 13.0, 6.0, 19.0, 34.0, 11.0, 7.0, 3.0, 6.0, 6.0, 8.0, 8.0, 13.0, 1.0, 1.0, 2.0, 13.0, 31.0, 3.0, 9.0, 13.0, 10.0, 75.0, 18.0, 2.0, 14.0, 11.0, 2.0, 16.0, 1.0, 16.0, 20.0, 9.0, 8.0, 2.0, 10.0, 12.0, 14.0, 7.0, 11.0, 39.0, 10.0, 5.0, 10.0, 10.0, 22.0, 9.0, 4.0, 14.0, 20.0, 3.0, 3.0, 20.0, 3.0, 10.0, 13.0, 3.0, 24.0, 14.0, 5.0, 24.0, 26.0, 11.0, 9.0, 52.0, 5.0, 15.0, 2.0, 13.0, 11.0, 25.0, 6.0, 46.0, 5.0, 10.0, 20.0, 4.0, 38.0, 5.0, 2.0, 55.0, 9.0, 7.0, 85.0, 26.0, 20.0, 34.0, 2.0, 30.0, 8.0, 2.0, 25.0, 10.0, 13.0, 37.0, 24.0, 9.0, 13.0, 23.0, 5.0, 13.0, 6.0, 1.0, 13.0, 10.0, 22.0, 7.0, 16.0, 5.0, 10.0, 17.0, 21.0, 9.0, 20.0, 7.0, 2.0, 4.0, 9.0, 12.0, 12.0, 2.0, 10.0, 27.0, 19.0, 14.0, 16.0, 3.0, 5.0, 24.0, 14.0, 4.0, 10.0, 1.0, 3.0, 3.0, 11.0, 16.0, 2.0, 5.0, 3.0, 15.0, 1.0, 21.0, 15.0, 5.0, 10.0, 3.0, 10.0, 8.0, 4.0, 8.0, 22.0, 21.0, 8.0, 37.0, 3.0, 2.0, 11.0, 29.0, 1.0, 11.0, 27.0, 8.0, 30.0, 38.0, 11.0, 1.0, 16.0, 4.0, 1.0, 13.0, 11.0, 37.0, 28.0, 5.0, 1.0, 15.0, 57.0, 4.0, 16.0, 7.0, 17.0, 4.0, 4.0, 2.0, 14.0, 1.0, 38.0, 12.0, 9.0, 29.0, 1.0, 10.0, 17.0, 17.0, 63.0, 48.0, 42.0, 1.0, 17.0, 4.0, 36.0, 19.0, 35.0, 4.0, 13.0, 30.0, 9.0, 2.0, 103.0, 17.0, 27.0, 8.0, 17.0, 15.0, 6.0, 27.0, 11.0, 9.0, 32.0, 26.0, 33.0, 15.0, 5.0, 8.0, 6.0, 2.0, 10.0, 23.0, 2.0, 17.0, 28.0, 1.0, 19.0, 10.0, 22.0, 5.0, 14.0, 1.0, 29.0, 15.0, 16.0, 8.0, 28.0, 2.0, 14.0, 12.0, 12.0, 1.0, 34.0, 6.0, 9.0, 18.0, 21.0, 2.0, 12.0, 11.0, 6.0, 21.0, 34.0, 10.0, 21.0, 5.0, 24.0, 14.0, 4.0, 9.0, 4.0, 14.0, 21.0, 24.0, 14.0, 9.0, 1.0, 9.0, 32.0, 58.0, 27.0, 20.0, 11.0, 26.0, 8.0, 13.0, 44.0, 21.0, 9.0, 14.0, 1.0, 33.0, 8.0, 12.0, 1.0, 21.0, 1.0, 11.0, 13.0, 20.0, 22.0, 44.0, 6.0, 17.0, 7.0, 23.0, 8.0, 22.0, 71.0, 9.0, 12.0, 23.0, 8.0, 8.0, 55.0, 45.0, 13.0, 28.0, 19.0, 2.0, 9.0, 38.0, 15.0, 7.0, 4.0, 29.0, 3.0, 3.0, 1.0, 8.0, 22.0, 9.0, 10.0, 39.0, 2.0, 2.0, 6.0, 14.0, 5.0, 3.0, 6.0, 8.0, 19.0, 10.0, 24.0, 1.0, 35.0, 35.0, 8.0, 10.0, 8.0, 27.0, 43.0, 15.0, 20.0, 12.0, 9.0, 15.0, 13.0, 4.0, 32.0, 3.0, 13.0, 16.0, 11.0, 1.0, 19.0, 13.0, 20.0, 9.0, 7.0, 18.0, 4.0, 2.0, 34.0, 2.0, 7.0, 66.0, 3.0, 29.0, 5.0, 8.0, 6.0, 24.0, 11.0, 7.0, 16.0] 

traffic times
 [10.0, 1.0, 1.0, 9.0, 1.0, 14.0, 23.0, 22.0, 17.0, 1.0, 1.0, 1.0, 8.0, 9.0, 3.0, 24.0, 7.0, 12.0, 14.0, 9.0, 1.0, 1.0, 14.0, 20.0, 9.0, 1.0, 1.0, 12.0, 46.0, 21.0, 15.0, 40.0, 1.0, 11.0, 12.0, 39.0, 7.0, 19.0, 5.0, 6.0, 1.0, 1.0, 7.0, 8.0, 36.0, 1.0, 6.0, 10.0, 7.0, 11.0, 39.0, 9.0, 7.0, 18.0, 20.0, 4.0, 18.0, 14.0, 22.0, 11.0, 16.0, 11.0, 2.0, 18.0, 7.0, 19.0, 10.0, 7.0, 77.0, 1.0, 1.0, 12.0, 7.0, 1.0, 39.0, 21.0, 10.0, 1.0, 1.0, 1.0, 1.0, 22.0, 5.0, 28.0, 4.0, 30.0, 9.0, 3.0, 12.0, 11.0, 1.0, 21.0, 8.0, 13.0, 1.0, 1.0, 23.0, 7.0, 54.0, 11.0, 4.0, 1.0, 1.0, 1.0, 7.0, 31.0, 7.0, 36.0, 1.0, 22.0, 9.0, 1.0, 9.0, 10.0, 1.0, 1.0, 7.0, 14.0, 32.0, 11.0, 28.0, 10.0, 12.0, 27.0, 11.0, 8.0, 1.0, 4.0, 7.0, 4.0, 1.0, 45.0, 1.0, 22.0, 1.0, 8.0, 26.0, 28.0, 1.0, 14.0, 1.0, 8.0, 11.0, 6.0, 1.0, 2.0, 2.0, 34.0, 16.0, 1.0, 8.0, 17.0, 13.0, 1.0, 27.0, 6.0, 11.0, 16.0, 1.0, 1.0, 2.0, 12.0, 9.0, 14.0, 5.0, 7.0, 1.0, 13.0, 16.0, 7.0, 1.0, 10.0, 7.0, 20.0, 1.0, 22.0, 12.0, 1.0, 11.0, 23.0, 1.0, 15.0, 14.0, 8.0, 14.0, 25.0, 34.0, 14.0, 44.0, 5.0, 10.0, 43.0, 35.0, 13.0, 11.0, 1.0, 41.0, 1.0, 12.0, 14.0, 1.0, 19.0, 4.0, 1.0, 8.0, 1.0, 30.0, 1.0, 7.0, 7.0, 7.0, 18.0, 11.0, 5.0, 2.0, 11.0, 1.0, 27.0, 5.0, 7.0, 4.0, 1.0, 39.0, 20.0, 44.0, 17.0, 4.0, 8.0, 13.0, 14.0, 17.0, 10.0, 6.0, 7.0, 1.0, 1.0, 15.0, 22.0, 13.0, 1.0, 14.0, 16.0, 5.0, 1.0, 13.0, 7.0, 3.0, 1.0, 14.0, 1.0, 15.0, 8.0, 10.0, 16.0, 1.0, 24.0, 15.0, 18.0, 19.0, 10.0, 13.0, 10.0, 1.0, 22.0, 19.0, 48.0, 16.0, 1.0, 1.0, 1.0, 4.0, 25.0, 1.0, 42.0, 7.0, 13.0, 6.0, 1.0, 10.0, 8.0, 1.0, 23.0, 8.0, 1.0, 24.0, 1.0, 8.0, 1.0, 29.0, 15.0, 10.0, 13.0, 12.0, 41.0, 12.0, 18.0, 18.0, 6.0, 11.0, 1.0, 20.0, 1.0, 25.0, 12.0, 6.0, 1.0, 5.0, 15.0, 1.0, 11.0, 20.0, 55.0, 1.0, 4.0, 13.0, 17.0, 15.0, 19.0, 13.0, 16.0, 32.0, 22.0, 19.0, 5.0, 1.0, 3.0, 28.0, 3.0, 13.0, 3.0, 3.0, 20.0, 1.0, 13.0, 37.0, 1.0, 14.0, 6.0, 18.0, 1.0, 31.0, 11.0, 1.0, 7.0, 1.0, 12.0, 1.0, 14.0, 1.0, 10.0, 1.0, 12.0, 4.0, 24.0, 1.0, 11.0, 8.0, 12.0, 5.0, 12.0, 1.0, 12.0, 1.0, 15.0, 9.0, 24.0, 37.0, 32.0, 6.0, 4.0, 12.0, 42.0, 1.0, 34.0, 15.0, 14.0, 17.0, 14.0, 6.0, 1.0, 16.0, 28.0, 8.0, 1.0, 1.0, 44.0, 1.0, 9.0, 15.0, 15.0, 33.0, 5.0, 12.0, 9.0, 7.0, 1.0, 44.0, 4.0, 11.0, 21.0, 26.0, 7.0, 21.0, 1.0, 67.0, 1.0, 25.0, 61.0, 8.0, 1.0, 13.0, 1.0, 28.0, 56.0, 27.0, 24.0, 13.0, 1.0, 31.0, 1.0, 7.0, 2.0, 44.0, 4.0, 2.0, 13.0, 14.0, 20.0, 21.0, 10.0, 15.0, 1.0, 3.0, 25.0, 2.0, 7.0, 1.0, 14.0, 11.0, 23.0, 41.0, 18.0, 1.0, 7.0, 1.0, 8.0, 22.0, 17.0, 6.0, 22.0, 1.0, 19.0, 1.0, 13.0, 1.0, 8.0, 1.0, 8.0, 12.0, 1.0, 12.0, 1.0, 2.0, 7.0, 7.0, 5.0, 5.0, 23.0, 1.0, 1.0, 7.0, 48.0, 5.0, 7.0, 22.0, 1.0, 8.0, 20.0, 8.0, 1.0, 43.0, 5.0, 29.0, 19.0, 37.0, 9.0, 19.0, 12.0, 5.0, 4.0, 27.0, 25.0, 10.0, 8.0, 24.0, 8.0, 31.0, 7.0, 22.0, 4.0, 8.0, 32.0, 16.0, 19.0, 55.0, 32.0, 15.0, 13.0, 12.0, 16.0, 21.0, 1.0, 22.0, 15.0, 34.0, 8.0, 8.0, 27.0, 29.0, 39.0, 7.0, 1.0, 4.0, 25.0, 12.0, 66.0, 1.0, 32.0, 25.0, 1.0, 8.0, 12.0, 2.0, 29.0, 21.0, 9.0, 13.0, 13.0, 1.0, 1.0, 1.0, 6.0, 5.0, 7.0, 15.0, 14.0, 36.0, 1.0, 9.0, 26.0, 13.0, 6.0, 5.0, 1.0, 1.0, 1.0, 12.0, 11.0, 7.0, 61.0, 21.0, 11.0, 1.0, 22.0, 4.0, 1.0, 1.0, 29.0, 32.0, 21.0, 7.0, 27.0, 5.0, 7.0, 31.0, 1.0, 34.0, 25.0, 7.0, 3.0, 36.0, 9.0, 6.0, 20.0, 10.0, 8.0, 24.0, 3.0, 42.0, 8.0, 32.0, 13.0, 32.0, 22.0, 11.0, 12.0, 17.0, 112.0, 1.0, 5.0, 21.0, 12.0, 15.0, 12.0, 17.0, 7.0, 62.0, 49.0, 21.0, 12.0, 6.0, 8.0, 11.0, 1.0, 13.0, 21.0, 1.0, 17.0, 14.0, 7.0, 12.0, 4.0, 14.0, 33.0, 1.0, 15.0, 1.0, 15.0, 7.0, 23.0, 22.0, 11.0, 12.0, 58.0, 1.0, 15.0, 16.0, 11.0, 1.0, 4.0, 18.0, 9.0, 1.0, 1.0, 22.0, 1.0, 13.0, 8.0, 1.0, 4.0, 58.0, 1.0, 1.0, 10.0, 1.0, 9.0, 1.0, 1.0, 20.0, 4.0, 14.0, 13.0, 1.0, 13.0, 34.0, 10.0, 1.0, 9.0, 14.0, 15.0, 12.0, 1.0, 10.0, 1.0, 6.0, 1.0, 13.0, 42.0, 9.0, 7.0, 4.0, 1.0, 18.0, 6.0, 7.0, 7.0, 37.0, 1.0, 10.0, 14.0, 8.0, 12.0, 15.0, 20.0, 7.0, 7.0, 11.0, 12.0, 2.0, 1.0, 65.0, 17.0, 18.0, 2.0, 48.0, 7.0, 10.0, 7.0, 1.0, 12.0, 22.0, 1.0, 30.0, 30.0, 8.0, 18.0, 17.0, 15.0, 8.0, 2.0, 13.0, 1.0, 41.0, 26.0, 1.0, 34.0, 17.0, 22.0, 5.0, 1.0, 8.0, 20.0, 7.0, 7.0, 21.0, 4.0, 1.0, 9.0, 20.0, 12.0, 11.0, 7.0, 3.0, 7.0, 7.0, 2.0, 7.0, 15.0, 22.0, 13.0, 15.0, 51.0, 24.0, 2.0, 12.0, 11.0, 10.0, 26.0, 18.0, 3.0, 8.0, 43.0, 27.0, 16.0, 76.0, 1.0, 5.0, 20.0, 34.0, 2.0, 20.0, 45.0, 10.0, 22.0, 2.0, 4.0, 1.0, 25.0, 25.0, 13.0, 15.0, 24.0, 5.0, 11.0, 13.0, 4.0, 7.0, 34.0, 17.0, 1.0, 11.0, 1.0, 15.0, 4.0, 41.0, 22.0, 1.0, 19.0, 4.0, 7.0, 16.0, 11.0, 7.0, 15.0, 1.0, 19.0, 10.0, 1.0, 5.0, 7.0, 21.0, 89.0, 56.0, 5.0, 13.0, 1.0, 18.0, 18.0, 13.0, 8.0, 2.0, 1.0, 11.0, 10.0, 1.0, 25.0, 10.0, 1.0, 38.0, 38.0, 1.0, 1.0, 7.0, 19.0, 16.0, 7.0, 1.0, 8.0, 83.0, 27.0, 16.0, 11.0, 33.0, 1.0, 2.0, 12.0, 1.0, 15.0, 1.0, 14.0, 23.0, 20.0, 9.0, 8.0, 8.0, 6.0, 28.0, 10.0, 5.0, 11.0, 11.0, 8.0, 15.0, 18.0, 11.0, 4.0, 25.0, 29.0, 22.0, 5.0, 10.0, 1.0, 1.0, 28.0, 3.0, 7.0, 25.0, 2.0, 7.0, 7.0, 1.0, 1.0, 28.0, 2.0, 15.0, 1.0, 1.0, 19.0, 4.0, 10.0, 1.0, 13.0, 1.0, 9.0, 2.0, 12.0, 18.0, 12.0, 1.0, 1.0, 23.0, 15.0, 25.0, 8.0, 3.0, 1.0, 1.0, 70.0, 2.0, 7.0, 2.0, 1.0, 1.0, 1.0, 1.0, 37.0, 1.0, 1.0, 20.0, 8.0, 40.0, 25.0, 1.0, 2.0, 16.0, 7.0, 1.0, 11.0, 1.0, 22.0, 37.0, 11.0, 20.0, 26.0, 10.0, 44.0, 11.0, 97.0, 13.0, 1.0, 7.0, 1.0, 26.0, 1.0, 1.0, 1.0, 8.0, 18.0, 12.0, 25.0, 21.0, 12.0, 37.0, 14.0, 7.0, 1.0, 1.0, 35.0, 27.0, 2.0, 9.0, 1.0, 10.0, 7.0, 7.0, 1.0, 7.0, 13.0, 7.0, 17.0, 7.0, 7.0, 7.0, 1.0, 1.0, 7.0, 19.0, 14.0, 1.0, 5.0, 15.0, 8.0, 11.0, 1.0, 1.0, 12.0, 1.0, 28.0, 13.0, 37.0, 17.0, 6.0, 7.0, 21.0, 9.0, 11.0, 15.0, 32.0, 27.0, 7.0, 1.0, 6.0, 29.0, 17.0, 1.0, 15.0, 2.0, 14.0, 5.0, 1.0, 5.0, 16.0, 2.0, 7.0, 11.0, 1.0, 1.0, 6.0, 1.0, 1.0, 34.0, 13.0, 1.0, 25.0, 1.0, 1.0, 1.0, 1.0, 7.0, 23.0, 1.0, 1.0, 7.0, 1.0, 7.0, 7.0, 15.0, 28.0, 1.0, 36.0, 18.0, 1.0, 12.0, 12.0, 41.0, 1.0, 8.0, 8.0, 1.0, 17.0, 1.0, 1.0, 6.0, 2.0, 51.0, 1.0, 1.0, 18.0, 9.0, 31.0, 17.0, 41.0, 1.0, 7.0, 1.0, 1.0, 8.0, 30.0, 15.0, 11.0, 1.0, 11.0, 1.0, 35.0, 1.0, 5.0, 11.0, 1.0, 9.0, 1.0, 1.0, 1.0, 20.0, 1.0, 25.0, 16.0, 12.0, 12.0, 15.0, 7.0, 11.0, 6.0, 15.0, 12.0, 14.0, 28.0, 46.0, 1.0, 36.0, 1.0, 24.0, 2.0, 8.0, 1.0, 1.0, 35.0, 11.0, 18.0, 28.0, 18.0, 11.0, 1.0, 13.0, 19.0, 16.0, 25.0, 1.0, 43.0, 9.0, 1.0, 1.0, 8.0, 11.0, 8.0, 16.0, 4.0, 1.0, 45.0, 9.0, 8.0, 1.0, 1.0, 12.0, 14.0, 8.0, 36.0, 22.0, 11.0, 38.0, 15.0, 43.0, 10.0, 1.0, 19.0, 4.0, 7.0, 13.0, 7.0, 4.0, 9.0, 18.0, 19.0, 6.0, 14.0, 1.0, 15.0, 29.0, 7.0, 54.0, 20.0, 14.0, 3.0, 7.0, 12.0, 9.0, 18.0, 8.0, 7.0, 46.0, 1.0, 11.0, 3.0, 11.0, 4.0, 8.0, 1.0, 1.0, 17.0, 31.0, 11.0, 33.0, 26.0, 8.0, 1.0, 20.0, 36.0, 1.0, 4.0, 1.0, 11.0, 25.0, 14.0, 22.0, 9.0, 90.0, 8.0, 1.0, 7.0, 17.0, 3.0, 7.0, 32.0] 

total times
 [6.0, 10.0, 11.0, 1.0, 15.0, 15.0, 17.0, 16.0, 48.0, 1.0, 9.0, 12.0, 46.0, 4.0, 35.0, 1.0, 14.0, 23.0, 22.0, 13.0, 26.0, 1.0, 1.0, 6.0, 6.0, 13.0, 1.0, 8.0, 15.0, 13.0, 8.0, 9.0, 7.0, 3.0, 36.0, 46.0, 24.0, 16.0, 25.0, 13.0, 50.0, 9.0, 4.0, 7.0, 16.0, 12.0, 14.0, 14.0, 5.0, 35.0, 1.0, 1.0, 2.0, 14.0, 20.0, 66.0, 8.0, 12.0, 7.0, 17.0, 11.0, 25.0, 10.0, 7.0, 1.0, 12.0, 4.0, 6.0, 32.0, 46.0, 2.0, 40.0, 21.0, 15.0, 40.0, 19.0, 10.0, 11.0, 8.0, 12.0, 6.0, 1.0, 8.0, 41.0, 26.0, 39.0, 22.0, 22.0, 6.0, 22.0, 3.0, 5.0, 7.0, 4.0, 29.0, 18.0, 13.0, 4.0, 1.0, 8.0, 6.0, 10.0, 10.0, 11.0, 3.0, 9.0, 17.0, 12.0, 16.0, 1.0, 7.0, 8.0, 16.0, 10.0, 36.0, 1.0, 6.0, 6.0, 10.0, 3.0, 14.0, 16.0, 8.0, 14.0, 7.0, 2.0, 11.0, 39.0, 16.0, 5.0, 4.0, 47.0, 7.0, 18.0, 37.0, 5.0, 20.0, 13.0, 4.0, 18.0, 14.0, 14.0, 4.0, 65.0, 11.0, 17.0, 16.0, 11.0, 17.0, 2.0, 1.0, 35.0, 36.0, 18.0, 12.0, 14.0, 7.0, 19.0, 25.0, 10.0, 6.0, 7.0, 2.0, 17.0, 59.0, 18.0, 1.0, 36.0, 106.0, 20.0, 27.0, 13.0, 16.0, 1.0, 1.0, 75.0, 12.0, 15.0, 16.0, 7.0, 1.0, 4.0, 52.0, 16.0, 6.0, 48.0, 5.0, 19.0, 39.0, 21.0, 10.0, 1.0, 9.0, 25.0, 1.0, 10.0, 6.0, 12.0, 11.0, 10.0, 7.0, 22.0, 4.0, 5.0, 28.0, 4.0, 30.0, 9.0, 3.0, 12.0, 12.0, 2.0, 9.0, 6.0, 11.0, 16.0, 6.0, 5.0, 15.0, 9.0, 25.0, 8.0, 13.0, 1.0, 5.0, 5.0, 1.0, 5.0, 27.0, 32.0, 17.0, 11.0, 7.0, 12.0, 10.0, 54.0, 11.0, 9.0, 10.0, 40.0, 10.0, 7.0, 9.0, 1.0, 4.0, 8.0, 8.0, 1.0, 7.0, 13.0, 15.0, 31.0, 2.0, 16.0, 7.0, 3.0, 11.0, 19.0, 36.0, 9.0, 1.0, 11.0, 8.0, 11.0, 1.0, 22.0, 28.0, 9.0, 9.0, 18.0, 9.0, 1.0, 9.0, 22.0, 13.0, 10.0, 1.0, 1.0, 3.0, 26.0, 52.0, 14.0, 56.0, 26.0, 11.0, 11.0, 11.0, 17.0, 9.0, 28.0, 10.0, 6.0, 5.0, 9.0, 35.0, 27.0, 11.0, 13.0, 10.0, 10.0, 1.0, 22.0, 30.0, 4.0, 52.0, 6.0, 31.0, 10.0, 25.0, 17.0, 27.0, 15.0, 4.0, 45.0, 2.0, 4.0, 61.0, 1.0, 45.0, 3.0, 5.0, 19.0, 1.0, 22.0, 14.0, 1.0, 16.0, 2.0, 13.0, 8.0, 13.0, 30.0, 3.0, 26.0, 28.0, 11.0, 1.0, 59.0, 7.0, 1.0, 47.0, 54.0, 11.0, 8.0, 9.0, 11.0, 6.0, 6.0, 1.0, 2.0, 6.0, 2.0, 34.0, 3.0, 40.0, 16.0, 1.0, 8.0, 1.0, 10.0, 1.0, 12.0, 19.0, 9.0, 9.0, 17.0, 17.0, 13.0, 1.0, 28.0, 6.0, 11.0, 8.0, 16.0, 11.0, 13.0, 5.0, 8.0, 47.0, 61.0, 1.0, 56.0, 2.0, 4.0, 12.0, 11.0, 18.0, 23.0, 7.0, 5.0, 7.0, 1.0, 1.0, 13.0, 3.0, 37.0, 26.0, 13.0, 10.0, 7.0, 1.0, 10.0, 10.0, 19.0, 7.0, 20.0, 3.0, 1.0, 32.0, 12.0, 1.0, 9.0, 14.0, 10.0, 11.0, 11.0, 11.0, 23.0, 8.0, 26.0, 15.0, 13.0, 12.0, 18.0, 17.0, 18.0, 14.0, 3.0, 11.0, 43.0, 9.0, 9.0, 8.0, 8.0, 14.0, 11.0, 6.0, 25.0, 11.0, 34.0, 2.0, 14.0, 49.0, 10.0, 31.0, 5.0, 7.0, 20.0, 57.0, 44.0, 35.0, 13.0, 11.0, 11.0, 6.0, 1.0, 41.0, 24.0, 9.0, 1.0, 12.0, 21.0, 1.0, 19.0, 20.0, 12.0, 1.0, 30.0, 9.0, 40.0, 19.0, 9.0, 8.0, 19.0, 27.0, 1.0, 23.0, 30.0, 4.0, 1.0, 1.0, 12.0, 24.0, 7.0, 30.0, 10.0, 30.0, 25.0, 11.0, 11.0, 1.0, 7.0, 79.0, 9.0, 11.0, 5.0, 2.0, 11.0, 1.0, 6.0, 27.0, 4.0, 5.0, 4.0, 2.0, 11.0, 29.0, 7.0, 4.0, 4.0, 16.0, 1.0, 22.0, 1.0, 16.0, 6.0, 77.0, 19.0, 39.0, 20.0, 36.0, 45.0, 5.0, 17.0, 4.0, 18.0, 9.0, 13.0, 14.0, 8.0, 8.0, 14.0, 14.0, 5.0, 13.0, 29.0, 10.0, 22.0, 7.0, 22.0, 17.0, 10.0, 6.0, 79.0, 10.0, 1.0, 11.0, 7.0, 20.0, 15.0, 3.0, 74.0, 22.0, 1.0, 21.0, 20.0, 5.0, 52.0, 1.0, 9.0, 24.0, 5.0, 1.0, 13.0, 39.0, 7.0, 14.0, 22.0, 9.0, 12.0, 1.0, 17.0, 9.0, 5.0, 1.0, 15.0, 8.0, 26.0, 10.0, 6.0, 1.0, 23.0, 10.0, 26.0, 10.0, 24.0, 15.0, 1.0, 24.0, 16.0, 15.0, 21.0, 18.0, 19.0, 10.0, 20.0, 10.0, 6.0, 11.0, 48.0, 21.0, 10.0, 4.0, 1.0, 22.0, 4.0, 11.0, 27.0, 14.0, 23.0, 40.0, 29.0, 8.0, 13.0, 24.0, 48.0, 26.0, 15.0, 18.0, 8.0, 1.0, 10.0, 1.0, 11.0, 4.0, 24.0, 37.0, 7.0, 12.0, 25.0, 10.0, 35.0, 1.0, 9.0, 20.0, 42.0, 9.0, 9.0, 30.0, 7.0, 45.0, 4.0, 14.0, 20.0, 29.0, 1.0, 23.0, 13.0, 10.0, 8.0, 1.0, 3.0, 31.0, 45.0, 10.0, 3.0, 51.0, 18.0, 11.0, 22.0, 44.0, 10.0, 4.0, 1.0, 10.0, 10.0, 17.0, 5.0, 8.0, 17.0, 24.0, 1.0, 9.0, 11.0, 10.0, 8.0, 20.0, 57.0, 2.0, 29.0, 11.0, 15.0, 10.0, 16.0, 17.0, 12.0, 51.0, 24.0, 27.0, 9.0, 38.0, 10.0, 12.0, 41.0, 23.0, 18.0, 13.0, 17.0, 12.0, 11.0, 32.0, 11.0, 43.0, 1.0, 20.0, 1.0, 1.0, 7.0, 19.0, 25.0, 12.0, 10.0, 1.0, 3.0, 4.0, 3.0, 2.0, 5.0, 17.0, 12.0, 4.0, 17.0, 8.0, 10.0, 2.0, 8.0, 26.0, 11.0, 23.0, 12.0, 55.0, 17.0, 8.0, 12.0, 2.0, 13.0, 4.0, 17.0, 1.0, 15.0, 2.0, 19.0, 1.0, 16.0, 13.0, 9.0, 16.0, 32.0, 22.0, 19.0, 5.0, 2.0, 10.0, 3.0, 28.0, 3.0, 11.0, 9.0, 7.0, 2.0, 17.0, 8.0, 20.0, 13.0, 11.0, 3.0, 28.0, 25.0, 3.0, 3.0, 16.0, 2.0, 20.0, 4.0, 16.0, 1.0, 13.0, 78.0, 3.0, 22.0, 4.0, 29.0, 17.0, 12.0, 25.0, 3.0, 1.0, 15.0, 14.0, 7.0, 6.0, 4.0, 18.0, 7.0, 1.0, 31.0, 19.0, 11.0, 1.0, 7.0, 4.0, 1.0, 12.0, 1.0, 12.0, 33.0, 3.0, 18.0, 22.0, 1.0, 10.0, 14.0, 12.0, 8.0, 25.0, 6.0, 56.0, 15.0, 7.0, 16.0, 12.0, 7.0, 4.0, 3.0, 22.0, 12.0, 24.0, 21.0, 5.0, 8.0, 44.0, 11.0, 9.0, 14.0, 8.0, 12.0, 6.0, 1.0, 11.0, 7.0, 5.0, 12.0, 1.0, 5.0, 4.0, 12.0, 3.0, 34.0, 6.0, 26.0, 1.0, 8.0, 25.0, 15.0, 9.0, 2.0, 3.0, 4.0, 16.0, 24.0, 37.0, 23.0, 22.0, 23.0, 33.0, 8.0, 32.0, 12.0, 6.0, 4.0, 16.0, 9.0, 18.0, 42.0, 5.0, 1.0, 34.0, 12.0, 15.0, 14.0, 5.0, 42.0, 11.0, 14.0, 2.0, 6.0, 1.0, 16.0, 28.0, 8.0, 9.0, 1.0, 1.0, 23.0, 7.0, 44.0, 9.0, 13.0, 1.0, 2.0, 21.0, 27.0, 13.0, 15.0, 24.0, 15.0, 33.0, 16.0, 13.0, 5.0, 12.0, 10.0, 16.0, 12.0, 4.0, 14.0, 14.0, 3.0, 9.0, 17.0, 4.0, 7.0, 49.0, 7.0, 9.0, 23.0, 23.0, 13.0, 9.0, 1.0, 11.0, 21.0, 50.0, 5.0, 5.0, 17.0, 4.0, 12.0, 11.0, 22.0, 18.0, 29.0, 26.0, 29.0, 5.0, 9.0, 15.0, 21.0, 9.0, 1.0, 6.0, 14.0, 83.0, 1.0, 25.0, 36.0, 2.0, 1.0, 20.0, 66.0, 12.0, 21.0, 3.0, 8.0, 9.0, 14.0, 12.0, 13.0, 8.0, 5.0, 9.0, 3.0, 1.0, 9.0, 45.0, 31.0, 14.0, 58.0, 26.0, 9.0, 27.0, 24.0, 10.0, 25.0, 13.0, 10.0, 11.0, 31.0, 3.0, 17.0, 9.0, 1.0, 15.0, 7.0, 4.0, 23.0, 44.0, 21.0, 6.0, 80.0, 15.0, 2.0, 32.0, 16.0, 13.0, 11.0, 12.0, 14.0, 14.0, 20.0, 21.0, 4.0, 10.0, 15.0, 59.0, 6.0, 10.0, 3.0, 34.0, 5.0, 25.0, 13.0, 16.0, 2.0, 7.0, 11.0, 14.0, 11.0, 23.0, 11.0, 41.0, 18.0, 1.0, 14.0, 9.0, 1.0, 8.0, 26.0, 27.0, 10.0, 5.0, 1.0, 1.0, 22.0, 1.0, 32.0, 6.0, 22.0, 1.0, 12.0, 19.0, 2.0, 1.0, 13.0, 8.0, 1.0, 8.0, 1.0, 2.0, 2.0, 21.0, 11.0, 3.0, 10.0, 12.0, 1.0, 11.0, 9.0, 12.0, 9.0, 10.0, 10.0, 16.0, 15.0, 23.0, 7.0, 7.0, 37.0, 5.0, 23.0, 9.0, 32.0, 1.0, 7.0, 9.0, 11.0, 16.0, 3.0, 47.0, 10.0, 4.0, 1.0, 16.0, 7.0, 48.0, 25.0, 2.0, 5.0, 10.0, 28.0, 10.0, 16.0, 3.0, 5.0, 6.0, 7.0, 55.0, 30.0, 1.0, 25.0, 11.0, 8.0, 2.0, 23.0, 20.0, 31.0, 8.0, 7.0, 48.0, 52.0, 15.0, 7.0, 5.0, 10.0, 3.0, 45.0, 7.0, 17.0, 4.0, 69.0, 13.0, 15.0, 19.0, 10.0, 4.0, 13.0, 18.0, 5.0, 49.0, 13.0, 24.0, 14.0, 20.0, 40.0, 3.0, 5.0, 37.0, 14.0, 38.0, 19.0, 23.0, 3.0, 42.0, 10.0, 5.0, 6.0, 6.0, 3.0, 12.0, 14.0, 29.0, 9.0, 27.0, 8.0, 30.0, 3.0, 17.0, 15.0, 97.0, 9.0, 18.0, 18.0, 20.0, 8.0, 24.0, 8.0, 24.0, 8.0, 20.0, 11.0, 34.0, 33.0, 7.0, 5.0, 12.0, 22.0, 22.0, 18.0, 24.0, 22.0, 46.0, 8.0, 32.0, 8.0, 16.0, 2.0, 19.0, 12.0, 55.0, 32.0, 15.0, 9.0, 15.0, 32.0, 13.0, 12.0, 10.0, 17.0, 16.0, 21.0, 1.0, 12.0, 40.0, 23.0, 15.0, 12.0, 42.0, 36.0, 8.0, 8.0, 7.0, 6.0, 11.0, 26.0, 27.0, 48.0, 3.0, 2.0, 11.0, 9.0, 39.0, 7.0, 1.0, 4.0, 28.0, 25.0, 14.0, 20.0, 20.0, 75.0, 13.0, 1.0, 32.0, 11.0, 2.0, 7.0, 28.0, 5.0, 10.0, 25.0, 20.0, 11.0, 33.0, 25.0, 31.0, 16.0, 16.0, 48.0, 74.0, 17.0, 10.0, 25.0, 3.0, 51.0, 27.0, 50.0, 22.0, 20.0, 4.0, 12.0, 24.0, 13.0, 46.0, 12.0, 12.0, 7.0, 14.0, 28.0, 13.0, 13.0, 20.0, 13.0, 1.0, 1.0, 1.0, 6.0, 30.0, 11.0, 27.0, 12.0, 14.0, 19.0, 15.0, 14.0, 36.0, 12.0, 16.0, 1.0, 27.0, 2.0, 29.0, 13.0, 23.0, 8.0, 3.0, 29.0, 21.0, 5.0, 2.0, 6.0, 5.0, 7.0, 22.0, 3.0, 3.0, 3.0, 60.0, 1.0, 46.0, 1.0, 17.0, 8.0, 18.0, 11.0, 7.0, 61.0, 5.0, 21.0, 13.0, 43.0, 58.0, 51.0, 1.0, 11.0, 30.0, 41.0, 28.0, 39.0, 11.0, 8.0, 7.0, 4.0, 10.0, 10.0, 9.0, 12.0, 18.0, 1.0, 57.0, 29.0, 32.0, 6.0, 21.0, 15.0, 22.0, 7.0, 27.0, 5.0, 7.0, 35.0, 1.0, 12.0, 35.0, 4.0, 34.0, 38.0, 25.0, 5.0, 10.0, 13.0, 6.0, 20.0, 11.0, 56.0, 11.0, 7.0, 43.0, 10.0, 21.0, 1.0, 5.0, 36.0, 17.0, 14.0, 15.0, 14.0, 40.0, 8.0, 10.0, 8.0, 24.0, 1.0, 23.0, 48.0, 42.0, 23.0, 8.0, 17.0, 59.0, 7.0, 36.0, 10.0, 26.0, 23.0, 32.0, 4.0, 13.0, 32.0, 9.0, 31.0, 11.0, 12.0, 26.0, 12.0, 30.0, 112.0, 34.0, 1.0, 34.0, 6.0, 27.0, 8.0, 12.0, 28.0, 39.0, 20.0, 15.0, 12.0, 6.0, 17.0, 11.0, 7.0, 5.0, 62.0, 27.0, 69.0, 98.0, 41.0, 6.0, 12.0, 14.0, 3.0, 6.0, 7.0, 2.0, 8.0, 13.0, 31.0, 21.0, 37.0, 2.0, 51.0, 26.0, 8.0, 12.0, 29.0, 21.0, 9.0, 17.0, 39.0, 7.0, 8.0, 10.0, 6.0, 7.0, 12.0, 11.0, 14.0, 12.0, 14.0, 57.0, 21.0, 9.0, 6.0, 15.0, 2.0, 1.0, 1.0, 5.0, 15.0, 19.0, 4.0, 2.0, 3.0, 7.0, 23.0, 26.0, 36.0, 11.0, 12.0, 6.0, 62.0, 1.0, 15.0, 21.0, 16.0, 7.0, 11.0, 30.0, 9.0, 16.0, 6.0, 8.0, 19.0, 4.0, 4.0, 4.0, 16.0, 6.0, 2.0, 34.0, 41.0, 9.0, 10.0, 3.0, 1.0, 11.0, 24.0, 13.0, 22.0, 7.0, 13.0, 30.0, 8.0, 8.0, 4.0, 8.0, 15.0, 8.0, 2.0, 42.0, 43.0, 66.0, 8.0, 22.0, 4.0, 1.0, 6.0, 1.0, 1.0, 5.0, 55.0, 12.0, 27.0, 17.0, 10.0, 10.0, 10.0, 24.0, 6.0, 9.0, 8.0, 9.0, 1.0, 56.0, 10.0, 22.0, 27.0, 1.0, 20.0, 8.0, 36.0, 2.0, 8.0, 5.0, 15.0, 64.0, 13.0, 25.0, 36.0, 36.0, 6.0, 8.0, 1.0, 13.0, 29.0, 41.0, 10.0, 1.0, 40.0, 18.0, 13.0, 15.0, 15.0, 7.0, 13.0, 16.0, 12.0, 21.0, 11.0, 1.0, 12.0, 1.0, 6.0, 23.0, 6.0, 3.0, 1.0, 13.0, 2.0, 36.0, 42.0, 9.0, 7.0, 33.0, 33.0, 4.0, 1.0, 22.0, 20.0, 26.0, 18.0, 11.0, 13.0, 6.0, 3.0, 26.0, 7.0, 1.0, 37.0, 6.0, 27.0, 11.0, 14.0, 8.0, 9.0, 8.0, 12.0, 15.0, 31.0, 9.0, 33.0, 7.0, 7.0, 12.0, 8.0, 11.0, 21.0, 8.0, 11.0, 12.0, 12.0, 3.0, 22.0, 1.0, 65.0, 10.0, 1.0, 25.0, 17.0, 8.0, 12.0, 9.0, 6.0, 18.0, 10.0, 5.0, 2.0, 48.0, 39.0, 10.0, 7.0, 1.0, 29.0, 19.0, 11.0, 3.0, 20.0, 12.0, 22.0, 17.0, 16.0, 10.0, 10.0, 30.0, 9.0, 34.0, 8.0, 13.0, 29.0, 41.0, 18.0, 3.0, 6.0, 1.0, 2.0, 36.0, 4.0, 15.0, 7.0, 6.0, 8.0, 2.0, 42.0, 16.0, 3.0, 10.0, 9.0, 12.0, 13.0, 1.0, 9.0, 1.0, 47.0, 7.0, 51.0, 26.0, 15.0, 1.0, 34.0, 1.0, 21.0, 2.0, 8.0, 4.0, 3.0, 17.0, 22.0, 5.0, 1.0, 8.0, 3.0, 13.0, 5.0, 20.0, 16.0, 12.0, 7.0, 7.0, 9.0, 1.0, 9.0, 20.0, 7.0, 9.0, 9.0, 47.0, 20.0, 24.0, 6.0, 9.0, 6.0, 1.0, 16.0, 10.0, 9.0, 20.0, 19.0, 9.0, 4.0, 19.0, 7.0, 4.0, 40.0, 3.0, 7.0, 7.0, 9.0, 3.0, 22.0, 7.0, 24.0, 6.0, 3.0, 1.0, 7.0, 35.0, 15.0, 8.0, 31.0, 77.0, 15.0, 12.0, 32.0, 13.0, 22.0, 3.0, 42.0, 5.0, 59.0, 24.0, 6.0, 12.0, 12.0, 3.0, 9.0, 13.0, 12.0, 24.0, 12.0, 32.0, 2.0, 11.0, 9.0, 18.0, 10.0, 46.0, 32.0, 2.0, 18.0, 25.0, 94.0, 8.0, 8.0, 22.0, 73.0, 1.0, 27.0, 16.0, 11.0, 10.0, 76.0, 1.0, 20.0, 13.0, 1.0, 5.0, 51.0, 23.0, 30.0, 15.0, 68.0, 21.0, 27.0, 45.0, 4.0, 2.0, 14.0, 14.0, 22.0, 17.0, 2.0, 14.0, 12.0, 3.0, 1.0, 34.0, 25.0, 6.0, 10.0, 9.0, 13.0, 27.0, 15.0, 20.0, 2.0, 52.0, 12.0, 34.0, 24.0, 14.0, 4.0, 12.0, 1.0, 3.0, 38.0, 49.0, 15.0, 11.0, 13.0, 7.0, 11.0, 2.0, 6.0, 8.0, 4.0, 11.0, 7.0, 34.0, 7.0, 20.0, 1.0, 11.0, 11.0, 1.0, 1.0, 107.0, 6.0, 15.0, 4.0, 50.0, 9.0, 9.0, 10.0, 30.0, 1.0, 1.0, 67.0, 1.0, 34.0, 11.0, 19.0, 4.0, 1.0, 3.0, 27.0, 29.0, 3.0, 4.0, 33.0, 113.0, 49.0, 7.0, 16.0, 14.0, 20.0, 18.0, 7.0, 15.0, 7.0, 19.0, 16.0, 19.0, 12.0, 10.0, 1.0, 5.0, 4.0, 7.0, 8.0, 4.0, 1.0, 21.0, 16.0, 89.0, 56.0, 13.0, 5.0, 13.0, 1.0, 3.0, 10.0, 16.0, 18.0, 8.0, 11.0, 10.0, 21.0, 11.0, 5.0, 23.0, 7.0, 14.0, 3.0, 26.0, 53.0, 15.0, 1.0, 8.0, 2.0, 23.0, 1.0, 16.0, 21.0, 17.0, 11.0, 18.0, 1.0, 10.0, 40.0, 9.0, 2.0, 10.0, 25.0, 10.0, 23.0, 1.0, 38.0, 16.0, 25.0, 11.0, 73.0, 1.0, 1.0, 3.0, 70.0, 14.0, 4.0, 8.0, 44.0, 7.0, 11.0, 26.0, 16.0, 7.0, 1.0, 8.0, 10.0, 83.0, 27.0, 8.0, 34.0, 9.0, 6.0, 7.0, 1.0, 20.0, 16.0, 2.0, 77.0, 11.0, 6.0, 3.0, 42.0, 49.0, 13.0, 1.0, 21.0, 20.0, 1.0, 5.0, 28.0, 71.0, 1.0, 15.0, 10.0, 14.0, 11.0, 21.0, 5.0, 48.0, 26.0, 29.0, 9.0, 12.0, 31.0, 20.0, 9.0, 8.0, 8.0, 6.0, 4.0, 16.0, 28.0, 2.0, 7.0, 28.0, 16.0, 10.0, 5.0, 11.0, 52.0, 39.0, 20.0, 2.0, 11.0, 20.0, 8.0, 15.0, 47.0, 22.0, 6.0, 21.0, 10.0, 3.0, 14.0, 23.0, 9.0, 11.0, 12.0, 37.0, 6.0, 9.0, 2.0, 13.0, 42.0, 29.0, 10.0, 12.0, 6.0, 4.0, 30.0, 5.0, 13.0, 1.0, 33.0, 12.0, 9.0, 7.0, 2.0, 33.0, 17.0, 4.0, 59.0, 37.0, 13.0, 3.0, 7.0, 21.0, 44.0, 8.0, 9.0, 2.0, 7.0, 8.0, 19.0, 7.0, 15.0, 52.0, 5.0, 13.0, 8.0, 28.0, 2.0, 18.0, 9.0, 9.0, 2.0, 15.0, 1.0, 15.0, 16.0, 4.0, 19.0, 13.0, 14.0, 13.0, 21.0, 6.0, 19.0, 11.0, 4.0, 20.0, 10.0, 17.0, 1.0, 10.0, 28.0, 46.0, 41.0, 1.0, 28.0, 35.0, 15.0, 2.0, 16.0, 48.0, 33.0, 12.0, 14.0, 1.0, 1.0, 8.0, 23.0, 15.0, 22.0, 24.0, 4.0, 8.0, 25.0, 7.0, 5.0, 13.0, 5.0, 23.0, 6.0, 7.0, 8.0, 4.0, 8.0, 16.0, 15.0, 10.0, 15.0, 37.0, 3.0, 11.0, 5.0, 1.0, 1.0, 9.0, 70.0, 2.0, 7.0, 2.0, 4.0, 5.0, 1.0, 9.0, 5.0, 9.0, 7.0, 63.0, 5.0, 1.0, 22.0, 1.0, 2.0, 4.0, 13.0, 31.0, 18.0, 12.0, 6.0, 9.0, 37.0, 22.0, 1.0, 1.0, 20.0, 2.0, 7.0, 52.0, 2.0, 8.0, 40.0, 13.0, 25.0, 3.0, 13.0, 1.0, 11.0, 16.0, 3.0, 25.0, 5.0, 7.0, 1.0, 11.0, 27.0, 11.0, 5.0, 10.0, 11.0, 1.0, 38.0, 41.0, 11.0, 20.0, 15.0, 30.0, 42.0, 26.0, 30.0, 3.0, 10.0, 44.0, 11.0, 97.0, 19.0, 26.0, 13.0, 4.0, 1.0, 7.0, 9.0, 14.0, 83.0, 24.0, 1.0, 1.0, 1.0, 7.0, 17.0, 18.0, 12.0, 8.0, 25.0, 29.0, 8.0, 16.0, 7.0, 6.0, 65.0, 5.0, 12.0, 47.0, 21.0, 18.0, 5.0, 7.0, 8.0, 1.0, 1.0, 12.0, 16.0, 35.0, 10.0, 27.0, 2.0, 15.0, 9.0, 6.0, 24.0, 23.0, 1.0, 10.0, 7.0, 31.0, 12.0, 7.0, 6.0, 2.0, 22.0, 1.0, 13.0, 23.0, 8.0, 16.0, 50.0, 13.0, 7.0, 17.0, 7.0, 7.0, 6.0, 7.0, 28.0, 1.0, 5.0, 7.0, 15.0, 27.0, 6.0, 1.0, 15.0, 29.0, 9.0, 14.0, 13.0, 6.0, 32.0, 7.0, 1.0, 4.0, 5.0, 5.0, 35.0, 13.0, 18.0, 26.0, 8.0, 11.0, 32.0, 3.0, 10.0, 36.0, 10.0, 1.0, 17.0, 18.0, 20.0, 1.0, 15.0, 7.0, 6.0, 24.0, 8.0, 28.0, 9.0, 38.0, 20.0, 28.0, 10.0, 15.0, 20.0, 13.0, 37.0, 27.0, 6.0, 7.0, 14.0, 21.0, 8.0, 9.0, 14.0, 11.0, 15.0, 39.0, 5.0, 35.0, 27.0, 35.0, 7.0, 2.0, 14.0, 12.0, 7.0, 5.0, 1.0, 13.0, 6.0, 42.0, 17.0, 19.0, 34.0, 1.0, 11.0, 7.0, 15.0, 3.0, 6.0, 6.0, 5.0, 8.0, 8.0, 14.0, 5.0, 13.0, 9.0, 5.0, 1.0, 2.0, 13.0, 31.0, 3.0, 25.0, 2.0, 13.0, 10.0, 7.0, 75.0, 18.0, 2.0, 14.0, 11.0, 11.0, 1.0, 2.0, 1.0, 16.0, 1.0, 16.0, 6.0, 1.0, 1.0, 34.0, 20.0, 9.0, 8.0, 13.0, 1.0, 2.0, 25.0, 10.0, 12.0, 1.0, 1.0, 14.0, 1.0, 7.0, 11.0, 39.0, 1.0, 10.0, 5.0, 10.0, 10.0, 7.0, 22.0, 9.0, 23.0, 4.0, 14.0, 20.0, 3.0, 3.0, 20.0, 3.0, 10.0, 13.0, 3.0, 24.0, 1.0, 1.0, 7.0, 1.0, 14.0, 5.0, 24.0, 7.0, 7.0, 26.0, 11.0, 9.0, 52.0, 5.0, 15.0, 17.0, 28.0, 2.0, 13.0, 11.0, 25.0, 6.0, 46.0, 1.0, 5.0, 10.0, 20.0, 4.0, 38.0, 5.0, 44.0, 2.0, 18.0, 1.0, 77.0, 9.0, 7.0, 12.0, 135.0, 26.0, 1.0, 20.0, 8.0, 34.0, 8.0, 2.0, 30.0, 1.0, 8.0, 19.0, 25.0, 10.0, 13.0, 1.0, 1.0, 50.0, 24.0, 11.0, 51.0, 1.0, 13.0, 23.0, 5.0, 9.0, 18.0, 13.0, 9.0, 39.0, 17.0, 41.0, 1.0, 7.0, 1.0, 6.0, 1.0, 1.0, 8.0, 13.0, 30.0, 10.0, 22.0, 7.0, 16.0, 5.0, 10.0, 17.0, 21.0, 9.0, 15.0, 20.0, 11.0, 7.0, 2.0, 4.0, 9.0, 12.0, 12.0, 2.0, 10.0, 27.0, 19.0, 14.0, 1.0, 16.0, 11.0, 1.0, 3.0, 35.0, 5.0, 1.0, 5.0, 17.0, 25.0, 14.0, 9.0, 4.0, 10.0, 1.0, 3.0, 3.0, 11.0, 16.0, 1.0, 2.0, 5.0, 1.0, 1.0, 20.0, 3.0, 15.0, 1.0, 21.0, 15.0, 5.0, 10.0, 4.0, 10.0, 33.0, 4.0, 8.0, 16.0, 22.0, 21.0, 8.0, 56.0, 3.0, 2.0, 12.0, 11.0, 55.0, 1.0, 11.0, 27.0, 7.0, 8.0, 30.0, 38.0, 11.0, 11.0, 1.0, 6.0, 18.0, 16.0, 4.0, 12.0, 1.0, 13.0, 11.0, 37.0, 28.0, 5.0, 1.0, 15.0, 71.0, 28.0, 4.0, 16.0, 7.0, 17.0, 46.0, 4.0, 4.0, 2.0, 14.0, 1.0, 1.0, 38.0, 12.0, 9.0, 29.0, 37.0, 10.0, 17.0, 17.0, 1.0, 24.0, 63.0, 48.0, 42.0, 1.0, 17.0, 6.0, 4.0, 36.0, 17.0, 1.0, 8.0, 35.0, 11.0, 18.0, 19.0, 35.0, 28.0, 4.0, 13.0, 30.0, 9.0, 18.0, 2.0, 103.0, 11.0, 1.0, 13.0, 17.0, 46.0, 8.0, 17.0, 15.0, 6.0, 27.0, 16.0, 25.0, 1.0, 11.0, 9.0, 32.0, 26.0, 33.0, 43.0, 9.0, 1.0, 15.0, 1.0, 8.0, 5.0, 8.0, 6.0, 2.0, 10.0, 23.0, 2.0, 17.0, 28.0, 14.0, 9.0, 19.0, 16.0, 10.0, 22.0, 5.0, 26.0, 1.0, 45.0, 10.0, 8.0, 29.0, 15.0, 16.0, 8.0, 28.0, 2.0, 14.0, 12.0, 12.0, 1.0, 34.0, 10.0, 1.0, 12.0, 14.0, 6.0, 9.0, 18.0, 8.0, 44.0, 49.0, 11.0, 40.0, 12.0, 15.0, 11.0, 6.0, 21.0, 34.0, 10.0, 21.0, 5.0, 75.0, 10.0, 1.0, 14.0, 4.0, 34.0, 4.0, 4.0, 14.0, 21.0, 7.0, 24.0, 14.0, 9.0, 1.0, 9.0, 45.0, 58.0, 27.0, 20.0, 7.0, 11.0, 26.0, 8.0, 13.0, 44.0, 21.0, 4.0, 13.0, 18.0, 9.0, 14.0, 1.0, 33.0, 27.0, 12.0, 6.0, 1.0, 21.0, 17.0, 9.0, 1.0, 11.0, 13.0, 20.0, 22.0, 44.0, 6.0, 17.0, 7.0, 23.0, 8.0, 15.0, 22.0, 71.0, 9.0, 29.0, 7.0, 12.0, 23.0, 8.0, 59.0, 34.0, 55.0, 14.0, 45.0, 13.0, 40.0, 19.0, 2.0, 9.0, 7.0, 12.0, 38.0, 9.0, 15.0, 18.0, 8.0, 7.0, 4.0, 29.0, 7.0, 3.0, 46.0, 3.0, 1.0, 8.0, 22.0, 10.0, 10.0, 39.0, 2.0, 2.0, 6.0, 19.0, 14.0, 5.0, 3.0, 3.0, 6.0, 8.0, 19.0, 11.0, 10.0, 24.0, 1.0, 35.0, 39.0, 17.0, 1.0, 8.0, 10.0, 8.0, 27.0, 1.0, 43.0, 15.0, 43.0, 12.0, 31.0, 11.0, 9.0, 33.0, 15.0, 13.0, 4.0, 32.0, 3.0, 26.0, 13.0, 8.0, 16.0, 11.0, 1.0, 21.0, 36.0, 19.0, 13.0, 1.0, 20.0, 8.0, 1.0, 9.0, 7.0, 18.0, 4.0, 2.0, 34.0, 13.0, 25.0, 2.0, 7.0, 66.0, 3.0, 14.0, 29.0, 22.0, 5.0, 9.0, 8.0, 90.0, 6.0, 8.0, 7.0, 24.0, 7.0, 17.0, 3.0, 7.0, 32.0, 11.0, 7.0, 16.0] 

MGT times
 [6.0, 10.0, 11.0, 1.0, 15.0, 15.0, 17.0, 16.0, 48.0, 1.0, 9.0, 12.0, 46.0, 4.0, 35.0, 1.0, 14.0, 23.0, 22.0, 13.0, 26.0, 1.0, 1.0, 6.0, 6.0, 13.0, 1.0, 8.0, 15.0, 13.0, 8.0, 9.0, 7.0, 3.0, 36.0, 46.0, 24.0, 16.0, 25.0, 13.0, 50.0, 9.0, 4.0, 7.0, 16.0, 12.0, 14.0, 14.0, 5.0, 35.0, 1.0, 1.0, 2.0, 14.0, 20.0, 66.0, 8.0, 12.0, 7.0, 17.0, 11.0, 25.0, 10.0, 7.0, 1.0, 12.0, 4.0, 6.0, 32.0, 46.0, 2.0, 40.0, 21.0, 15.0, 40.0, 19.0, 10.0, 11.0, 8.0, 12.0, 6.0, 1.0, 8.0, 41.0, 26.0, 39.0, 22.0, 22.0, 6.0, 22.0, 3.0, 5.0, 7.0, 4.0, 29.0, 18.0, 13.0, 4.0, 1.0, 8.0, 6.0, 10.0, 10.0, 11.0, 3.0, 9.0, 17.0, 12.0, 16.0, 1.0, 7.0, 8.0, 16.0, 10.0, 36.0, 1.0, 6.0, 6.0, 10.0, 3.0, 14.0, 16.0, 8.0, 14.0, 7.0, 2.0, 11.0, 39.0, 16.0, 5.0, 4.0, 47.0, 7.0, 18.0, 37.0, 5.0, 20.0, 13.0, 4.0, 18.0, 14.0, 14.0, 4.0, 59.0, 11.0, 17.0, 16.0, 11.0, 17.0, 2.0, 1.0, 35.0, 36.0, 18.0, 12.0, 14.0, 7.0, 19.0, 25.0, 10.0, 6.0, 7.0, 2.0, 17.0, 59.0, 18.0, 1.0, 36.0, 106.0, 20.0, 27.0, 13.0, 16.0, 1.0, 1.0, 75.0, 12.0, 15.0, 16.0, 7.0, 1.0, 4.0, 52.0, 16.0, 6.0, 48.0, 5.0, 19.0, 39.0, 21.0, 10.0, 1.0, 9.0, 25.0, 1.0, 10.0, 6.0, 12.0, 11.0, 10.0, 7.0, 22.0, 4.0, 5.0, 2.0, 4.0, 30.0, 9.0, 3.0, 12.0, 12.0, 2.0, 9.0, 6.0, 11.0, 16.0, 6.0, 5.0, 15.0, 9.0, 25.0, 8.0, 13.0, 1.0, 5.0, 5.0, 1.0, 5.0, 27.0, 32.0, 17.0, 11.0, 7.0, 12.0, 10.0, 54.0, 11.0, 9.0, 10.0, 40.0, 10.0, 7.0, 9.0, 1.0, 4.0, 8.0, 8.0, 1.0, 7.0, 13.0, 15.0, 31.0, 2.0, 16.0, 7.0, 3.0, 11.0, 19.0, 36.0, 9.0, 1.0, 11.0, 8.0, 11.0, 1.0, 22.0, 28.0, 9.0, 9.0, 18.0, 9.0, 1.0, 9.0, 22.0, 13.0, 10.0, 1.0, 1.0, 3.0, 26.0, 52.0, 14.0, 56.0, 26.0, 11.0, 11.0, 11.0, 17.0, 9.0, 28.0, 10.0, 6.0, 5.0, 9.0, 35.0, 27.0, 11.0, 13.0, 10.0, 10.0, 1.0, 22.0, 30.0, 4.0, 52.0, 6.0, 31.0, 10.0, 25.0, 17.0, 27.0, 15.0, 4.0, 45.0, 2.0, 4.0, 61.0, 1.0, 45.0, 3.0, 5.0, 19.0, 1.0, 22.0, 14.0, 1.0, 16.0, 2.0, 13.0, 8.0, 13.0, 30.0, 3.0, 26.0, 28.0, 11.0, 1.0, 59.0, 7.0, 1.0, 47.0, 54.0, 11.0, 8.0, 9.0, 11.0, 6.0, 6.0, 1.0, 2.0, 6.0, 2.0, 34.0, 3.0, 40.0, 16.0, 1.0, 8.0, 1.0, 10.0, 1.0, 12.0, 19.0, 9.0, 9.0, 17.0, 17.0, 13.0, 1.0, 28.0, 6.0, 11.0, 8.0, 16.0, 11.0, 13.0, 5.0, 8.0, 47.0, 61.0, 1.0, 56.0, 2.0, 4.0, 12.0, 11.0, 18.0, 23.0, 7.0, 5.0, 7.0, 1.0, 1.0, 13.0, 3.0, 37.0, 26.0, 13.0, 10.0, 7.0, 1.0, 10.0, 10.0, 19.0, 7.0, 20.0, 3.0, 1.0, 32.0, 12.0, 1.0, 9.0, 14.0, 10.0, 11.0, 11.0, 11.0, 23.0, 8.0, 26.0, 15.0, 13.0, 12.0, 18.0, 17.0, 18.0, 14.0, 3.0, 11.0, 43.0, 9.0, 9.0, 8.0, 8.0, 14.0, 11.0, 6.0, 25.0, 11.0, 34.0, 2.0, 14.0, 49.0, 10.0, 31.0, 5.0, 7.0, 20.0, 57.0, 9.0, 35.0, 13.0, 11.0, 11.0, 6.0, 1.0, 41.0, 24.0, 9.0, 1.0, 12.0, 21.0, 1.0, 19.0, 20.0, 12.0, 1.0, 30.0, 9.0, 40.0, 19.0, 9.0, 8.0, 19.0, 27.0, 1.0, 23.0, 30.0, 4.0, 1.0, 1.0, 12.0, 24.0, 7.0, 30.0, 10.0, 30.0, 25.0, 11.0, 11.0, 1.0, 7.0, 79.0, 9.0, 11.0, 5.0, 2.0, 11.0, 1.0, 6.0, 27.0, 4.0, 5.0, 4.0, 2.0, 11.0, 29.0, 7.0, 4.0, 4.0, 16.0, 1.0, 22.0, 1.0, 16.0, 6.0, 77.0, 19.0, 39.0, 20.0, 36.0, 45.0, 5.0, 17.0, 4.0, 18.0, 9.0, 13.0, 14.0, 8.0, 8.0, 14.0, 14.0, 5.0, 13.0, 29.0, 10.0, 22.0, 7.0, 22.0, 17.0, 10.0, 6.0, 79.0, 10.0, 1.0, 11.0, 7.0, 20.0, 15.0, 3.0, 74.0, 22.0, 1.0, 21.0, 20.0, 5.0, 52.0, 1.0, 9.0, 24.0, 5.0, 1.0, 13.0, 39.0, 7.0, 14.0, 22.0, 9.0, 12.0, 1.0, 17.0, 9.0, 5.0, 1.0, 15.0, 8.0, 26.0, 10.0, 6.0, 1.0, 23.0, 10.0, 26.0, 10.0, 24.0, 15.0, 1.0, 24.0, 16.0, 15.0, 21.0, 18.0, 19.0, 10.0, 20.0, 10.0, 6.0, 11.0, 48.0, 21.0, 10.0, 4.0, 1.0, 22.0, 4.0, 11.0, 27.0, 14.0, 23.0, 40.0, 29.0, 8.0, 13.0, 24.0, 9.0, 26.0, 15.0, 18.0, 8.0, 1.0, 10.0, 1.0, 11.0, 4.0, 24.0, 37.0, 7.0, 12.0, 25.0, 10.0, 35.0, 1.0, 9.0, 20.0, 42.0, 9.0, 9.0, 30.0, 7.0, 45.0, 4.0, 14.0, 20.0, 29.0, 1.0, 23.0, 13.0, 10.0, 8.0, 1.0, 3.0, 31.0, 45.0, 10.0, 3.0, 51.0, 18.0, 11.0, 22.0, 44.0, 10.0, 4.0, 1.0, 10.0, 10.0, 17.0, 5.0, 8.0, 17.0, 24.0, 1.0, 9.0, 11.0, 10.0, 8.0, 20.0, 57.0, 2.0, 29.0, 11.0, 15.0, 10.0, 16.0, 17.0, 12.0, 51.0, 24.0, 27.0, 9.0, 38.0, 10.0, 12.0, 41.0, 23.0, 18.0, 13.0, 17.0, 12.0, 11.0, 32.0, 11.0, 43.0, 1.0, 20.0, 1.0, 1.0, 7.0, 19.0, 25.0, 12.0, 10.0, 1.0, 3.0, 4.0, 3.0, 2.0, 5.0, 17.0, 12.0, 4.0, 17.0, 8.0, 10.0, 2.0, 8.0, 26.0, 11.0, 23.0, 12.0, 55.0, 17.0, 8.0, 12.0, 2.0, 13.0, 4.0, 17.0, 1.0, 15.0, 2.0, 19.0, 1.0, 16.0, 13.0, 9.0, 16.0, 32.0, 22.0, 19.0, 5.0, 2.0, 10.0, 3.0, 28.0, 3.0, 11.0, 9.0, 7.0, 2.0, 17.0, 8.0, 20.0, 13.0, 11.0, 3.0, 28.0, 25.0, 3.0, 3.0, 16.0, 2.0, 20.0, 4.0, 16.0, 1.0, 13.0, 78.0, 3.0, 22.0, 4.0, 29.0, 17.0, 12.0, 25.0, 3.0, 1.0, 15.0, 14.0, 7.0, 6.0, 4.0, 18.0, 7.0, 1.0, 31.0, 19.0, 11.0, 1.0, 7.0, 4.0, 1.0, 12.0, 1.0, 12.0, 33.0, 3.0, 18.0, 22.0, 1.0, 10.0, 14.0, 12.0, 8.0, 25.0, 6.0, 56.0, 15.0, 7.0, 16.0, 12.0, 7.0, 4.0, 3.0, 22.0, 12.0, 24.0, 21.0, 5.0, 8.0, 44.0, 11.0, 9.0, 14.0, 8.0, 12.0, 6.0, 1.0, 11.0, 7.0, 5.0, 12.0, 1.0, 5.0, 4.0, 12.0, 3.0, 34.0, 6.0, 26.0, 1.0, 8.0, 25.0, 15.0, 9.0, 2.0, 3.0, 4.0, 16.0, 24.0, 37.0, 23.0, 22.0, 23.0, 33.0, 8.0, 32.0, 12.0, 6.0, 4.0, 16.0, 9.0, 18.0, 42.0, 5.0, 1.0, 34.0, 12.0, 15.0, 14.0, 5.0, 42.0, 11.0, 14.0, 2.0, 6.0, 1.0, 16.0, 28.0, 8.0, 9.0, 1.0, 1.0, 23.0, 7.0, 44.0, 9.0, 13.0, 1.0, 2.0, 21.0, 27.0, 13.0, 15.0, 24.0, 15.0, 33.0, 16.0, 13.0, 5.0, 12.0, 10.0, 16.0, 12.0, 4.0, 14.0, 14.0, 3.0, 9.0, 17.0, 4.0, 7.0, 49.0, 7.0, 9.0, 23.0, 23.0, 13.0, 9.0, 1.0, 11.0, 21.0, 50.0, 5.0, 5.0, 17.0, 4.0, 12.0, 11.0, 22.0, 18.0, 29.0, 26.0, 29.0, 5.0, 9.0, 15.0, 21.0, 9.0, 1.0, 6.0, 14.0, 83.0, 1.0, 25.0, 36.0, 2.0, 1.0, 20.0, 66.0, 12.0, 21.0, 3.0, 8.0, 9.0, 14.0, 12.0, 13.0, 8.0, 5.0, 9.0, 3.0, 1.0, 9.0, 45.0, 31.0, 14.0, 58.0, 26.0, 9.0, 27.0, 24.0, 10.0, 25.0, 13.0, 10.0, 11.0, 31.0, 3.0, 17.0, 9.0, 1.0, 15.0, 7.0, 4.0, 23.0, 44.0, 21.0, 6.0, 80.0, 15.0, 2.0, 32.0, 16.0, 13.0, 11.0, 12.0, 14.0, 14.0, 20.0, 21.0, 4.0, 10.0, 15.0, 59.0, 6.0, 10.0, 3.0, 34.0, 5.0, 25.0, 13.0, 16.0, 2.0, 7.0, 11.0, 14.0, 11.0, 23.0, 11.0, 41.0, 18.0, 1.0, 14.0, 9.0, 1.0, 8.0, 26.0, 26.0, 10.0, 5.0, 1.0, 1.0, 22.0, 1.0, 32.0, 6.0, 22.0, 1.0, 12.0, 19.0, 2.0, 1.0, 13.0, 8.0, 1.0, 8.0, 1.0, 2.0, 2.0, 21.0, 11.0, 3.0, 10.0, 12.0, 1.0, 11.0, 9.0, 12.0, 9.0, 10.0, 10.0, 16.0, 15.0, 23.0, 7.0, 7.0, 37.0, 5.0, 23.0, 9.0, 32.0, 1.0, 7.0, 9.0, 11.0, 16.0, 3.0, 47.0, 10.0, 4.0, 1.0, 16.0, 7.0, 48.0, 25.0, 2.0, 5.0, 10.0, 28.0, 10.0, 16.0, 3.0, 5.0, 6.0, 7.0, 55.0, 30.0, 1.0, 25.0, 11.0, 8.0, 2.0, 23.0, 20.0, 31.0, 8.0, 7.0, 48.0, 52.0, 15.0, 7.0, 5.0, 10.0, 3.0, 45.0, 7.0, 17.0, 4.0, 69.0, 13.0, 15.0, 19.0, 10.0, 4.0, 13.0, 18.0, 5.0, 49.0, 13.0, 24.0, 14.0, 20.0, 40.0, 3.0, 5.0, 37.0, 14.0, 38.0, 19.0, 23.0, 3.0, 42.0, 10.0, 5.0, 6.0, 6.0, 3.0, 12.0, 14.0, 29.0, 9.0, 27.0, 8.0, 30.0, 3.0, 17.0, 15.0, 97.0, 9.0, 18.0, 18.0, 20.0, 8.0, 24.0, 8.0, 24.0, 8.0, 20.0, 11.0, 34.0, 33.0, 7.0, 5.0, 12.0, 22.0, 22.0, 18.0, 24.0, 22.0, 46.0, 8.0, 32.0, 8.0, 16.0, 2.0, 19.0, 12.0, 55.0, 32.0, 15.0, 9.0, 15.0, 32.0, 13.0, 12.0, 10.0, 17.0, 16.0, 21.0, 1.0, 12.0, 40.0, 23.0, 15.0, 12.0, 42.0, 36.0, 8.0, 8.0, 7.0, 6.0, 11.0, 26.0, 27.0, 48.0, 3.0, 2.0, 11.0, 9.0, 39.0, 7.0, 1.0, 4.0, 28.0, 25.0, 14.0, 20.0, 20.0, 75.0, 13.0, 1.0, 32.0, 11.0, 2.0, 7.0, 28.0, 5.0, 10.0, 25.0, 20.0, 11.0, 33.0, 25.0, 31.0, 16.0, 16.0, 48.0, 74.0, 17.0, 10.0, 25.0, 3.0, 51.0, 27.0, 50.0, 22.0, 20.0, 4.0, 12.0, 24.0, 13.0, 46.0, 12.0, 12.0, 7.0, 14.0, 28.0, 13.0, 13.0, 20.0, 13.0, 1.0, 1.0, 1.0, 6.0, 30.0, 11.0, 27.0, 12.0, 14.0, 19.0, 15.0, 14.0, 36.0, 12.0, 16.0, 1.0, 27.0, 2.0, 29.0, 13.0, 23.0, 8.0, 3.0, 29.0, 21.0, 5.0, 2.0, 6.0, 5.0, 7.0, 22.0, 3.0, 3.0, 3.0, 60.0, 1.0, 46.0, 1.0, 17.0, 8.0, 18.0, 11.0, 7.0, 61.0, 5.0, 21.0, 13.0, 43.0, 58.0, 51.0, 1.0, 11.0, 30.0, 41.0, 28.0, 39.0, 11.0, 8.0, 7.0, 4.0, 10.0, 10.0, 9.0, 12.0, 18.0, 1.0, 57.0, 29.0, 32.0, 6.0, 21.0, 15.0, 22.0, 7.0, 27.0, 5.0, 7.0, 35.0, 1.0, 12.0, 35.0, 4.0, 34.0, 38.0, 25.0, 5.0, 10.0, 13.0, 6.0, 20.0, 11.0, 56.0, 11.0, 7.0, 43.0, 10.0, 21.0, 1.0, 5.0, 36.0, 17.0, 14.0, 15.0, 14.0, 40.0, 8.0, 10.0, 8.0, 24.0, 1.0, 23.0, 48.0, 42.0, 23.0, 8.0, 17.0, 59.0, 7.0, 36.0, 10.0, 26.0, 23.0, 32.0, 4.0, 13.0, 32.0, 9.0, 31.0, 11.0, 12.0, 26.0, 12.0, 30.0, 112.0, 34.0, 1.0, 34.0, 6.0, 27.0, 8.0, 12.0, 28.0, 39.0, 20.0, 15.0, 12.0, 6.0, 17.0, 11.0, 7.0, 5.0, 34.0, 27.0, 69.0, 98.0, 41.0, 6.0, 12.0, 14.0, 3.0, 6.0, 7.0, 2.0, 8.0, 13.0, 31.0, 21.0, 37.0, 2.0, 51.0, 26.0, 8.0, 12.0, 29.0, 21.0, 9.0, 17.0, 39.0, 7.0, 8.0, 10.0, 6.0, 7.0, 12.0, 11.0, 14.0, 12.0, 14.0, 57.0, 21.0, 9.0, 6.0, 15.0, 2.0, 1.0, 1.0, 5.0, 15.0, 19.0, 4.0, 2.0, 3.0, 7.0, 23.0, 26.0, 36.0, 11.0, 12.0, 6.0, 62.0, 1.0, 15.0, 21.0, 16.0, 7.0, 11.0, 30.0, 9.0, 16.0, 6.0, 8.0, 19.0, 4.0, 4.0, 4.0, 16.0, 6.0, 2.0, 34.0, 41.0, 9.0, 10.0, 3.0, 1.0, 11.0, 24.0, 13.0, 22.0, 7.0, 13.0, 30.0, 8.0, 8.0, 4.0, 8.0, 15.0, 8.0, 2.0, 42.0, 43.0, 66.0, 8.0, 22.0, 4.0, 1.0, 6.0, 1.0, 1.0, 5.0, 55.0, 12.0, 27.0, 17.0, 10.0, 10.0, 10.0, 24.0, 6.0, 9.0, 8.0, 9.0, 1.0, 56.0, 10.0, 22.0, 27.0, 1.0, 20.0, 8.0, 36.0, 2.0, 8.0, 5.0, 15.0, 64.0, 13.0, 25.0, 36.0, 36.0, 6.0, 8.0, 1.0, 13.0, 29.0, 41.0, 10.0, 1.0, 40.0, 18.0, 13.0, 15.0, 15.0, 7.0, 13.0, 16.0, 12.0, 21.0, 11.0, 1.0, 12.0, 1.0, 6.0, 23.0, 6.0, 3.0, 1.0, 13.0, 2.0, 36.0, 41.0, 9.0, 7.0, 33.0, 33.0, 4.0, 1.0, 22.0, 20.0, 26.0, 18.0, 11.0, 13.0, 6.0, 3.0, 26.0, 7.0, 1.0, 37.0, 6.0, 27.0, 11.0, 14.0, 8.0, 9.0, 8.0, 12.0, 15.0, 31.0, 9.0, 33.0, 7.0, 7.0, 12.0, 8.0, 11.0, 21.0, 8.0, 11.0, 12.0, 12.0, 3.0, 22.0, 1.0, 65.0, 10.0, 1.0, 25.0, 17.0, 8.0, 12.0, 9.0, 6.0, 18.0, 10.0, 5.0, 2.0, 48.0, 39.0, 10.0, 7.0, 1.0, 29.0, 19.0, 11.0, 3.0, 20.0, 12.0, 22.0, 17.0, 16.0, 10.0, 10.0, 30.0, 9.0, 34.0, 8.0, 13.0, 29.0, 41.0, 18.0, 3.0, 6.0, 1.0, 2.0, 36.0, 4.0, 15.0, 7.0, 6.0, 8.0, 2.0, 42.0, 16.0, 3.0, 10.0, 9.0, 12.0, 13.0, 1.0, 9.0, 1.0, 47.0, 7.0, 51.0, 26.0, 15.0, 1.0, 34.0, 1.0, 21.0, 2.0, 8.0, 4.0, 3.0, 17.0, 22.0, 5.0, 1.0, 8.0, 3.0, 13.0, 5.0, 20.0, 16.0, 12.0, 7.0, 7.0, 9.0, 1.0, 9.0, 20.0, 7.0, 9.0, 9.0, 47.0, 20.0, 24.0, 6.0, 9.0, 6.0, 1.0, 16.0, 10.0, 9.0, 20.0, 19.0, 9.0, 4.0, 19.0, 7.0, 4.0, 40.0, 3.0, 7.0, 7.0, 9.0, 3.0, 22.0, 7.0, 24.0, 6.0, 3.0, 1.0, 7.0, 35.0, 15.0, 8.0, 31.0, 77.0, 15.0, 12.0, 32.0, 13.0, 22.0, 3.0, 42.0, 5.0, 59.0, 24.0, 6.0, 12.0, 12.0, 3.0, 9.0, 13.0, 12.0, 24.0, 12.0, 32.0, 2.0, 11.0, 9.0, 18.0, 10.0, 46.0, 32.0, 2.0, 18.0, 25.0, 94.0, 8.0, 8.0, 22.0, 73.0, 1.0, 27.0, 16.0, 11.0, 10.0, 76.0, 1.0, 20.0, 13.0, 1.0, 5.0, 51.0, 23.0, 30.0, 15.0, 68.0, 21.0, 27.0, 45.0, 4.0, 2.0, 14.0, 14.0, 22.0, 17.0, 2.0, 14.0, 12.0, 3.0, 1.0, 34.0, 25.0, 6.0, 10.0, 9.0, 13.0, 27.0, 15.0, 20.0, 2.0, 52.0, 12.0, 34.0, 24.0, 14.0, 4.0, 12.0, 1.0, 3.0, 38.0, 49.0, 15.0, 11.0, 13.0, 7.0, 11.0, 2.0, 6.0, 8.0, 4.0, 11.0, 7.0, 34.0, 7.0, 20.0, 1.0, 11.0, 11.0, 1.0, 1.0, 107.0, 6.0, 15.0, 4.0, 50.0, 9.0, 9.0, 10.0, 30.0, 1.0, 1.0, 67.0, 1.0, 34.0, 11.0, 19.0, 4.0, 1.0, 3.0, 27.0, 29.0, 3.0, 4.0, 33.0, 113.0, 49.0, 7.0, 16.0, 14.0, 20.0, 18.0, 7.0, 15.0, 7.0, 19.0, 16.0, 19.0, 12.0, 10.0, 1.0, 5.0, 4.0, 7.0, 8.0, 4.0, 1.0, 21.0, 16.0, 89.0, 56.0, 13.0, 5.0, 13.0, 1.0, 3.0, 10.0, 16.0, 18.0, 8.0, 11.0, 10.0, 21.0, 11.0, 5.0, 23.0, 7.0, 14.0, 3.0, 26.0, 53.0, 15.0, 1.0, 8.0, 2.0, 23.0, 1.0, 16.0, 21.0, 17.0, 11.0, 18.0, 1.0, 10.0, 40.0, 9.0, 2.0, 10.0, 25.0, 10.0, 23.0, 1.0, 38.0, 16.0, 25.0, 11.0, 73.0, 1.0, 1.0, 3.0, 70.0, 14.0, 4.0, 8.0, 44.0, 7.0, 11.0, 26.0, 16.0, 7.0, 1.0, 8.0, 10.0, 83.0, 27.0, 8.0, 34.0, 9.0, 6.0, 7.0, 1.0, 20.0, 16.0, 2.0, 77.0, 11.0, 6.0, 3.0, 42.0, 49.0, 13.0, 1.0, 21.0, 20.0, 1.0, 5.0, 28.0, 71.0, 1.0, 15.0, 10.0, 14.0, 11.0, 21.0, 5.0, 48.0, 26.0, 29.0, 9.0, 12.0, 31.0, 20.0, 9.0, 8.0, 8.0, 6.0, 4.0, 16.0, 28.0, 2.0, 7.0, 28.0, 16.0, 10.0, 5.0, 11.0, 52.0, 39.0, 20.0, 2.0, 11.0, 20.0, 8.0, 15.0, 47.0, 22.0, 6.0, 21.0, 10.0, 3.0, 14.0, 23.0, 9.0, 11.0, 12.0, 37.0, 6.0, 9.0, 2.0, 13.0, 41.0, 29.0, 10.0, 12.0, 6.0, 4.0, 30.0, 5.0, 13.0, 1.0, 33.0, 12.0, 9.0, 7.0, 2.0, 33.0, 17.0, 4.0, 59.0, 37.0, 13.0, 3.0, 7.0, 21.0, 44.0, 8.0, 9.0, 2.0, 7.0, 8.0, 19.0, 7.0, 15.0, 52.0, 5.0, 13.0, 8.0, 28.0, 2.0, 18.0, 9.0, 9.0, 2.0, 15.0, 1.0, 15.0, 16.0, 4.0, 19.0, 13.0, 14.0, 13.0, 21.0, 6.0, 19.0, 11.0, 4.0, 20.0, 10.0, 17.0, 1.0, 10.0, 28.0, 46.0, 41.0, 1.0, 28.0, 35.0, 15.0, 2.0, 16.0, 47.0, 33.0, 12.0, 14.0, 1.0, 1.0, 8.0, 23.0, 15.0, 22.0, 24.0, 4.0, 8.0, 25.0, 7.0, 5.0, 13.0, 5.0, 23.0, 6.0, 7.0, 8.0, 4.0, 8.0, 16.0, 15.0, 10.0, 15.0, 37.0, 3.0, 11.0, 5.0, 1.0, 1.0, 9.0, 70.0, 2.0, 7.0, 2.0, 4.0, 5.0, 1.0, 9.0, 5.0, 9.0, 7.0, 63.0, 5.0, 1.0, 22.0, 1.0, 2.0, 4.0, 13.0, 31.0, 18.0, 12.0, 6.0, 9.0, 37.0, 22.0, 1.0, 1.0, 20.0, 2.0, 7.0, 52.0, 2.0, 8.0, 40.0, 13.0, 25.0, 3.0, 13.0, 1.0, 11.0, 16.0, 3.0, 25.0, 5.0, 7.0, 1.0, 11.0, 27.0, 11.0, 5.0, 10.0, 11.0, 1.0, 38.0, 41.0, 11.0, 20.0, 15.0, 30.0, 42.0, 26.0, 30.0, 3.0, 10.0, 44.0, 11.0, 97.0, 19.0, 26.0, 13.0, 4.0, 1.0, 7.0, 9.0, 14.0, 83.0, 24.0, 1.0, 1.0, 1.0, 7.0, 17.0, 18.0, 12.0, 8.0, 25.0, 29.0, 8.0, 16.0, 7.0, 6.0, 65.0, 5.0, 12.0, 47.0, 21.0, 18.0, 5.0, 7.0, 8.0, 1.0, 1.0, 12.0, 16.0, 35.0, 10.0, 27.0, 2.0, 15.0, 9.0, 6.0, 24.0, 23.0, 1.0, 10.0, 7.0, 31.0, 12.0, 7.0, 6.0, 2.0, 22.0, 1.0, 13.0, 23.0, 8.0, 16.0, 50.0, 13.0, 7.0, 17.0, 7.0, 7.0, 6.0, 7.0, 28.0, 1.0, 5.0, 7.0, 15.0, 27.0, 6.0, 1.0, 15.0, 29.0, 9.0, 14.0, 13.0, 6.0, 32.0, 7.0, 1.0, 4.0, 5.0, 5.0, 35.0, 13.0, 18.0, 26.0, 8.0, 11.0, 32.0, 3.0, 10.0, 36.0, 10.0, 1.0, 17.0, 18.0, 20.0, 1.0, 15.0, 7.0, 6.0, 24.0, 8.0, 28.0, 9.0, 38.0, 20.0, 28.0, 10.0, 15.0, 20.0, 13.0, 37.0, 27.0, 6.0, 7.0, 14.0, 21.0, 8.0, 9.0, 14.0, 11.0, 15.0, 39.0, 5.0, 35.0, 27.0, 35.0, 7.0, 2.0, 14.0, 12.0, 7.0, 5.0, 1.0, 13.0, 6.0, 41.0, 17.0, 19.0, 34.0, 1.0, 11.0, 7.0, 15.0, 3.0, 6.0, 6.0, 5.0, 8.0, 8.0, 14.0, 5.0, 13.0, 9.0, 5.0, 1.0, 2.0, 13.0, 31.0, 3.0, 25.0, 2.0, 13.0, 10.0, 7.0, 75.0, 18.0, 2.0, 14.0, 11.0, 11.0, 1.0, 2.0, 1.0, 16.0, 1.0, 16.0, 6.0, 1.0, 1.0, 34.0, 20.0, 9.0, 8.0, 13.0, 1.0, 2.0, 25.0, 10.0, 12.0, 1.0, 1.0, 14.0, 1.0, 7.0, 11.0, 39.0, 1.0, 10.0, 5.0, 10.0, 10.0, 7.0, 22.0, 9.0, 23.0, 4.0, 14.0, 20.0, 3.0, 3.0, 20.0, 3.0, 10.0, 13.0, 3.0, 24.0, 1.0, 1.0, 7.0, 1.0, 14.0, 5.0, 24.0, 7.0, 7.0, 26.0, 11.0, 9.0, 52.0, 5.0, 15.0, 17.0, 28.0, 2.0, 13.0, 11.0, 25.0, 6.0, 46.0, 1.0, 5.0, 10.0, 20.0, 4.0, 38.0, 5.0, 44.0, 2.0, 18.0, 1.0, 77.0, 9.0, 7.0, 12.0, 131.0, 26.0, 1.0, 20.0, 8.0, 34.0, 8.0, 2.0, 30.0, 1.0, 8.0, 19.0, 25.0, 10.0, 13.0, 1.0, 1.0, 50.0, 24.0, 11.0, 51.0, 1.0, 13.0, 23.0, 5.0, 9.0, 18.0, 13.0, 9.0, 39.0, 17.0, 41.0, 1.0, 7.0, 1.0, 6.0, 1.0, 1.0, 8.0, 13.0, 30.0, 10.0, 22.0, 7.0, 16.0, 5.0, 10.0, 17.0, 21.0, 9.0, 15.0, 20.0, 11.0, 7.0, 2.0, 4.0, 9.0, 12.0, 12.0, 2.0, 10.0, 27.0, 19.0, 14.0, 1.0, 16.0, 11.0, 1.0, 3.0, 35.0, 5.0, 1.0, 5.0, 17.0, 25.0, 14.0, 9.0, 4.0, 10.0, 1.0, 3.0, 3.0, 11.0, 16.0, 1.0, 2.0, 5.0, 1.0, 1.0, 20.0, 3.0, 15.0, 1.0, 21.0, 15.0, 5.0, 10.0, 4.0, 10.0, 33.0, 4.0, 8.0, 16.0, 22.0, 21.0, 8.0, 56.0, 3.0, 2.0, 12.0, 11.0, 55.0, 1.0, 11.0, 27.0, 7.0, 8.0, 30.0, 38.0, 11.0, 11.0, 1.0, 6.0, 18.0, 16.0, 4.0, 12.0, 1.0, 13.0, 11.0, 37.0, 28.0, 5.0, 1.0, 15.0, 71.0, 28.0, 4.0, 16.0, 7.0, 17.0, 46.0, 4.0, 4.0, 2.0, 14.0, 1.0, 1.0, 38.0, 12.0, 9.0, 29.0, 37.0, 10.0, 17.0, 17.0, 1.0, 24.0, 63.0, 48.0, 42.0, 1.0, 17.0, 6.0, 4.0, 36.0, 17.0, 1.0, 8.0, 35.0, 11.0, 18.0, 19.0, 35.0, 28.0, 4.0, 13.0, 30.0, 9.0, 18.0, 2.0, 103.0, 11.0, 1.0, 13.0, 17.0, 46.0, 8.0, 17.0, 15.0, 6.0, 27.0, 16.0, 25.0, 1.0, 11.0, 9.0, 32.0, 26.0, 33.0, 43.0, 9.0, 1.0, 15.0, 1.0, 8.0, 5.0, 8.0, 6.0, 2.0, 10.0, 23.0, 2.0, 17.0, 28.0, 14.0, 9.0, 19.0, 16.0, 10.0, 22.0, 5.0, 26.0, 1.0, 45.0, 10.0, 8.0, 29.0, 15.0, 16.0, 8.0, 28.0, 2.0, 14.0, 12.0, 12.0, 1.0, 34.0, 10.0, 1.0, 12.0, 14.0, 6.0, 9.0, 18.0, 8.0, 44.0, 49.0, 11.0, 40.0, 12.0, 15.0, 11.0, 6.0, 21.0, 34.0, 10.0, 21.0, 5.0, 75.0, 10.0, 1.0, 14.0, 4.0, 34.0, 4.0, 4.0, 14.0, 21.0, 7.0, 24.0, 14.0, 9.0, 1.0, 9.0, 45.0, 58.0, 27.0, 20.0, 7.0, 11.0, 26.0, 8.0, 13.0, 44.0, 21.0, 4.0, 13.0, 18.0, 9.0, 14.0, 1.0, 33.0, 27.0, 12.0, 6.0, 1.0, 21.0, 17.0, 9.0, 1.0, 11.0, 13.0, 20.0, 22.0, 44.0, 6.0, 17.0, 7.0, 23.0, 8.0, 15.0, 22.0, 71.0, 9.0, 29.0, 7.0, 12.0, 23.0, 8.0, 59.0, 34.0, 55.0, 14.0, 45.0, 13.0, 40.0, 19.0, 2.0, 9.0, 7.0, 12.0, 38.0, 9.0, 15.0, 18.0, 8.0, 7.0, 4.0, 29.0, 7.0, 3.0, 46.0, 3.0, 1.0, 8.0, 22.0, 10.0, 10.0, 39.0, 2.0, 2.0, 6.0, 19.0, 14.0, 5.0, 3.0, 3.0, 6.0, 8.0, 19.0, 11.0, 10.0, 24.0, 1.0, 35.0, 39.0, 17.0, 1.0, 8.0, 10.0, 8.0, 27.0, 1.0, 43.0, 15.0, 43.0, 12.0, 31.0, 11.0, 9.0, 33.0, 15.0, 13.0, 4.0, 32.0, 3.0, 26.0, 13.0, 8.0, 16.0, 11.0, 1.0, 21.0, 36.0, 19.0, 13.0, 1.0, 20.0, 8.0, 1.0, 9.0, 7.0, 18.0, 4.0, 2.0, 34.0, 13.0, 25.0, 2.0, 7.0, 66.0, 3.0, 14.0, 29.0, 22.0, 5.0, 9.0, 8.0, 90.0, 6.0, 8.0, 7.0, 24.0, 7.0, 17.0, 3.0, 7.0, 32.0, 11.0, 7.0, 16.0] 

SGT times
 [6.0, 7.0, 10.0, 16.0, 1.0, 7.0, 1.0, 1.0, 1.0, 1.0, 4.0]
