avgTJ:  14.89877521613833
stdDvTJ:  15.164237228391153
avgTJ without 0:  16.630076397265782
stdDvTJ without 0:  15.095829399324563
maxTJ:  24.44
minTJ:  8.692307692307692

avgTT:  15.449367088607595
stdDvTT:  18.32818981224049
avgTT without 0:  15.449367088607595
stdDvTT without 0:  18.32818981224049
maxTT:  28.05263157894737
minTT:  5.0

avgTotT:  20.140220303661803
stdDvTotT:  20.835374202811245
avgTotT without 0:  20.631594998475144
stdDvTotT without 0:  20.846254365250804
maxTotT:  34.774193548387096
minTotT:  10.96

avgMGT:  16.910359801488834
stdDvMGT:  17.103693153045157
avgMGT without 0:  17.502086677367576
stdDvMGT without 0:  17.10018385224583
maxMGT:  27.8
minMGT:  9.083333333333334

avgSGT:  11.063778580024067
stdDvSGT:  12.079241959825827
avgSGT without 0:  11.063778580024067
stdDvSGT without 0:  12.079241959825827
maxSGT:  21.857142857142858
minSGT:  1.0

free lanes %:  35.97834849706323 %, number of free traverse:  3124 num of traverse 8683
number of times in traffic %:  16.342278014511113 %, numero di volte nel traffico:  1419 num of traverse 8683
not free passage %:  64.35563745249337 %, number of not free passage:  5588 num of traverse 8683
junction times
 [37.0, 9.0, 5.0, 9.0, 11.0, 15.0, 37.0, 8.0, 21.0, 4.0, 15.0, 20.0, 29.0, 36.0, 4.0, 48.0, 13.0, 7.0, 7.0, 8.0, 6.0, 15.0, 6.0, 8.0, 76.0, 5.0, 19.0, 60.0, 20.0, 1.0, 2.0, 28.0, 23.0, 39.0, 3.0, 9.0, 9.0, 9.0, 33.0, 3.0, 24.0, 14.0, 38.0, 10.0, 50.0, 42.0, 22.0, 21.0, 10.0, 39.0, 17.0, 34.0, 15.0, 1.0, 21.0, 5.0, 50.0, 9.0, 25.0, 7.0, 1.0, 25.0, 11.0, 25.0, 11.0, 11.0, 4.0, 4.0, 7.0, 14.0, 28.0, 11.0, 16.0, 23.0, 27.0, 23.0, 13.0, 22.0, 8.0, 16.0, 29.0, 5.0, 8.0, 38.0, 17.0, 2.0, 8.0, 8.0, 44.0, 1.0, 43.0, 12.0, 3.0, 18.0, 74.0, 8.0, 9.0, 48.0, 25.0, 42.0, 2.0, 27.0, 20.0, 21.0, 47.0, 9.0, 10.0, 8.0, 10.0, 4.0, 51.0, 21.0, 1.0, 9.0, 7.0, 9.0, 36.0, 40.0, 101.0, 15.0, 27.0, 8.0, 6.0, 1.0, 16.0, 2.0, 9.0, 34.0, 45.0, 6.0, 19.0, 1.0, 27.0, 2.0, 4.0, 5.0, 5.0, 57.0, 9.0, 35.0, 44.0, 30.0, 30.0, 31.0, 12.0, 13.0, 8.0, 14.0, 14.0, 11.0, 16.0, 17.0, 84.0, 6.0, 77.0, 16.0, 11.0, 9.0, 19.0, 22.0, 4.0, 22.0, 28.0, 14.0, 11.0, 1.0, 4.0, 24.0, 15.0, 26.0, 2.0, 11.0, 32.0, 9.0, 11.0, 10.0, 18.0, 24.0, 9.0, 2.0, 1.0, 8.0, 1.0, 29.0, 12.0, 3.0, 30.0, 24.0, 23.0, 45.0, 7.0, 3.0, 6.0, 30.0, 11.0, 21.0, 8.0, 4.0, 5.0, 5.0, 8.0, 22.0, 8.0, 5.0, 39.0, 2.0, 43.0, 17.0, 4.0, 29.0, 15.0, 3.0, 16.0, 57.0, 22.0, 11.0, 6.0, 2.0, 25.0, 32.0, 7.0, 1.0, 18.0, 18.0, 15.0, 42.0, 25.0, 4.0, 25.0, 4.0, 6.0, 11.0, 4.0, 15.0, 46.0, 7.0, 6.0, 48.0, 25.0, 9.0, 8.0, 37.0, 27.0, 13.0, 42.0, 20.0, 3.0, 27.0, 15.0, 1.0, 48.0, 3.0, 6.0, 6.0, 40.0, 15.0, 11.0, 78.0, 10.0, 22.0, 10.0, 24.0, 22.0, 24.0, 25.0, 18.0, 26.0, 6.0, 6.0, 16.0, 2.0, 3.0, 21.0, 2.0, 4.0, 9.0, 16.0, 10.0, 36.0, 36.0, 35.0, 3.0, 12.0, 13.0, 4.0, 4.0, 14.0, 15.0, 11.0, 9.0, 10.0, 23.0, 2.0, 12.0, 2.0, 6.0, 5.0, 1.0, 20.0, 13.0, 13.0, 9.0, 17.0, 16.0, 26.0, 11.0, 19.0, 40.0, 13.0, 8.0, 14.0, 16.0, 58.0, 28.0, 9.0, 25.0, 8.0, 3.0, 3.0, 26.0, 4.0, 24.0, 5.0, 12.0, 38.0, 7.0, 10.0, 6.0, 24.0, 4.0, 1.0, 15.0, 10.0, 9.0, 8.0, 27.0, 5.0, 7.0, 28.0, 2.0, 1.0, 9.0, 9.0, 41.0, 32.0, 1.0, 8.0, 7.0, 33.0, 8.0, 1.0, 9.0, 4.0, 10.0, 4.0, 21.0, 2.0, 1.0, 7.0, 17.0, 11.0, 13.0, 8.0, 9.0, 50.0, 12.0, 20.0, 11.0, 9.0, 10.0, 17.0, 4.0, 4.0, 9.0, 39.0, 14.0, 6.0, 1.0, 25.0, 11.0, 9.0, 9.0, 16.0, 26.0, 26.0, 19.0, 5.0, 3.0, 4.0, 25.0, 10.0, 9.0, 6.0, 8.0, 27.0, 10.0, 72.0, 53.0, 12.0, 4.0, 9.0, 19.0, 26.0, 7.0, 18.0, 80.0, 2.0, 79.0, 9.0, 1.0, 9.0, 13.0, 3.0, 47.0, 39.0, 30.0, 63.0, 30.0, 22.0, 29.0, 72.0, 6.0, 11.0, 9.0, 3.0, 19.0, 13.0, 21.0, 20.0, 28.0, 44.0, 6.0, 16.0, 18.0, 10.0, 10.0, 39.0, 13.0, 10.0, 12.0, 32.0, 9.0, 11.0, 11.0, 16.0, 15.0, 4.0, 13.0, 7.0, 9.0, 8.0, 12.0, 2.0, 20.0, 22.0, 25.0, 8.0, 7.0, 10.0, 14.0, 3.0, 8.0, 4.0, 7.0, 10.0, 14.0, 29.0, 45.0, 27.0, 1.0, 17.0, 11.0, 6.0, 12.0, 1.0, 2.0, 12.0, 39.0, 2.0, 1.0, 31.0, 30.0, 25.0, 9.0, 19.0, 44.0, 10.0, 21.0, 8.0, 13.0, 2.0, 40.0, 3.0, 8.0, 2.0, 3.0, 10.0, 7.0, 4.0, 22.0, 38.0, 7.0, 15.0, 10.0, 10.0, 5.0, 10.0, 4.0, 13.0, 22.0, 6.0, 9.0, 44.0, 14.0, 51.0, 15.0, 21.0, 14.0, 3.0, 4.0, 1.0, 3.0, 51.0, 9.0, 8.0, 9.0, 4.0, 14.0, 49.0, 65.0, 12.0, 5.0, 7.0, 26.0, 13.0, 7.0, 8.0, 37.0, 13.0, 31.0, 8.0, 9.0, 13.0, 5.0, 3.0, 11.0, 15.0, 57.0, 6.0, 27.0, 8.0, 10.0, 13.0, 11.0, 4.0, 16.0, 11.0, 12.0, 10.0, 7.0, 22.0, 10.0, 2.0, 6.0, 9.0, 11.0, 2.0, 10.0, 5.0, 19.0, 28.0, 14.0, 6.0, 7.0, 51.0, 21.0, 6.0, 4.0, 12.0, 15.0, 19.0, 20.0, 1.0, 10.0, 1.0, 5.0, 17.0, 10.0, 34.0, 4.0, 5.0, 9.0, 11.0, 10.0, 7.0, 12.0, 71.0, 1.0, 3.0, 17.0, 14.0, 7.0, 18.0, 1.0, 11.0, 1.0, 8.0, 87.0, 12.0, 8.0, 16.0, 7.0, 36.0, 55.0, 4.0, 31.0, 4.0, 10.0, 39.0, 9.0, 28.0, 23.0, 2.0, 19.0, 21.0, 24.0, 60.0, 16.0, 48.0, 9.0, 9.0, 13.0, 21.0, 6.0, 34.0, 39.0, 15.0, 25.0, 9.0, 3.0, 17.0, 9.0, 5.0, 5.0, 1.0, 11.0, 10.0, 20.0, 10.0, 12.0, 2.0, 22.0, 6.0, 20.0, 15.0, 10.0, 9.0, 5.0, 14.0, 9.0, 9.0, 12.0, 4.0, 10.0, 11.0, 2.0, 13.0, 8.0, 3.0, 22.0, 8.0, 24.0, 4.0, 4.0, 3.0, 20.0, 10.0, 10.0, 6.0, 11.0, 5.0, 15.0, 18.0, 21.0, 14.0, 20.0, 9.0, 19.0, 27.0, 23.0, 8.0, 7.0, 5.0, 10.0, 8.0, 19.0, 26.0, 22.0, 40.0, 8.0, 32.0, 26.0, 11.0, 8.0, 37.0, 19.0, 18.0, 16.0, 10.0, 9.0, 55.0, 9.0, 38.0, 10.0, 28.0, 41.0, 21.0, 44.0, 11.0, 30.0, 39.0, 22.0, 37.0, 8.0, 6.0, 16.0, 19.0, 19.0, 33.0, 6.0, 10.0, 32.0, 30.0, 24.0, 22.0, 10.0, 10.0, 9.0, 24.0, 13.0, 15.0, 28.0, 11.0, 50.0, 7.0, 6.0, 3.0, 9.0, 7.0, 4.0, 15.0, 28.0, 18.0, 6.0, 5.0, 18.0, 12.0, 6.0, 8.0, 10.0, 2.0, 30.0, 22.0, 8.0, 10.0, 52.0, 46.0, 20.0, 18.0, 3.0, 11.0, 20.0, 14.0, 14.0, 2.0, 57.0, 21.0, 33.0, 7.0, 4.0, 30.0, 39.0, 15.0, 6.0, 42.0, 15.0, 1.0, 8.0, 4.0, 39.0, 10.0, 23.0, 18.0, 7.0, 9.0, 62.0, 17.0, 6.0, 7.0, 16.0, 12.0, 4.0, 26.0, 20.0, 13.0, 3.0, 21.0, 1.0, 14.0, 11.0, 5.0, 5.0, 25.0, 9.0, 41.0, 11.0, 6.0, 3.0, 19.0, 42.0, 17.0, 8.0, 20.0, 16.0, 14.0, 24.0, 4.0, 41.0, 9.0, 11.0, 2.0, 7.0, 37.0, 21.0, 12.0, 16.0, 12.0, 4.0, 15.0, 26.0, 11.0, 22.0, 1.0, 15.0, 6.0, 11.0, 4.0, 31.0, 22.0, 14.0, 5.0, 1.0, 10.0, 14.0, 9.0, 10.0, 11.0, 2.0, 16.0, 15.0, 18.0, 12.0, 5.0, 7.0, 10.0, 6.0, 16.0, 9.0, 6.0, 23.0, 9.0, 14.0, 20.0, 9.0, 10.0, 9.0, 11.0, 8.0, 37.0, 13.0, 10.0, 11.0, 6.0, 22.0, 10.0, 20.0, 10.0, 10.0, 4.0, 10.0, 47.0, 8.0, 10.0, 8.0, 20.0, 8.0, 36.0, 20.0, 9.0, 9.0, 26.0, 11.0, 29.0, 15.0, 6.0, 6.0, 15.0, 21.0, 20.0, 45.0, 9.0, 15.0, 51.0, 9.0, 2.0, 9.0, 5.0, 16.0, 8.0, 6.0, 18.0, 33.0, 24.0, 10.0, 9.0, 11.0, 11.0, 36.0, 9.0, 3.0, 13.0, 10.0, 10.0, 34.0, 24.0, 40.0, 7.0, 62.0, 14.0, 9.0, 9.0, 1.0, 13.0, 10.0, 9.0, 30.0, 8.0, 20.0, 12.0, 17.0, 11.0, 39.0, 40.0, 6.0, 10.0, 8.0, 5.0, 8.0, 16.0, 10.0, 3.0, 12.0, 62.0, 25.0, 10.0, 1.0, 30.0, 26.0, 1.0, 10.0, 3.0, 5.0, 14.0, 15.0, 21.0, 37.0, 1.0, 8.0, 27.0, 14.0, 38.0, 13.0, 4.0, 19.0, 10.0, 4.0, 2.0, 30.0, 6.0, 22.0, 9.0, 26.0, 12.0, 12.0, 32.0, 7.0, 22.0, 34.0, 6.0, 8.0, 16.0, 12.0, 9.0, 30.0, 5.0, 3.0, 40.0, 24.0, 25.0, 19.0, 2.0, 9.0, 12.0, 13.0, 4.0, 8.0, 22.0, 17.0, 6.0, 8.0, 2.0, 3.0, 6.0, 9.0, 8.0, 14.0, 14.0, 18.0, 18.0, 11.0, 4.0, 15.0, 56.0, 3.0, 44.0, 10.0, 9.0, 22.0, 10.0, 26.0, 7.0, 39.0, 5.0, 9.0, 16.0, 18.0, 7.0, 49.0, 26.0, 17.0, 10.0, 6.0, 5.0, 8.0, 27.0, 22.0, 31.0, 5.0, 11.0, 15.0, 9.0, 4.0, 52.0, 12.0, 1.0, 80.0, 9.0, 7.0, 24.0, 28.0, 24.0, 20.0, 8.0, 1.0, 10.0, 7.0, 16.0, 2.0, 3.0, 57.0, 10.0, 51.0, 28.0, 4.0, 29.0, 20.0, 55.0, 25.0, 78.0, 7.0, 8.0, 40.0, 2.0, 22.0, 53.0, 8.0, 39.0, 9.0, 8.0, 1.0, 11.0, 13.0, 4.0, 21.0, 18.0, 8.0, 9.0, 17.0, 14.0, 8.0, 19.0, 10.0, 20.0, 14.0, 91.0, 10.0, 18.0, 64.0, 21.0, 14.0, 5.0, 45.0, 9.0, 5.0, 25.0, 56.0, 5.0, 1.0, 19.0, 22.0, 10.0, 51.0, 5.0, 10.0, 14.0, 2.0, 43.0, 10.0, 39.0, 32.0, 10.0, 24.0, 9.0, 32.0, 36.0, 18.0, 7.0, 4.0, 8.0, 4.0, 22.0, 4.0, 16.0, 16.0, 16.0, 52.0, 3.0, 12.0, 6.0, 35.0, 11.0, 14.0, 41.0, 15.0, 3.0, 88.0, 12.0, 23.0, 11.0, 1.0, 13.0, 16.0, 20.0, 4.0, 10.0, 13.0, 12.0, 11.0, 13.0, 8.0, 13.0, 33.0, 1.0, 10.0, 15.0, 4.0, 4.0, 1.0, 3.0, 3.0, 23.0, 14.0, 20.0, 8.0, 31.0, 8.0, 9.0, 23.0, 12.0, 14.0, 7.0, 12.0, 7.0, 14.0, 9.0, 8.0, 7.0, 43.0, 10.0, 35.0, 24.0, 69.0, 26.0, 20.0, 10.0, 36.0, 3.0, 17.0, 2.0, 1.0, 21.0, 12.0, 14.0, 64.0, 14.0, 66.0, 24.0, 9.0, 4.0, 36.0, 17.0, 5.0, 14.0, 3.0, 1.0, 44.0, 10.0, 10.0, 21.0, 11.0, 9.0, 10.0, 20.0, 23.0, 8.0, 9.0, 17.0, 3.0, 12.0, 7.0, 79.0, 12.0, 9.0, 11.0, 24.0, 12.0, 17.0, 21.0, 28.0, 29.0, 39.0, 41.0, 4.0, 1.0, 16.0, 104.0, 6.0, 7.0, 27.0, 2.0, 31.0, 11.0, 8.0, 7.0, 74.0, 4.0, 1.0, 7.0, 31.0, 3.0, 8.0, 88.0, 12.0, 40.0, 79.0, 7.0, 44.0, 13.0, 13.0, 8.0, 21.0, 10.0, 17.0, 10.0, 7.0, 20.0, 24.0, 11.0, 4.0, 8.0, 17.0, 10.0, 11.0, 11.0, 31.0, 46.0, 8.0, 6.0, 14.0, 26.0, 1.0, 25.0, 9.0, 1.0, 17.0, 8.0, 13.0, 10.0, 14.0, 26.0, 19.0, 3.0, 15.0, 10.0, 3.0, 23.0, 8.0, 8.0, 10.0, 58.0, 8.0, 10.0, 9.0, 6.0, 12.0, 16.0, 3.0, 23.0, 13.0, 10.0, 2.0, 46.0, 29.0, 12.0, 3.0, 3.0, 38.0, 17.0, 4.0, 15.0, 47.0, 6.0, 4.0, 21.0, 48.0, 8.0, 9.0, 9.0, 7.0, 23.0, 27.0, 32.0, 4.0, 2.0, 1.0, 4.0, 21.0, 2.0, 22.0, 22.0, 10.0, 9.0, 10.0, 12.0, 23.0, 49.0, 22.0, 10.0, 1.0, 11.0, 12.0, 3.0, 5.0, 11.0, 10.0, 9.0, 26.0, 6.0, 49.0, 26.0, 7.0, 14.0, 11.0, 9.0, 14.0, 42.0, 12.0, 10.0, 18.0, 27.0, 11.0, 7.0, 10.0, 2.0, 12.0, 49.0, 2.0, 9.0, 34.0, 18.0, 5.0, 10.0, 17.0, 2.0, 5.0, 11.0, 3.0, 7.0, 14.0, 17.0, 22.0, 10.0, 137.0, 21.0, 11.0, 3.0, 9.0, 27.0, 16.0, 11.0, 3.0, 2.0, 10.0, 11.0, 22.0, 6.0, 19.0, 9.0, 4.0, 29.0, 18.0, 5.0, 46.0, 12.0, 14.0, 5.0, 6.0, 6.0, 5.0, 11.0, 25.0, 7.0, 9.0, 3.0, 3.0, 40.0, 8.0, 13.0, 8.0, 20.0, 9.0, 9.0, 23.0, 13.0, 30.0, 18.0, 9.0, 6.0, 6.0, 14.0, 56.0, 4.0, 12.0, 7.0, 10.0, 33.0, 6.0, 5.0, 10.0, 10.0, 9.0, 5.0, 17.0, 10.0, 12.0, 5.0, 1.0, 19.0, 7.0, 26.0, 32.0, 1.0, 44.0, 18.0, 7.0, 25.0, 16.0, 14.0, 6.0, 14.0, 47.0, 40.0, 6.0, 44.0, 36.0, 28.0, 20.0, 52.0, 38.0, 10.0, 20.0, 6.0, 31.0, 6.0, 31.0, 6.0, 4.0, 17.0, 11.0, 3.0, 1.0, 1.0, 1.0, 2.0, 10.0, 44.0, 9.0, 24.0, 3.0, 57.0, 15.0, 19.0, 2.0, 10.0, 37.0, 11.0, 7.0, 10.0, 11.0, 34.0, 2.0, 26.0, 14.0, 32.0, 55.0, 8.0, 4.0, 41.0, 10.0, 11.0, 38.0, 5.0, 23.0, 13.0, 24.0, 7.0, 10.0, 10.0, 30.0, 15.0, 7.0, 85.0, 8.0, 2.0, 13.0, 10.0, 13.0, 32.0, 10.0, 8.0, 21.0, 69.0, 7.0, 2.0, 8.0, 14.0, 10.0, 26.0, 10.0, 14.0, 12.0, 10.0, 10.0, 16.0, 18.0, 12.0, 6.0, 12.0, 4.0, 9.0, 69.0, 26.0, 5.0, 18.0, 2.0, 9.0, 19.0, 6.0, 14.0, 27.0, 6.0, 24.0, 19.0, 5.0, 12.0, 24.0, 9.0, 10.0, 23.0, 9.0, 20.0, 24.0, 23.0, 9.0, 24.0, 1.0, 8.0, 8.0, 14.0, 29.0, 9.0, 1.0, 14.0, 5.0, 1.0, 10.0, 12.0, 19.0, 16.0, 33.0, 14.0, 5.0, 17.0, 23.0, 32.0, 10.0, 8.0, 2.0, 24.0, 30.0, 8.0, 11.0, 8.0, 34.0, 4.0, 6.0, 8.0, 6.0, 7.0, 6.0, 27.0, 11.0, 6.0, 21.0, 9.0, 16.0, 43.0, 5.0, 27.0, 15.0, 3.0, 2.0, 3.0, 5.0, 11.0, 16.0, 29.0, 9.0, 9.0, 11.0, 21.0, 3.0, 2.0, 4.0, 18.0, 8.0, 10.0, 13.0, 5.0, 5.0, 35.0, 7.0, 5.0, 11.0, 18.0, 8.0, 4.0, 7.0, 8.0, 1.0, 15.0, 19.0, 29.0, 15.0, 9.0, 10.0, 14.0, 2.0, 11.0, 5.0, 23.0, 3.0, 11.0, 15.0, 5.0, 34.0, 8.0, 18.0, 14.0, 8.0, 17.0, 50.0, 9.0, 10.0, 10.0, 13.0, 16.0, 11.0, 25.0, 45.0, 14.0, 6.0, 13.0, 16.0, 50.0, 20.0, 11.0, 13.0, 35.0, 7.0, 15.0, 40.0, 9.0, 5.0, 2.0, 13.0, 16.0, 40.0, 2.0, 11.0, 11.0, 19.0, 16.0, 10.0, 23.0, 4.0, 6.0, 21.0, 85.0, 5.0, 10.0, 3.0, 20.0, 8.0, 28.0, 4.0, 2.0, 3.0, 6.0, 5.0, 9.0, 35.0, 8.0, 3.0, 32.0, 1.0, 11.0, 48.0, 36.0, 11.0, 33.0, 41.0, 9.0, 2.0, 20.0, 23.0, 4.0, 16.0, 11.0, 20.0, 25.0, 12.0, 15.0, 3.0, 9.0, 3.0, 8.0, 13.0, 9.0, 8.0, 10.0, 10.0, 9.0, 18.0, 25.0, 17.0, 20.0, 3.0, 14.0, 16.0, 13.0, 8.0, 29.0, 15.0, 27.0, 15.0, 9.0, 12.0, 44.0, 3.0, 2.0, 9.0, 20.0, 4.0, 26.0, 59.0, 14.0, 44.0, 39.0, 9.0, 5.0, 12.0, 14.0, 3.0, 8.0, 10.0, 21.0, 14.0, 4.0, 13.0, 2.0, 31.0, 23.0, 43.0, 56.0, 51.0, 13.0, 20.0, 19.0, 6.0, 4.0, 11.0, 3.0, 17.0, 19.0, 4.0, 2.0, 4.0, 4.0, 4.0, 21.0, 4.0, 31.0, 30.0, 11.0, 28.0, 3.0, 7.0, 38.0, 2.0, 47.0, 32.0, 34.0, 2.0, 2.0, 5.0, 3.0, 2.0, 5.0, 17.0, 20.0, 125.0, 24.0, 9.0, 7.0, 61.0, 6.0, 15.0, 5.0, 14.0, 1.0, 5.0, 3.0, 12.0, 7.0, 7.0, 6.0, 18.0, 25.0, 10.0, 9.0, 42.0, 3.0, 5.0, 24.0, 3.0, 11.0, 2.0, 7.0, 11.0, 20.0, 14.0, 30.0, 34.0, 11.0, 11.0, 13.0, 10.0, 34.0, 82.0, 29.0, 27.0, 24.0, 3.0, 8.0, 3.0, 17.0, 13.0, 21.0, 30.0, 9.0, 12.0, 10.0, 47.0, 10.0, 3.0, 15.0, 10.0, 20.0, 6.0, 2.0, 19.0, 22.0, 83.0, 13.0, 9.0, 10.0, 20.0, 7.0, 12.0, 5.0, 12.0, 8.0, 9.0, 18.0, 11.0, 17.0, 34.0, 24.0, 1.0, 13.0, 1.0, 6.0, 8.0, 28.0, 20.0, 11.0, 27.0, 9.0, 40.0, 11.0, 11.0, 8.0, 25.0, 11.0, 2.0, 11.0, 21.0, 10.0, 23.0, 31.0, 10.0, 28.0, 15.0, 8.0, 12.0, 4.0, 3.0, 10.0, 6.0, 8.0, 3.0, 12.0, 9.0, 9.0, 22.0, 7.0, 30.0, 34.0, 16.0, 5.0, 10.0, 5.0, 4.0, 10.0, 15.0, 9.0, 32.0, 10.0, 3.0, 40.0, 66.0, 3.0, 21.0, 16.0, 4.0, 20.0, 53.0, 13.0, 24.0, 8.0, 17.0, 13.0, 3.0, 10.0, 5.0, 32.0, 33.0, 13.0, 24.0, 25.0, 16.0, 14.0, 11.0, 10.0, 19.0, 9.0, 17.0, 6.0, 16.0, 2.0, 23.0, 14.0, 26.0, 13.0, 12.0, 5.0, 9.0, 3.0, 25.0, 20.0, 23.0, 22.0, 11.0, 15.0, 8.0, 24.0, 6.0, 1.0, 8.0, 22.0, 5.0, 9.0, 26.0, 8.0, 13.0, 14.0, 20.0, 9.0, 4.0, 8.0, 10.0, 26.0, 9.0, 9.0, 25.0, 36.0, 5.0, 10.0, 6.0, 10.0, 4.0, 10.0, 5.0, 34.0, 4.0, 21.0, 1.0, 29.0, 29.0, 3.0, 8.0, 28.0, 31.0, 7.0, 53.0, 7.0, 8.0, 128.0, 17.0, 4.0, 17.0, 52.0, 60.0, 45.0, 19.0, 17.0, 49.0, 12.0, 1.0, 2.0, 33.0, 7.0, 8.0, 23.0, 23.0, 59.0, 8.0, 4.0, 6.0, 3.0, 9.0, 11.0, 25.0, 9.0, 21.0, 7.0, 6.0, 1.0, 14.0, 8.0, 11.0, 13.0, 4.0, 9.0, 14.0, 6.0, 6.0, 70.0, 36.0, 10.0, 5.0, 33.0, 21.0, 11.0, 39.0, 15.0, 33.0, 16.0, 28.0, 23.0, 19.0, 21.0, 15.0, 23.0, 4.0, 7.0, 8.0, 12.0, 14.0, 24.0, 20.0, 28.0, 6.0, 10.0, 70.0, 7.0, 2.0, 26.0, 17.0, 26.0, 21.0, 19.0, 1.0, 14.0, 10.0, 12.0, 30.0, 32.0, 39.0, 9.0, 4.0, 10.0, 4.0, 14.0, 2.0, 22.0, 23.0, 6.0, 9.0, 3.0, 51.0, 38.0, 11.0, 11.0, 29.0, 6.0, 5.0, 39.0, 5.0, 9.0, 3.0, 11.0, 10.0, 24.0, 5.0, 2.0, 6.0, 24.0, 11.0, 30.0, 9.0, 19.0, 10.0, 10.0, 49.0, 3.0, 2.0, 14.0, 13.0, 6.0, 1.0, 2.0, 6.0, 20.0, 1.0, 51.0, 21.0, 23.0, 48.0, 28.0, 20.0, 3.0, 24.0, 1.0, 20.0, 27.0, 10.0, 8.0, 2.0, 33.0, 32.0, 8.0, 1.0, 6.0, 9.0, 25.0, 11.0, 1.0, 9.0, 13.0, 5.0, 2.0, 15.0, 1.0, 21.0, 15.0, 6.0, 42.0, 12.0, 19.0, 19.0, 25.0, 4.0, 28.0, 12.0, 2.0, 25.0, 25.0, 25.0, 6.0, 58.0, 14.0, 15.0, 2.0, 14.0, 8.0, 5.0, 32.0, 12.0, 11.0, 9.0, 10.0, 41.0, 6.0, 26.0, 3.0, 5.0, 72.0, 26.0, 17.0, 46.0, 47.0, 32.0, 7.0, 11.0, 13.0, 9.0, 21.0, 9.0, 9.0, 49.0, 43.0, 15.0, 15.0, 2.0, 10.0, 50.0, 38.0, 17.0, 7.0, 22.0, 39.0, 5.0, 9.0, 28.0, 11.0, 10.0, 3.0, 4.0, 2.0, 5.0, 9.0, 11.0, 8.0, 12.0, 4.0, 15.0, 20.0, 9.0, 26.0, 18.0, 25.0, 25.0, 14.0, 42.0, 17.0, 13.0, 47.0, 33.0, 8.0, 9.0, 10.0, 10.0, 1.0, 13.0, 10.0, 14.0, 18.0, 27.0, 17.0, 28.0, 33.0, 13.0, 4.0, 9.0, 30.0, 37.0, 21.0, 9.0, 9.0, 8.0, 7.0, 20.0, 4.0, 21.0, 10.0, 9.0, 34.0, 4.0, 11.0, 10.0, 14.0, 47.0, 10.0, 31.0, 27.0, 10.0, 31.0, 29.0, 12.0, 28.0, 13.0, 11.0, 9.0, 12.0, 7.0, 6.0, 9.0, 52.0, 23.0, 35.0, 1.0, 7.0, 3.0, 41.0, 11.0, 15.0, 11.0, 64.0, 47.0, 3.0, 27.0, 10.0, 9.0, 14.0, 24.0, 2.0, 26.0, 4.0, 9.0, 7.0, 22.0, 8.0, 125.0, 5.0, 12.0, 21.0, 3.0, 10.0, 12.0, 15.0, 54.0, 37.0, 10.0, 7.0, 1.0, 22.0, 38.0, 4.0, 26.0, 24.0, 19.0, 9.0, 12.0, 21.0, 2.0, 10.0, 5.0, 7.0, 17.0, 8.0, 30.0, 25.0, 6.0, 22.0, 9.0, 8.0, 23.0, 8.0, 9.0, 14.0, 17.0, 12.0, 3.0, 1.0, 16.0, 11.0, 20.0, 9.0, 9.0, 4.0, 27.0, 13.0, 25.0, 13.0, 1.0, 2.0, 37.0, 9.0, 11.0, 5.0, 34.0, 19.0, 10.0, 11.0, 9.0, 57.0, 17.0, 15.0, 63.0, 16.0, 9.0, 24.0, 6.0, 3.0, 8.0, 40.0, 23.0, 21.0, 39.0, 3.0, 54.0, 14.0, 4.0, 10.0, 6.0] 

traffic times
 [1.0, 53.0, 27.0, 59.0, 1.0, 24.0, 1.0, 9.0, 22.0, 26.0, 23.0, 18.0, 16.0, 35.0, 26.0, 1.0, 1.0, 2.0, 28.0, 9.0, 5.0, 12.0, 15.0, 1.0, 1.0, 12.0, 1.0, 20.0, 12.0, 13.0, 11.0, 1.0, 26.0, 16.0, 1.0, 1.0, 1.0, 1.0, 16.0, 1.0, 58.0, 1.0, 8.0, 2.0, 11.0, 6.0, 4.0, 4.0, 1.0, 23.0, 14.0, 20.0, 29.0, 4.0, 16.0, 1.0, 9.0, 1.0, 27.0, 21.0, 24.0, 23.0, 20.0, 11.0, 15.0, 33.0, 8.0, 4.0, 53.0, 20.0, 1.0, 30.0, 13.0, 1.0, 80.0, 8.0, 13.0, 1.0, 5.0, 42.0, 6.0, 11.0, 8.0, 55.0, 2.0, 1.0, 8.0, 47.0, 6.0, 26.0, 137.0, 69.0, 8.0, 1.0, 18.0, 15.0, 23.0, 1.0, 1.0, 35.0, 4.0, 67.0, 23.0, 25.0, 13.0, 15.0, 39.0, 11.0, 36.0, 1.0, 1.0, 2.0, 1.0, 85.0, 9.0, 1.0, 3.0, 1.0, 1.0, 14.0, 30.0, 57.0, 30.0, 2.0, 6.0, 5.0, 24.0, 1.0, 1.0, 12.0, 8.0, 1.0, 1.0, 22.0, 13.0, 14.0, 18.0, 22.0, 18.0, 11.0, 2.0, 1.0, 1.0, 1.0, 1.0, 31.0, 15.0, 11.0, 8.0, 7.0, 5.0, 36.0, 1.0, 10.0, 1.0, 11.0, 14.0, 9.0, 19.0, 22.0, 35.0, 1.0, 47.0, 1.0, 1.0, 1.0, 15.0, 1.0, 12.0, 18.0, 34.0, 1.0, 1.0, 55.0, 17.0, 1.0, 1.0, 10.0, 11.0, 11.0, 12.0, 1.0, 84.0, 12.0, 12.0, 11.0, 8.0, 33.0, 1.0, 7.0, 1.0, 2.0, 1.0, 10.0, 1.0, 20.0, 1.0, 10.0, 4.0, 23.0, 1.0, 8.0, 5.0, 35.0, 3.0, 1.0, 4.0, 1.0, 28.0, 41.0, 7.0, 8.0, 8.0, 1.0, 49.0, 3.0, 13.0, 187.0, 2.0, 5.0, 44.0, 31.0, 13.0, 1.0, 38.0, 17.0, 11.0, 1.0, 25.0, 9.0, 1.0, 1.0, 4.0, 18.0, 12.0, 25.0, 8.0, 24.0, 1.0, 7.0, 29.0, 11.0, 28.0, 1.0, 12.0, 1.0, 17.0, 6.0, 39.0, 11.0, 11.0, 8.0, 7.0, 24.0, 81.0, 12.0, 23.0, 72.0, 1.0, 37.0, 1.0, 1.0, 7.0, 7.0, 21.0, 8.0, 35.0, 36.0, 1.0, 12.0, 14.0, 11.0, 30.0, 7.0, 1.0, 60.0, 15.0, 29.0, 10.0, 1.0, 13.0, 7.0, 22.0, 6.0, 20.0, 7.0, 9.0, 12.0, 15.0, 7.0, 1.0, 43.0, 9.0, 112.0, 1.0, 1.0, 12.0, 32.0, 22.0, 18.0, 8.0, 1.0, 5.0, 14.0, 8.0, 11.0, 8.0, 19.0, 123.0, 21.0, 1.0, 16.0, 7.0, 9.0, 14.0, 1.0, 1.0, 1.0, 7.0, 11.0, 1.0, 1.0, 9.0, 12.0, 37.0, 1.0, 11.0, 26.0, 1.0, 13.0, 31.0, 11.0, 11.0, 15.0, 41.0, 2.0, 34.0, 14.0, 15.0, 11.0, 6.0, 12.0, 23.0, 24.0, 8.0, 7.0, 5.0, 21.0, 11.0, 1.0, 11.0, 11.0, 1.0, 9.0, 13.0, 8.0, 1.0, 5.0, 8.0, 22.0, 13.0, 13.0, 27.0, 7.0, 6.0, 27.0, 38.0, 10.0, 1.0, 4.0, 2.0, 18.0, 1.0, 1.0, 16.0, 4.0, 14.0, 24.0, 7.0, 98.0, 1.0, 10.0, 20.0, 7.0, 11.0, 25.0, 51.0, 18.0, 3.0, 4.0, 7.0, 1.0, 15.0, 18.0, 19.0, 7.0, 2.0, 20.0, 10.0, 6.0, 1.0, 15.0, 13.0, 1.0, 29.0, 7.0, 13.0, 26.0, 21.0, 15.0, 17.0, 1.0, 1.0, 17.0, 10.0, 8.0, 9.0, 4.0, 49.0, 3.0, 48.0, 13.0, 47.0, 77.0, 20.0, 43.0, 53.0, 17.0, 3.0, 22.0, 4.0, 11.0, 10.0, 10.0, 1.0, 55.0, 1.0, 3.0, 5.0, 2.0, 17.0, 3.0, 7.0, 8.0, 92.0, 7.0, 8.0, 5.0, 14.0, 12.0, 1.0, 6.0, 11.0, 66.0, 31.0, 30.0, 26.0, 1.0, 8.0, 1.0, 1.0, 9.0, 8.0, 4.0, 13.0, 12.0, 9.0, 1.0, 1.0, 56.0, 4.0, 21.0, 88.0, 22.0, 7.0, 16.0, 5.0, 1.0, 12.0, 1.0, 7.0, 24.0, 6.0, 12.0, 1.0, 59.0, 11.0, 11.0, 2.0, 52.0, 7.0, 6.0, 7.0, 1.0, 1.0, 79.0, 1.0, 20.0, 1.0, 12.0, 1.0, 76.0, 5.0, 8.0, 11.0, 1.0, 46.0, 4.0, 7.0, 7.0, 18.0, 1.0, 4.0, 1.0, 10.0, 45.0, 19.0, 29.0, 20.0, 46.0, 1.0, 10.0, 1.0, 131.0, 23.0, 1.0, 28.0, 1.0, 1.0, 6.0, 2.0, 84.0, 1.0, 10.0, 11.0, 11.0, 8.0, 9.0, 17.0, 12.0, 7.0, 1.0, 1.0, 3.0, 10.0, 14.0, 6.0, 83.0, 1.0, 20.0, 11.0, 25.0, 5.0, 11.0, 1.0, 4.0, 10.0, 6.0, 8.0, 3.0, 18.0, 7.0, 31.0, 15.0, 20.0, 3.0, 24.0, 25.0, 1.0, 2.0, 4.0, 11.0, 126.0, 9.0, 11.0, 6.0, 5.0, 11.0, 1.0, 12.0, 4.0, 13.0, 77.0, 1.0, 1.0, 11.0, 8.0, 53.0, 13.0, 1.0, 7.0, 3.0, 15.0, 17.0, 5.0, 2.0, 64.0, 24.0, 23.0, 7.0, 14.0, 11.0, 7.0, 39.0, 22.0, 1.0, 11.0, 1.0, 8.0, 10.0, 51.0, 27.0, 4.0, 1.0, 9.0, 1.0, 1.0, 6.0, 8.0, 17.0, 1.0, 2.0, 7.0, 10.0, 1.0, 6.0, 7.0, 38.0, 1.0, 40.0, 15.0, 20.0, 42.0, 1.0, 12.0, 27.0, 39.0, 17.0, 17.0, 1.0, 1.0, 42.0, 1.0, 11.0, 34.0, 11.0, 74.0, 3.0, 1.0, 94.0, 14.0, 35.0, 30.0, 2.0, 16.0, 11.0, 33.0, 12.0, 1.0, 1.0, 1.0, 48.0, 15.0, 15.0, 32.0, 27.0, 5.0, 12.0, 1.0, 39.0, 1.0, 20.0, 27.0, 25.0, 7.0, 8.0, 21.0, 16.0, 69.0, 12.0, 6.0, 23.0, 20.0, 8.0, 1.0, 10.0, 11.0, 7.0, 6.0, 11.0, 1.0, 23.0, 18.0, 12.0, 1.0, 6.0, 11.0, 7.0, 14.0, 32.0, 10.0, 35.0, 11.0, 7.0, 7.0, 7.0, 1.0, 19.0, 9.0, 21.0, 12.0, 10.0, 7.0, 16.0, 27.0, 14.0, 10.0, 29.0, 14.0, 5.0, 12.0, 1.0, 4.0, 7.0, 11.0, 1.0, 48.0, 1.0, 33.0, 31.0, 22.0, 8.0, 32.0, 7.0, 11.0, 1.0, 10.0, 1.0, 1.0, 7.0, 8.0, 1.0, 11.0, 2.0, 40.0, 1.0, 1.0, 59.0, 6.0, 12.0, 1.0, 47.0, 2.0, 12.0, 27.0, 38.0, 14.0, 1.0, 13.0, 1.0, 1.0, 17.0, 1.0, 7.0, 1.0, 1.0, 23.0, 1.0, 18.0, 17.0, 13.0, 8.0, 5.0, 1.0, 1.0, 31.0, 10.0, 1.0, 2.0, 8.0, 2.0, 3.0, 14.0, 4.0, 13.0, 43.0, 28.0, 34.0, 21.0, 6.0, 1.0, 4.0, 11.0, 21.0, 24.0, 9.0, 27.0, 1.0, 58.0, 62.0, 19.0, 8.0, 42.0, 13.0, 12.0, 7.0, 29.0, 1.0, 23.0, 5.0, 6.0, 6.0, 30.0, 1.0, 1.0, 41.0, 10.0, 25.0, 15.0, 15.0, 13.0, 20.0, 29.0, 22.0, 1.0, 8.0, 1.0, 8.0, 12.0, 15.0, 7.0, 1.0, 50.0, 72.0, 1.0, 1.0, 38.0, 10.0, 1.0, 15.0, 7.0, 1.0, 7.0, 19.0, 1.0, 11.0, 8.0, 4.0, 28.0, 12.0, 19.0, 17.0, 15.0, 1.0, 28.0, 44.0, 50.0, 12.0, 13.0, 58.0, 1.0, 7.0, 8.0, 17.0, 1.0, 1.0, 6.0, 16.0, 21.0, 15.0, 5.0, 6.0, 1.0, 58.0, 15.0, 12.0, 10.0, 27.0, 12.0, 2.0, 6.0, 30.0, 9.0, 1.0, 1.0, 1.0, 14.0, 16.0, 3.0, 11.0, 15.0, 66.0, 13.0, 1.0, 11.0, 1.0, 13.0, 14.0, 68.0, 26.0, 14.0, 20.0, 25.0, 1.0, 17.0, 22.0, 19.0, 65.0, 47.0, 35.0, 4.0, 11.0, 34.0, 1.0, 7.0, 1.0, 2.0, 22.0, 16.0, 22.0, 2.0, 1.0, 7.0, 1.0, 103.0, 4.0, 7.0, 11.0, 17.0, 1.0, 1.0, 7.0, 7.0, 52.0, 24.0, 8.0, 16.0, 17.0, 4.0, 1.0, 15.0, 1.0, 1.0, 1.0, 6.0, 26.0, 7.0, 28.0, 11.0, 1.0, 1.0, 7.0, 7.0, 13.0, 29.0, 6.0, 7.0, 23.0, 6.0, 37.0, 25.0, 1.0, 4.0, 6.0, 1.0, 1.0, 5.0, 8.0, 1.0, 41.0, 11.0, 42.0, 8.0, 90.0, 38.0, 21.0, 32.0, 30.0, 33.0, 11.0, 1.0, 22.0, 30.0, 1.0, 7.0, 7.0, 19.0, 20.0, 2.0, 36.0, 10.0, 11.0, 22.0, 1.0, 20.0, 52.0, 1.0, 19.0, 21.0, 15.0, 26.0, 1.0, 7.0, 44.0, 27.0, 27.0, 1.0, 24.0, 8.0, 23.0, 18.0, 5.0, 15.0, 15.0, 18.0, 30.0, 6.0, 18.0, 10.0, 2.0, 7.0, 11.0, 1.0, 1.0, 15.0, 37.0, 7.0, 28.0, 1.0, 19.0, 7.0, 20.0, 7.0, 16.0, 5.0, 47.0, 1.0, 12.0, 26.0, 7.0, 9.0, 1.0, 11.0, 41.0, 7.0, 7.0, 9.0, 10.0, 7.0, 8.0, 27.0, 12.0, 29.0, 11.0, 8.0, 16.0, 5.0, 16.0, 27.0, 1.0, 1.0, 1.0, 4.0, 15.0, 33.0, 1.0, 5.0, 46.0, 7.0, 90.0, 43.0, 16.0, 1.0, 41.0, 68.0, 10.0, 14.0, 11.0, 17.0, 10.0, 23.0, 1.0, 16.0, 72.0, 1.0, 11.0, 1.0, 30.0, 24.0, 30.0, 1.0, 1.0, 9.0, 23.0, 6.0, 1.0, 5.0, 1.0, 10.0, 7.0, 11.0, 1.0, 38.0, 10.0, 1.0, 2.0, 44.0, 17.0, 75.0, 108.0, 1.0, 8.0, 1.0, 1.0, 46.0, 1.0, 28.0, 1.0, 7.0, 28.0, 11.0, 6.0, 13.0, 11.0, 4.0, 1.0, 27.0, 21.0, 3.0, 8.0, 1.0, 20.0, 13.0, 5.0, 1.0, 7.0, 16.0, 1.0, 1.0, 7.0, 1.0, 1.0, 111.0, 7.0, 1.0, 7.0, 1.0, 14.0, 1.0, 1.0, 21.0, 11.0, 7.0, 12.0, 18.0, 12.0, 10.0, 3.0, 2.0, 39.0, 9.0, 11.0, 12.0, 19.0, 17.0, 8.0, 1.0, 7.0, 7.0, 11.0, 6.0, 21.0, 33.0, 18.0, 11.0, 11.0, 1.0, 1.0, 11.0, 9.0, 22.0, 1.0, 18.0, 20.0, 11.0, 7.0, 18.0, 1.0, 14.0, 10.0, 32.0, 1.0, 23.0, 12.0, 8.0, 24.0, 23.0, 17.0, 1.0, 21.0, 35.0, 1.0, 1.0, 21.0, 2.0, 7.0, 54.0, 1.0, 8.0, 7.0, 7.0, 11.0, 25.0, 8.0, 6.0, 29.0, 47.0, 8.0, 33.0, 8.0, 21.0, 10.0, 7.0, 29.0, 11.0, 2.0, 9.0, 1.0, 62.0, 11.0, 17.0, 5.0, 15.0, 4.0, 1.0, 30.0, 1.0, 1.0, 39.0, 21.0, 1.0, 14.0, 7.0, 9.0, 5.0, 15.0, 54.0, 27.0, 21.0, 23.0, 22.0, 13.0, 17.0, 5.0, 11.0, 24.0, 15.0, 28.0, 16.0, 1.0, 2.0, 2.0, 24.0, 28.0, 30.0, 1.0, 7.0, 13.0, 18.0, 4.0, 2.0, 1.0, 12.0, 9.0, 2.0, 16.0, 35.0, 1.0, 1.0, 1.0, 29.0, 2.0, 14.0, 21.0, 1.0, 20.0, 8.0, 11.0, 7.0, 4.0, 8.0, 1.0, 8.0, 11.0, 1.0, 1.0, 1.0, 8.0, 16.0, 4.0, 9.0, 12.0, 1.0, 1.0, 5.0, 3.0, 27.0, 1.0, 12.0, 54.0, 8.0, 16.0, 40.0, 23.0, 51.0, 46.0, 16.0, 26.0, 8.0, 1.0, 13.0, 1.0, 11.0, 8.0, 1.0, 35.0, 16.0, 1.0, 1.0, 7.0, 57.0, 1.0, 25.0, 7.0, 1.0, 1.0, 10.0, 23.0, 5.0, 4.0, 1.0, 19.0, 11.0, 1.0, 57.0, 10.0, 1.0, 19.0, 3.0, 17.0, 20.0, 33.0, 7.0, 47.0, 9.0, 2.0, 8.0, 3.0, 23.0, 8.0, 1.0, 29.0, 1.0, 10.0, 11.0, 54.0, 23.0, 2.0, 29.0, 1.0, 14.0, 69.0, 11.0, 7.0, 64.0, 1.0, 7.0, 1.0, 6.0, 9.0, 11.0, 1.0, 9.0, 10.0, 47.0, 26.0, 11.0, 1.0, 18.0, 5.0, 11.0, 12.0, 11.0, 7.0, 16.0, 28.0, 35.0, 1.0, 7.0, 7.0, 61.0, 54.0, 33.0, 7.0, 3.0, 49.0, 1.0, 5.0, 50.0, 5.0, 10.0, 6.0, 14.0, 7.0, 8.0, 20.0, 1.0, 1.0, 17.0, 32.0, 15.0, 27.0] 

total times
 [1.0, 99.0, 45.0, 5.0, 9.0, 11.0, 15.0, 59.0, 1.0, 24.0, 37.0, 8.0, 1.0, 21.0, 4.0, 15.0, 29.0, 29.0, 58.0, 4.0, 48.0, 39.0, 27.0, 7.0, 7.0, 16.0, 8.0, 6.0, 15.0, 42.0, 6.0, 8.0, 102.0, 5.0, 20.0, 1.0, 60.0, 22.0, 28.0, 1.0, 2.0, 28.0, 32.0, 5.0, 56.0, 3.0, 9.0, 9.0, 15.0, 1.0, 20.0, 33.0, 3.0, 24.0, 12.0, 24.0, 38.0, 10.0, 78.0, 42.0, 40.0, 42.0, 10.0, 39.0, 19.0, 18.0, 26.0, 16.0, 43.0, 15.0, 1.0, 21.0, 1.0, 5.0, 50.0, 9.0, 1.0, 25.0, 7.0, 1.0, 1.0, 25.0, 35.0, 34.0, 61.0, 1.0, 8.0, 2.0, 11.0, 31.0, 4.0, 10.0, 7.0, 14.0, 28.0, 11.0, 20.0, 4.0, 32.0, 27.0, 23.0, 13.0, 23.0, 22.0, 8.0, 16.0, 29.0, 5.0, 8.0, 38.0, 17.0, 2.0, 8.0, 8.0, 66.0, 1.0, 73.0, 12.0, 29.0, 3.0, 4.0, 34.0, 84.0, 8.0, 9.0, 48.0, 25.0, 59.0, 2.0, 27.0, 1.0, 20.0, 21.0, 47.0, 9.0, 10.0, 8.0, 10.0, 4.0, 86.0, 21.0, 22.0, 9.0, 7.0, 24.0, 9.0, 26.0, 20.0, 36.0, 59.0, 15.0, 134.0, 15.0, 27.0, 8.0, 23.0, 1.0, 16.0, 2.0, 9.0, 34.0, 45.0, 6.0, 19.0, 1.0, 27.0, 2.0, 4.0, 8.0, 53.0, 5.0, 20.0, 1.0, 5.0, 57.0, 9.0, 35.0, 44.0, 30.0, 21.0, 30.0, 1.0, 121.0, 8.0, 31.0, 12.0, 13.0, 8.0, 33.0, 14.0, 1.0, 24.0, 16.0, 59.0, 6.0, 101.0, 6.0, 90.0, 71.0, 2.0, 11.0, 9.0, 1.0, 33.0, 47.0, 35.0, 4.0, 48.0, 28.0, 137.0, 90.0, 8.0, 11.0, 1.0, 1.0, 4.0, 24.0, 33.0, 50.0, 27.0, 2.0, 20.0, 33.0, 35.0, 9.0, 4.0, 67.0, 11.0, 10.0, 49.0, 56.0, 16.0, 30.0, 39.0, 16.0, 2.0, 36.0, 1.0, 1.0, 1.0, 8.0, 2.0, 1.0, 40.0, 12.0, 3.0, 85.0, 39.0, 24.0, 1.0, 23.0, 3.0, 45.0, 17.0, 1.0, 3.0, 14.0, 6.0, 30.0, 11.0, 21.0, 8.0, 4.0, 5.0, 5.0, 8.0, 61.0, 8.0, 5.0, 96.0, 2.0, 43.0, 17.0, 4.0, 29.0, 15.0, 3.0, 16.0, 35.0, 57.0, 22.0, 22.0, 6.0, 6.0, 2.0, 25.0, 46.0, 7.0, 1.0, 24.0, 1.0, 18.0, 19.0, 15.0, 63.0, 33.0, 10.0, 4.0, 25.0, 4.0, 1.0, 6.0, 11.0, 25.0, 4.0, 15.0, 59.0, 7.0, 20.0, 48.0, 18.0, 25.0, 9.0, 8.0, 37.0, 58.0, 13.0, 60.0, 11.0, 20.0, 3.0, 39.0, 24.0, 11.0, 48.0, 3.0, 6.0, 1.0, 6.0, 49.0, 15.0, 49.0, 15.0, 78.0, 10.0, 39.0, 10.0, 24.0, 22.0, 39.0, 25.0, 11.0, 18.0, 37.0, 6.0, 6.0, 16.0, 2.0, 3.0, 21.0, 2.0, 4.0, 9.0, 45.0, 26.0, 10.0, 36.0, 36.0, 12.0, 11.0, 55.0, 3.0, 12.0, 13.0, 4.0, 25.0, 14.0, 15.0, 11.0, 9.0, 10.0, 9.0, 48.0, 24.0, 12.0, 2.0, 35.0, 6.0, 5.0, 1.0, 57.0, 1.0, 21.0, 6.0, 15.0, 13.0, 13.0, 9.0, 27.0, 103.0, 44.0, 38.0, 62.0, 1.0, 50.0, 77.0, 8.0, 14.0, 16.0, 85.0, 1.0, 28.0, 1.0, 19.0, 25.0, 25.0, 3.0, 3.0, 26.0, 4.0, 24.0, 21.0, 5.0, 29.0, 48.0, 7.0, 10.0, 6.0, 84.0, 24.0, 4.0, 12.0, 12.0, 11.0, 1.0, 15.0, 8.0, 52.0, 1.0, 9.0, 8.0, 40.0, 5.0, 7.0, 1.0, 28.0, 2.0, 12.0, 9.0, 9.0, 41.0, 32.0, 1.0, 1.0, 24.0, 7.0, 42.0, 8.0, 1.0, 9.0, 20.0, 4.0, 10.0, 4.0, 1.0, 21.0, 2.0, 15.0, 4.0, 31.0, 7.0, 17.0, 4.0, 11.0, 29.0, 8.0, 9.0, 50.0, 12.0, 33.0, 35.0, 3.0, 11.0, 10.0, 9.0, 10.0, 4.0, 17.0, 4.0, 4.0, 9.0, 39.0, 1.0, 28.0, 55.0, 21.0, 1.0, 25.0, 10.0, 11.0, 23.0, 9.0, 25.0, 84.0, 26.0, 31.0, 5.0, 17.0, 3.0, 187.0, 2.0, 4.0, 25.0, 9.0, 44.0, 50.0, 9.0, 6.0, 13.0, 9.0, 27.0, 38.0, 17.0, 10.0, 72.0, 70.0, 12.0, 4.0, 1.0, 9.0, 19.0, 51.0, 23.0, 18.0, 1.0, 1.0, 84.0, 2.0, 79.0, 9.0, 18.0, 13.0, 25.0, 9.0, 8.0, 28.0, 1.0, 13.0, 7.0, 3.0, 85.0, 39.0, 30.0, 80.0, 30.0, 56.0, 30.0, 92.0, 1.0, 17.0, 6.0, 6.0, 11.0, 9.0, 42.0, 13.0, 11.0, 8.0, 19.0, 7.0, 24.0, 13.0, 21.0, 20.0, 81.0, 40.0, 44.0, 6.0, 16.0, 18.0, 10.0, 10.0, 23.0, 74.0, 1.0, 39.0, 37.0, 13.0, 1.0, 1.0, 10.0, 12.0, 39.0, 9.0, 11.0, 7.0, 21.0, 11.0, 16.0, 15.0, 12.0, 4.0, 13.0, 7.0, 9.0, 8.0, 44.0, 12.0, 2.0, 20.0, 22.0, 25.0, 8.0, 7.0, 36.0, 1.0, 31.0, 14.0, 11.0, 53.0, 3.0, 8.0, 4.0, 7.0, 7.0, 10.0, 1.0, 60.0, 14.0, 44.0, 29.0, 55.0, 1.0, 13.0, 7.0, 27.0, 1.0, 17.0, 41.0, 6.0, 12.0, 1.0, 6.0, 2.0, 41.0, 53.0, 2.0, 1.0, 31.0, 30.0, 25.0, 26.0, 19.0, 14.0, 59.0, 10.0, 7.0, 21.0, 8.0, 13.0, 1.0, 43.0, 11.0, 112.0, 40.0, 1.0, 3.0, 9.0, 2.0, 3.0, 12.0, 10.0, 7.0, 4.0, 22.0, 32.0, 69.0, 7.0, 15.0, 10.0, 10.0, 23.0, 10.0, 4.0, 8.0, 13.0, 1.0, 22.0, 6.0, 22.0, 14.0, 44.0, 28.0, 51.0, 15.0, 21.0, 14.0, 3.0, 4.0, 1.0, 3.0, 69.0, 23.0, 19.0, 131.0, 30.0, 4.0, 15.0, 49.0, 87.0, 12.0, 7.0, 9.0, 5.0, 7.0, 26.0, 33.0, 7.0, 9.0, 9.0, 1.0, 7.0, 54.0, 13.0, 1.0, 1.0, 16.0, 31.0, 30.0, 9.0, 13.0, 37.0, 8.0, 5.0, 3.0, 11.0, 15.0, 57.0, 6.0, 46.0, 8.0, 10.0, 13.0, 26.0, 11.0, 4.0, 16.0, 21.0, 12.0, 10.0, 7.0, 20.0, 22.0, 47.0, 2.0, 6.0, 9.0, 11.0, 13.0, 10.0, 5.0, 11.0, 15.0, 41.0, 29.0, 28.0, 34.0, 14.0, 14.0, 21.0, 11.0, 6.0, 7.0, 70.0, 44.0, 6.0, 4.0, 32.0, 12.0, 15.0, 8.0, 7.0, 24.0, 20.0, 23.0, 1.0, 10.0, 1.0, 5.0, 40.0, 10.0, 8.0, 55.0, 4.0, 5.0, 9.0, 11.0, 10.0, 7.0, 12.0, 88.0, 9.0, 3.0, 17.0, 14.0, 7.0, 18.0, 1.0, 11.0, 11.0, 14.0, 8.0, 102.0, 1.0, 17.0, 8.0, 16.0, 7.0, 36.0, 8.0, 86.0, 4.0, 53.0, 13.0, 4.0, 10.0, 39.0, 9.0, 27.0, 28.0, 23.0, 2.0, 19.0, 7.0, 21.0, 14.0, 51.0, 60.0, 61.0, 68.0, 1.0, 9.0, 9.0, 13.0, 21.0, 6.0, 34.0, 39.0, 27.0, 2.0, 49.0, 10.0, 1.0, 9.0, 16.0, 4.0, 3.0, 17.0, 14.0, 31.0, 9.0, 7.0, 5.0, 5.0, 102.0, 9.0, 11.0, 10.0, 20.0, 10.0, 12.0, 13.0, 20.0, 7.0, 20.0, 53.0, 51.0, 6.0, 45.0, 15.0, 10.0, 9.0, 5.0, 14.0, 21.0, 9.0, 26.0, 4.0, 10.0, 11.0, 2.0, 13.0, 8.0, 1.0, 3.0, 22.0, 8.0, 24.0, 29.0, 4.0, 3.0, 18.0, 20.0, 10.0, 10.0, 6.0, 19.0, 24.0, 5.0, 15.0, 20.0, 21.0, 20.0, 33.0, 20.0, 22.0, 19.0, 27.0, 23.0, 8.0, 1.0, 7.0, 5.0, 17.0, 13.0, 10.0, 9.0, 48.0, 26.0, 36.0, 62.0, 26.0, 8.0, 32.0, 26.0, 11.0, 21.0, 8.0, 58.0, 19.0, 18.0, 17.0, 27.0, 10.0, 9.0, 55.0, 9.0, 1.0, 61.0, 10.0, 28.0, 41.0, 21.0, 44.0, 11.0, 30.0, 54.0, 36.0, 56.0, 12.0, 6.0, 16.0, 19.0, 19.0, 82.0, 6.0, 23.0, 32.0, 30.0, 24.0, 22.0, 48.0, 10.0, 10.0, 13.0, 9.0, 24.0, 13.0, 15.0, 28.0, 11.0, 56.0, 77.0, 50.0, 20.0, 7.0, 59.0, 53.0, 3.0, 9.0, 7.0, 4.0, 15.0, 45.0, 18.0, 6.0, 5.0, 31.0, 34.0, 6.0, 4.0, 11.0, 10.0, 12.0, 8.0, 10.0, 2.0, 30.0, 32.0, 55.0, 8.0, 9.0, 13.0, 52.0, 46.0, 20.0, 23.0, 2.0, 17.0, 3.0, 3.0, 11.0, 20.0, 14.0, 14.0, 2.0, 57.0, 21.0, 48.0, 7.0, 4.0, 30.0, 39.0, 8.0, 92.0, 28.0, 6.0, 42.0, 8.0, 15.0, 15.0, 1.0, 22.0, 16.0, 1.0, 6.0, 58.0, 10.0, 23.0, 66.0, 18.0, 7.0, 9.0, 93.0, 57.0, 6.0, 7.0, 26.0, 26.0, 8.0, 23.0, 4.0, 26.0, 20.0, 13.0, 3.0, 1.0, 36.0, 1.0, 8.0, 25.0, 11.0, 5.0, 5.0, 47.0, 9.0, 12.0, 59.0, 11.0, 6.0, 1.0, 3.0, 19.0, 42.0, 1.0, 17.0, 8.0, 56.0, 32.0, 16.0, 14.0, 24.0, 4.0, 62.0, 9.0, 88.0, 11.0, 24.0, 7.0, 37.0, 34.0, 12.0, 16.0, 12.0, 16.0, 7.0, 1.0, 4.0, 15.0, 26.0, 29.0, 22.0, 9.0, 1.0, 15.0, 6.0, 26.0, 4.0, 31.0, 28.0, 22.0, 14.0, 5.0, 1.0, 10.0, 6.0, 34.0, 1.0, 59.0, 9.0, 19.0, 10.0, 27.0, 11.0, 55.0, 2.0, 16.0, 15.0, 15.0, 18.0, 12.0, 6.0, 5.0, 7.0, 7.0, 10.0, 6.0, 16.0, 9.0, 6.0, 23.0, 9.0, 9.0, 14.0, 20.0, 9.0, 19.0, 79.0, 18.0, 11.0, 28.0, 37.0, 1.0, 12.0, 13.0, 1.0, 82.0, 10.0, 11.0, 6.0, 27.0, 25.0, 20.0, 10.0, 10.0, 15.0, 1.0, 10.0, 47.0, 8.0, 46.0, 10.0, 4.0, 8.0, 20.0, 25.0, 36.0, 20.0, 9.0, 33.0, 9.0, 36.0, 4.0, 11.0, 1.0, 29.0, 15.0, 6.0, 10.0, 45.0, 19.0, 35.0, 35.0, 21.0, 20.0, 45.0, 9.0, 15.0, 106.0, 9.0, 2.0, 8.0, 9.0, 10.0, 1.0, 5.0, 136.0, 16.0, 8.0, 6.0, 18.0, 27.0, 33.0, 25.0, 32.0, 10.0, 1.0, 1.0, 6.0, 9.0, 11.0, 11.0, 36.0, 9.0, 3.0, 13.0, 10.0, 12.0, 34.0, 24.0, 40.0, 7.0, 62.0, 104.0, 19.0, 9.0, 10.0, 1.0, 11.0, 13.0, 10.0, 9.0, 30.0, 8.0, 33.0, 27.0, 40.0, 29.0, 7.0, 1.0, 49.0, 40.0, 3.0, 6.0, 20.0, 8.0, 5.0, 8.0, 16.0, 10.0, 3.0, 12.0, 76.0, 6.0, 25.0, 10.0, 1.0, 83.0, 30.0, 1.0, 20.0, 26.0, 1.0, 13.0, 10.0, 3.0, 5.0, 14.0, 15.0, 55.0, 37.0, 1.0, 8.0, 5.0, 27.0, 35.0, 38.0, 13.0, 4.0, 19.0, 8.0, 10.0, 4.0, 2.0, 43.0, 6.0, 22.0, 19.0, 26.0, 6.0, 12.0, 12.0, 8.0, 44.0, 33.0, 22.0, 49.0, 6.0, 31.0, 32.0, 45.0, 12.0, 3.0, 42.0, 30.0, 25.0, 1.0, 5.0, 3.0, 50.0, 24.0, 25.0, 23.0, 19.0, 126.0, 2.0, 9.0, 12.0, 13.0, 19.0, 4.0, 16.0, 6.0, 8.0, 22.0, 5.0, 14.0, 17.0, 1.0, 25.0, 12.0, 2.0, 3.0, 6.0, 9.0, 8.0, 14.0, 14.0, 13.0, 18.0, 18.0, 96.0, 1.0, 4.0, 15.0, 65.0, 3.0, 44.0, 10.0, 9.0, 42.0, 11.0, 61.0, 15.0, 1.0, 24.0, 29.0, 15.0, 24.0, 39.0, 5.0, 9.0, 16.0, 23.0, 7.0, 51.0, 26.0, 17.0, 64.0, 10.0, 6.0, 5.0, 8.0, 27.0, 24.0, 29.0, 22.0, 31.0, 5.0, 11.0, 15.0, 9.0, 4.0, 65.0, 12.0, 15.0, 80.0, 14.0, 9.0, 7.0, 24.0, 42.0, 24.0, 20.0, 8.0, 39.0, 22.0, 1.0, 10.0, 1.0, 7.0, 33.0, 1.0, 10.0, 3.0, 67.0, 51.0, 10.0, 27.0, 51.0, 28.0, 4.0, 33.0, 20.0, 1.0, 55.0, 43.0, 79.0, 7.0, 8.0, 41.0, 7.0, 2.0, 22.0, 8.0, 53.0, 8.0, 39.0, 9.0, 8.0, 1.0, 11.0, 13.0, 17.0, 1.0, 4.0, 21.0, 18.0, 10.0, 9.0, 17.0, 14.0, 7.0, 8.0, 35.0, 10.0, 1.0, 14.0, 34.0, 14.0, 91.0, 10.0, 18.0, 111.0, 21.0, 14.0, 5.0, 1.0, 45.0, 9.0, 40.0, 5.0, 18.0, 54.0, 56.0, 5.0, 51.0, 20.0, 22.0, 10.0, 70.0, 5.0, 10.0, 14.0, 2.0, 43.0, 10.0, 39.0, 66.0, 10.0, 24.0, 47.0, 9.0, 55.0, 60.0, 1.0, 18.0, 1.0, 42.0, 7.0, 4.0, 1.0, 8.0, 4.0, 40.0, 4.0, 57.0, 37.0, 16.0, 52.0, 3.0, 12.0, 82.0, 6.0, 3.0, 36.0, 94.0, 15.0, 35.0, 30.0, 2.0, 16.0, 11.0, 33.0, 41.0, 33.0, 12.0, 15.0, 3.0, 89.0, 1.0, 12.0, 32.0, 11.0, 48.0, 1.0, 13.0, 16.0, 20.0, 4.0, 15.0, 19.0, 40.0, 10.0, 34.0, 13.0, 5.0, 12.0, 11.0, 33.0, 8.0, 13.0, 8.0, 33.0, 1.0, 10.0, 39.0, 15.0, 4.0, 4.0, 1.0, 1.0, 3.0, 23.0, 59.0, 49.0, 27.0, 8.0, 21.0, 16.0, 8.0, 31.0, 8.0, 69.0, 9.0, 12.0, 23.0, 26.0, 43.0, 7.0, 39.0, 7.0, 31.0, 6.0, 10.0, 11.0, 9.0, 8.0, 7.0, 7.0, 43.0, 24.0, 35.0, 24.0, 80.0, 1.0, 55.0, 18.0, 39.0, 10.0, 36.0, 5.0, 6.0, 3.0, 11.0, 24.0, 2.0, 1.0, 21.0, 12.0, 14.0, 85.0, 32.0, 10.0, 14.0, 35.0, 66.0, 24.0, 11.0, 16.0, 4.0, 50.0, 17.0, 5.0, 14.0, 3.0, 1.0, 51.0, 19.0, 19.0, 10.0, 21.0, 11.0, 18.0, 10.0, 21.0, 12.0, 10.0, 20.0, 38.0, 16.0, 42.0, 9.0, 17.0, 3.0, 12.0, 7.0, 103.0, 12.0, 19.0, 29.0, 11.0, 24.0, 12.0, 17.0, 21.0, 28.0, 29.0, 60.0, 41.0, 9.0, 1.0, 36.0, 104.0, 6.0, 1.0, 4.0, 7.0, 27.0, 16.0, 13.0, 41.0, 68.0, 8.0, 7.0, 1.0, 74.0, 33.0, 4.0, 1.0, 7.0, 31.0, 3.0, 8.0, 124.0, 12.0, 40.0, 79.0, 37.0, 8.0, 44.0, 38.0, 7.0, 13.0, 13.0, 8.0, 21.0, 10.0, 17.0, 10.0, 27.0, 20.0, 24.0, 11.0, 1.0, 4.0, 8.0, 33.0, 10.0, 11.0, 11.0, 1.0, 41.0, 46.0, 8.0, 6.0, 14.0, 7.0, 8.0, 1.0, 26.0, 12.0, 2.0, 40.0, 1.0, 25.0, 1.0, 9.0, 59.0, 1.0, 17.0, 8.0, 13.0, 6.0, 12.0, 10.0, 14.0, 36.0, 19.0, 3.0, 15.0, 10.0, 47.0, 3.0, 25.0, 20.0, 35.0, 10.0, 58.0, 8.0, 10.0, 9.0, 6.0, 60.0, 16.0, 3.0, 23.0, 13.0, 24.0, 2.0, 59.0, 30.0, 12.0, 3.0, 3.0, 38.0, 17.0, 17.0, 4.0, 15.0, 56.0, 6.0, 4.0, 1.0, 38.0, 48.0, 8.0, 10.0, 7.0, 9.0, 7.0, 23.0, 27.0, 1.0, 32.0, 4.0, 2.0, 1.0, 4.0, 21.0, 2.0, 33.0, 22.0, 10.0, 9.0, 10.0, 12.0, 23.0, 23.0, 49.0, 30.0, 18.0, 27.0, 23.0, 11.0, 26.0, 8.0, 1.0, 5.0, 20.0, 31.0, 28.0, 9.0, 1.0, 38.0, 6.0, 49.0, 26.0, 8.0, 19.0, 3.0, 38.0, 11.0, 9.0, 14.0, 56.0, 12.0, 10.0, 38.0, 77.0, 28.0, 40.0, 11.0, 7.0, 10.0, 21.0, 8.0, 12.0, 50.0, 2.0, 9.0, 38.0, 11.0, 21.0, 18.0, 5.0, 10.0, 17.0, 2.0, 5.0, 11.0, 24.0, 4.0, 9.0, 3.0, 7.0, 14.0, 17.0, 49.0, 1.0, 77.0, 137.0, 62.0, 49.0, 11.0, 3.0, 24.0, 42.0, 27.0, 16.0, 34.0, 12.0, 3.0, 2.0, 25.0, 11.0, 22.0, 6.0, 33.0, 19.0, 1.0, 9.0, 4.0, 58.0, 29.0, 5.0, 46.0, 12.0, 7.0, 14.0, 9.0, 35.0, 6.0, 6.0, 9.0, 5.0, 11.0, 1.0, 25.0, 7.0, 9.0, 3.0, 3.0, 40.0, 8.0, 13.0, 8.0, 20.0, 41.0, 9.0, 9.0, 23.0, 13.0, 30.0, 18.0, 10.0, 30.0, 24.0, 15.0, 13.0, 6.0, 6.0, 14.0, 76.0, 4.0, 41.0, 7.0, 10.0, 63.0, 6.0, 1.0, 22.0, 10.0, 10.0, 9.0, 5.0, 17.0, 1.0, 10.0, 26.0, 5.0, 1.0, 19.0, 7.0, 44.0, 57.0, 1.0, 44.0, 32.0, 1.0, 7.0, 50.0, 72.0, 25.0, 1.0, 17.0, 38.0, 14.0, 10.0, 6.0, 14.0, 1.0, 62.0, 7.0, 9.0, 40.0, 7.0, 6.0, 72.0, 1.0, 55.0, 28.0, 8.0, 33.0, 86.0, 38.0, 10.0, 20.0, 6.0, 50.0, 6.0, 21.0, 53.0, 21.0, 16.0, 17.0, 38.0, 44.0, 11.0, 3.0, 1.0, 1.0, 1.0, 2.0, 10.0, 50.0, 66.0, 9.0, 46.0, 58.0, 1.0, 3.0, 64.0, 8.0, 17.0, 26.0, 19.0, 11.0, 6.0, 16.0, 10.0, 58.0, 11.0, 15.0, 7.0, 10.0, 11.0, 39.0, 2.0, 6.0, 26.0, 24.0, 32.0, 113.0, 15.0, 8.0, 13.0, 10.0, 4.0, 27.0, 63.0, 10.0, 22.0, 53.0, 5.0, 23.0, 13.0, 24.0, 34.0, 16.0, 1.0, 10.0, 7.0, 10.0, 40.0, 15.0, 7.0, 99.0, 16.0, 11.0, 13.0, 13.0, 10.0, 16.0, 13.0, 32.0, 10.0, 8.0, 75.0, 21.0, 69.0, 28.0, 2.0, 1.0, 27.0, 14.0, 10.0, 26.0, 10.0, 1.0, 14.0, 12.0, 13.0, 16.0, 77.0, 10.0, 10.0, 16.0, 18.0, 45.0, 6.0, 35.0, 4.0, 24.0, 9.0, 94.0, 37.0, 5.0, 44.0, 26.0, 19.0, 75.0, 9.0, 66.0, 6.0, 14.0, 27.0, 35.0, 6.0, 24.0, 19.0, 4.0, 5.0, 11.0, 34.0, 12.0, 34.0, 9.0, 10.0, 30.0, 9.0, 20.0, 1.0, 2.0, 22.0, 16.0, 46.0, 23.0, 9.0, 2.0, 24.0, 1.0, 1.0, 8.0, 8.0, 7.0, 14.0, 29.0, 9.0, 5.0, 103.0, 5.0, 7.0, 35.0, 5.0, 17.0, 9.0, 10.0, 1.0, 24.0, 34.0, 16.0, 33.0, 14.0, 52.0, 5.0, 48.0, 39.0, 32.0, 10.0, 8.0, 27.0, 24.0, 30.0, 17.0, 10.0, 8.0, 11.0, 8.0, 1.0, 34.0, 4.0, 6.0, 8.0, 6.0, 7.0, 6.0, 27.0, 11.0, 6.0, 21.0, 9.0, 16.0, 15.0, 44.0, 5.0, 1.0, 1.0, 10.0, 27.0, 26.0, 15.0, 3.0, 2.0, 7.0, 3.0, 5.0, 28.0, 30.0, 17.0, 29.0, 9.0, 8.0, 9.0, 11.0, 21.0, 3.0, 2.0, 5.0, 18.0, 7.0, 8.0, 8.0, 10.0, 13.0, 5.0, 5.0, 35.0, 7.0, 5.0, 11.0, 18.0, 8.0, 4.0, 7.0, 29.0, 1.0, 15.0, 58.0, 44.0, 15.0, 7.0, 23.0, 9.0, 10.0, 29.0, 2.0, 58.0, 5.0, 23.0, 3.0, 11.0, 15.0, 5.0, 34.0, 8.0, 18.0, 14.0, 8.0, 42.0, 51.0, 9.0, 24.0, 6.0, 10.0, 24.0, 16.0, 1.0, 11.0, 36.0, 59.0, 14.0, 7.0, 41.0, 16.0, 13.0, 16.0, 42.0, 58.0, 90.0, 20.0, 11.0, 38.0, 13.0, 64.0, 33.0, 34.0, 7.0, 15.0, 40.0, 33.0, 9.0, 11.0, 5.0, 2.0, 13.0, 4.0, 45.0, 78.0, 2.0, 11.0, 11.0, 29.0, 29.0, 7.0, 10.0, 23.0, 32.0, 26.0, 33.0, 128.0, 5.0, 10.0, 3.0, 20.0, 8.0, 38.0, 4.0, 2.0, 19.0, 3.0, 6.0, 5.0, 24.0, 9.0, 10.0, 64.0, 8.0, 3.0, 52.0, 32.0, 9.0, 38.0, 48.0, 63.0, 11.0, 48.0, 75.0, 9.0, 2.0, 30.0, 23.0, 4.0, 30.0, 44.0, 11.0, 20.0, 27.0, 25.0, 27.0, 1.0, 24.0, 12.0, 15.0, 3.0, 14.0, 23.0, 34.0, 3.0, 8.0, 13.0, 9.0, 8.0, 10.0, 10.0, 9.0, 18.0, 37.0, 21.0, 32.0, 20.0, 3.0, 14.0, 16.0, 23.0, 13.0, 30.0, 14.0, 47.0, 15.0, 27.0, 33.0, 9.0, 22.0, 44.0, 7.0, 3.0, 2.0, 29.0, 20.0, 1.0, 4.0, 1.0, 26.0, 59.0, 14.0, 68.0, 81.0, 9.0, 7.0, 28.0, 1.0, 5.0, 19.0, 12.0, 30.0, 3.0, 23.0, 8.0, 10.0, 28.0, 19.0, 14.0, 9.0, 4.0, 13.0, 2.0, 31.0, 23.0, 50.0, 1.0, 43.0, 74.0, 26.0, 51.0, 13.0, 7.0, 39.0, 19.0, 1.0, 6.0, 4.0, 28.0, 3.0, 41.0, 17.0, 19.0, 4.0, 2.0, 7.0, 4.0, 4.0, 4.0, 10.0, 21.0, 4.0, 31.0, 30.0, 11.0, 28.0, 3.0, 9.0, 7.0, 57.0, 2.0, 47.0, 32.0, 47.0, 2.0, 2.0, 15.0, 5.0, 27.0, 3.0, 2.0, 5.0, 17.0, 45.0, 29.0, 145.0, 39.0, 9.0, 31.0, 66.0, 22.0, 27.0, 15.0, 10.0, 1.0, 6.0, 14.0, 1.0, 5.0, 3.0, 12.0, 20.0, 22.0, 6.0, 35.0, 18.0, 25.0, 10.0, 1.0, 5.0, 9.0, 42.0, 3.0, 46.0, 7.0, 5.0, 90.0, 75.0, 3.0, 11.0, 2.0, 7.0, 11.0, 20.0, 38.0, 1.0, 46.0, 105.0, 44.0, 34.0, 30.0, 13.0, 10.0, 34.0, 107.0, 29.0, 44.0, 24.0, 3.0, 8.0, 3.0, 17.0, 13.0, 23.0, 1.0, 21.0, 30.0, 9.0, 12.0, 10.0, 63.0, 10.0, 72.0, 1.0, 3.0, 15.0, 10.0, 20.0, 6.0, 22.0, 1.0, 57.0, 22.0, 107.0, 31.0, 13.0, 9.0, 10.0, 20.0, 7.0, 1.0, 12.0, 5.0, 12.0, 1.0, 8.0, 9.0, 18.0, 11.0, 9.0, 17.0, 34.0, 24.0, 1.0, 13.0, 24.0, 6.0, 14.0, 28.0, 20.0, 11.0, 1.0, 27.0, 21.0, 40.0, 11.0, 11.0, 8.0, 25.0, 1.0, 11.0, 20.0, 11.0, 37.0, 30.0, 24.0, 31.0, 10.0, 28.0, 38.0, 15.0, 9.0, 2.0, 65.0, 17.0, 4.0, 3.0, 10.0, 6.0, 8.0, 75.0, 119.0, 12.0, 9.0, 1.0, 9.0, 22.0, 8.0, 1.0, 7.0, 1.0, 76.0, 34.0, 16.0, 5.0, 1.0, 28.0, 1.0, 24.0, 5.0, 4.0, 10.0, 49.0, 20.0, 6.0, 32.0, 23.0, 3.0, 40.0, 83.0, 3.0, 25.0, 1.0, 27.0, 16.0, 24.0, 3.0, 19.0, 30.0, 53.0, 13.0, 24.0, 20.0, 21.0, 17.0, 13.0, 5.0, 1.0, 3.0, 10.0, 5.0, 47.0, 57.0, 9.0, 22.0, 24.0, 38.0, 25.0, 14.0, 11.0, 1.0, 10.0, 19.0, 111.0, 9.0, 17.0, 6.0, 16.0, 2.0, 23.0, 14.0, 26.0, 13.0, 12.0, 5.0, 7.0, 1.0, 7.0, 1.0, 9.0, 3.0, 44.0, 1.0, 20.0, 23.0, 22.0, 11.0, 15.0, 1.0, 35.0, 44.0, 6.0, 8.0, 19.0, 8.0, 22.0, 5.0, 19.0, 9.0, 44.0, 8.0, 13.0, 13.0, 3.0, 14.0, 30.0, 9.0, 46.0, 4.0, 17.0, 21.0, 12.0, 26.0, 9.0, 9.0, 25.0, 19.0, 17.0, 51.0, 7.0, 5.0, 10.0, 6.0, 29.0, 4.0, 7.0, 10.0, 5.0, 34.0, 4.0, 21.0, 1.0, 46.0, 35.0, 3.0, 22.0, 8.0, 70.0, 31.0, 7.0, 80.0, 7.0, 11.0, 8.0, 145.0, 17.0, 4.0, 1.0, 17.0, 53.0, 79.0, 62.0, 47.0, 17.0, 1.0, 49.0, 30.0, 1.0, 2.0, 33.0, 20.0, 7.0, 8.0, 41.0, 23.0, 73.0, 18.0, 8.0, 4.0, 1.0, 21.0, 25.0, 3.0, 50.0, 11.0, 25.0, 9.0, 5.0, 23.0, 12.0, 12.0, 27.0, 23.0, 21.0, 17.0, 7.0, 6.0, 1.0, 1.0, 41.0, 8.0, 11.0, 13.0, 35.0, 4.0, 9.0, 14.0, 1.0, 1.0, 6.0, 21.0, 6.0, 70.0, 36.0, 10.0, 2.0, 5.0, 45.0, 21.0, 54.0, 11.0, 39.0, 15.0, 33.0, 16.0, 28.0, 23.0, 5.0, 19.0, 38.0, 15.0, 37.0, 4.0, 20.0, 8.0, 12.0, 11.0, 14.0, 24.0, 20.0, 28.0, 6.0, 10.0, 95.0, 7.0, 2.0, 40.0, 30.0, 26.0, 21.0, 19.0, 29.0, 1.0, 14.0, 47.0, 10.0, 12.0, 44.0, 32.0, 72.0, 23.0, 4.0, 31.0, 14.0, 7.0, 14.0, 40.0, 11.0, 34.0, 23.0, 9.0, 1.0, 62.0, 11.0, 6.0, 18.0, 9.0, 5.0, 18.0, 55.0, 48.0, 11.0, 11.0, 67.0, 1.0, 6.0, 1.0, 5.0, 39.0, 5.0, 9.0, 3.0, 11.0, 41.0, 24.0, 10.0, 34.0, 28.0, 2.0, 6.0, 24.0, 11.0, 37.0, 9.0, 19.0, 9.0, 10.0, 10.0, 5.0, 49.0, 3.0, 2.0, 14.0, 13.0, 6.0, 1.0, 2.0, 6.0, 20.0, 15.0, 1.0, 111.0, 56.0, 23.0, 76.0, 23.0, 22.0, 49.0, 20.0, 3.0, 24.0, 1.0, 17.0, 20.0, 8.0, 27.0, 10.0, 8.0, 2.0, 11.0, 33.0, 32.0, 24.0, 23.0, 1.0, 6.0, 28.0, 9.0, 25.0, 11.0, 16.0, 10.0, 9.0, 13.0, 9.0, 5.0, 29.0, 2.0, 31.0, 30.0, 15.0, 1.0, 21.0, 1.0, 15.0, 6.0, 42.0, 12.0, 7.0, 19.0, 19.0, 25.0, 13.0, 18.0, 8.0, 6.0, 37.0, 12.0, 12.0, 2.0, 25.0, 25.0, 40.0, 6.0, 60.0, 14.0, 15.0, 24.0, 2.0, 14.0, 35.0, 8.0, 5.0, 32.0, 1.0, 12.0, 11.0, 9.0, 10.0, 1.0, 41.0, 6.0, 26.0, 4.0, 29.0, 2.0, 17.0, 5.0, 21.0, 72.0, 1.0, 20.0, 26.0, 17.0, 60.0, 47.0, 15.0, 32.0, 7.0, 7.0, 11.0, 13.0, 9.0, 4.0, 29.0, 1.0, 9.0, 9.0, 49.0, 58.0, 35.0, 10.0, 15.0, 2.0, 1.0, 10.0, 51.0, 38.0, 17.0, 7.0, 22.0, 39.0, 8.0, 5.0, 25.0, 32.0, 29.0, 10.0, 3.0, 17.0, 4.0, 2.0, 5.0, 9.0, 11.0, 8.0, 12.0, 6.0, 4.0, 1.0, 29.0, 20.0, 9.0, 38.0, 18.0, 27.0, 1.0, 37.0, 62.0, 39.0, 14.0, 64.0, 17.0, 13.0, 87.0, 56.0, 51.0, 46.0, 16.0, 34.0, 9.0, 10.0, 23.0, 1.0, 13.0, 1.0, 10.0, 14.0, 17.0, 1.0, 18.0, 27.0, 11.0, 17.0, 28.0, 8.0, 6.0, 77.0, 16.0, 13.0, 1.0, 4.0, 9.0, 15.0, 30.0, 37.0, 35.0, 57.0, 9.0, 9.0, 8.0, 7.0, 29.0, 4.0, 25.0, 21.0, 10.0, 9.0, 34.0, 7.0, 1.0, 1.0, 4.0, 10.0, 11.0, 10.0, 14.0, 78.0, 10.0, 31.0, 27.0, 10.0, 5.0, 31.0, 33.0, 12.0, 1.0, 20.0, 28.0, 31.0, 10.0, 11.0, 9.0, 12.0, 7.0, 73.0, 9.0, 70.0, 1.0, 23.0, 63.0, 3.0, 1.0, 20.0, 20.0, 7.0, 3.0, 41.0, 11.0, 15.0, 33.0, 25.0, 47.0, 9.0, 75.0, 47.0, 11.0, 27.0, 10.0, 7.0, 9.0, 23.0, 8.0, 14.0, 24.0, 1.0, 29.0, 1.0, 2.0, 26.0, 4.0, 9.0, 7.0, 39.0, 14.0, 8.0, 185.0, 5.0, 12.0, 53.0, 3.0, 5.0, 48.0, 6.0, 12.0, 38.0, 69.0, 65.0, 51.0, 10.0, 7.0, 74.0, 32.0, 38.0, 4.0, 10.0, 36.0, 14.0, 24.0, 28.0, 9.0, 12.0, 11.0, 21.0, 1.0, 2.0, 10.0, 5.0, 7.0, 26.0, 8.0, 30.0, 25.0, 12.0, 6.0, 22.0, 9.0, 8.0, 47.0, 23.0, 8.0, 9.0, 14.0, 17.0, 26.0, 12.0, 3.0, 11.0, 11.0, 18.0, 5.0, 16.0, 11.0, 11.0, 20.0, 9.0, 15.0, 9.0, 4.0, 11.0, 7.0, 43.0, 32.0, 13.0, 25.0, 57.0, 1.0, 2.0, 37.0, 5.0, 9.0, 11.0, 7.0, 5.0, 47.0, 19.0, 10.0, 11.0, 9.0, 57.0, 87.0, 54.0, 33.0, 29.0, 3.0, 49.0, 1.0, 63.0, 16.0, 5.0, 9.0, 58.0, 29.0, 6.0, 3.0, 18.0, 55.0, 23.0, 14.0, 7.0, 8.0, 29.0, 21.0, 39.0, 3.0, 1.0, 1.0, 17.0, 86.0, 14.0, 4.0, 15.0, 27.0, 10.0, 6.0] 

MGT times
 [82.0, 9.0, 5.0, 9.0, 11.0, 15.0, 59.0, 1.0, 37.0, 8.0, 1.0, 21.0, 4.0, 15.0, 20.0, 29.0, 36.0, 4.0, 48.0, 39.0, 27.0, 7.0, 7.0, 8.0, 6.0, 15.0, 6.0, 8.0, 76.0, 5.0, 19.0, 1.0, 60.0, 20.0, 1.0, 2.0, 28.0, 23.0, 5.0, 55.0, 3.0, 9.0, 9.0, 1.0, 20.0, 33.0, 3.0, 24.0, 12.0, 14.0, 38.0, 10.0, 50.0, 42.0, 22.0, 21.0, 10.0, 39.0, 15.0, 17.0, 11.0, 16.0, 34.0, 15.0, 1.0, 21.0, 1.0, 5.0, 50.0, 9.0, 1.0, 25.0, 7.0, 1.0, 1.0, 25.0, 11.0, 34.0, 22.0, 1.0, 8.0, 2.0, 11.0, 11.0, 4.0, 4.0, 7.0, 14.0, 28.0, 11.0, 20.0, 4.0, 32.0, 27.0, 23.0, 13.0, 23.0, 22.0, 8.0, 16.0, 29.0, 5.0, 8.0, 38.0, 17.0, 2.0, 8.0, 8.0, 44.0, 1.0, 66.0, 12.0, 6.0, 3.0, 4.0, 18.0, 74.0, 8.0, 9.0, 48.0, 25.0, 42.0, 2.0, 27.0, 1.0, 20.0, 21.0, 47.0, 9.0, 10.0, 8.0, 10.0, 4.0, 51.0, 21.0, 1.0, 9.0, 7.0, 24.0, 9.0, 20.0, 36.0, 59.0, 15.0, 128.0, 15.0, 27.0, 8.0, 23.0, 1.0, 16.0, 2.0, 9.0, 34.0, 45.0, 6.0, 19.0, 1.0, 27.0, 2.0, 4.0, 35.0, 5.0, 5.0, 1.0, 5.0, 57.0, 9.0, 35.0, 44.0, 30.0, 30.0, 1.0, 30.0, 8.0, 31.0, 12.0, 13.0, 8.0, 26.0, 14.0, 11.0, 16.0, 27.0, 84.0, 6.0, 89.0, 71.0, 2.0, 11.0, 9.0, 1.0, 32.0, 47.0, 22.0, 4.0, 48.0, 28.0, 137.0, 28.0, 8.0, 11.0, 1.0, 1.0, 4.0, 24.0, 15.0, 26.0, 2.0, 11.0, 33.0, 34.0, 9.0, 67.0, 11.0, 10.0, 18.0, 56.0, 9.0, 20.0, 2.0, 36.0, 1.0, 1.0, 8.0, 2.0, 1.0, 29.0, 12.0, 3.0, 62.0, 30.0, 24.0, 1.0, 23.0, 3.0, 45.0, 7.0, 1.0, 3.0, 12.0, 6.0, 30.0, 11.0, 21.0, 8.0, 4.0, 5.0, 5.0, 8.0, 38.0, 8.0, 5.0, 60.0, 2.0, 43.0, 17.0, 4.0, 29.0, 15.0, 3.0, 16.0, 57.0, 22.0, 11.0, 6.0, 6.0, 2.0, 25.0, 46.0, 7.0, 1.0, 8.0, 1.0, 18.0, 18.0, 15.0, 42.0, 33.0, 10.0, 4.0, 25.0, 4.0, 1.0, 6.0, 11.0, 19.0, 4.0, 15.0, 46.0, 7.0, 15.0, 48.0, 18.0, 25.0, 9.0, 8.0, 37.0, 27.0, 13.0, 48.0, 11.0, 20.0, 3.0, 27.0, 15.0, 11.0, 48.0, 3.0, 6.0, 1.0, 6.0, 40.0, 15.0, 24.0, 12.0, 78.0, 10.0, 38.0, 10.0, 24.0, 22.0, 24.0, 25.0, 18.0, 26.0, 6.0, 6.0, 16.0, 2.0, 3.0, 21.0, 2.0, 4.0, 9.0, 25.0, 16.0, 10.0, 36.0, 36.0, 12.0, 11.0, 54.0, 3.0, 12.0, 13.0, 4.0, 22.0, 14.0, 15.0, 11.0, 9.0, 10.0, 5.0, 41.0, 2.0, 12.0, 2.0, 35.0, 6.0, 5.0, 1.0, 57.0, 20.0, 9.0, 13.0, 13.0, 9.0, 17.0, 48.0, 43.0, 11.0, 19.0, 1.0, 40.0, 13.0, 8.0, 14.0, 16.0, 71.0, 1.0, 28.0, 1.0, 18.0, 25.0, 8.0, 3.0, 3.0, 26.0, 4.0, 24.0, 5.0, 12.0, 38.0, 7.0, 10.0, 6.0, 76.0, 24.0, 4.0, 12.0, 12.0, 11.0, 1.0, 15.0, 10.0, 1.0, 9.0, 8.0, 39.0, 5.0, 7.0, 1.0, 28.0, 2.0, 12.0, 9.0, 9.0, 41.0, 32.0, 1.0, 20.0, 7.0, 33.0, 8.0, 1.0, 9.0, 18.0, 4.0, 10.0, 4.0, 1.0, 21.0, 2.0, 10.0, 14.0, 7.0, 17.0, 11.0, 13.0, 8.0, 9.0, 50.0, 12.0, 33.0, 35.0, 3.0, 11.0, 10.0, 9.0, 10.0, 4.0, 17.0, 4.0, 4.0, 9.0, 39.0, 1.0, 18.0, 6.0, 1.0, 25.0, 11.0, 9.0, 9.0, 16.0, 81.0, 26.0, 19.0, 5.0, 3.0, 125.0, 2.0, 4.0, 25.0, 8.0, 38.0, 50.0, 9.0, 6.0, 13.0, 9.0, 27.0, 31.0, 6.0, 10.0, 72.0, 69.0, 12.0, 4.0, 1.0, 9.0, 19.0, 51.0, 7.0, 18.0, 1.0, 1.0, 80.0, 2.0, 79.0, 9.0, 13.0, 18.0, 9.0, 8.0, 26.0, 1.0, 13.0, 6.0, 3.0, 83.0, 39.0, 30.0, 63.0, 30.0, 22.0, 29.0, 72.0, 1.0, 6.0, 6.0, 11.0, 9.0, 5.0, 11.0, 8.0, 19.0, 6.0, 24.0, 13.0, 21.0, 20.0, 81.0, 35.0, 44.0, 6.0, 16.0, 18.0, 10.0, 10.0, 17.0, 13.0, 1.0, 39.0, 37.0, 13.0, 1.0, 10.0, 12.0, 32.0, 9.0, 11.0, 7.0, 11.0, 16.0, 15.0, 4.0, 13.0, 7.0, 9.0, 8.0, 44.0, 12.0, 2.0, 20.0, 22.0, 25.0, 8.0, 7.0, 36.0, 1.0, 10.0, 11.0, 14.0, 3.0, 8.0, 4.0, 7.0, 7.0, 10.0, 1.0, 41.0, 14.0, 44.0, 4.0, 46.0, 1.0, 13.0, 27.0, 1.0, 17.0, 25.0, 6.0, 12.0, 1.0, 6.0, 2.0, 32.0, 39.0, 2.0, 1.0, 31.0, 30.0, 25.0, 24.0, 19.0, 14.0, 44.0, 10.0, 7.0, 21.0, 8.0, 13.0, 1.0, 34.0, 2.0, 83.0, 40.0, 1.0, 3.0, 9.0, 2.0, 3.0, 12.0, 10.0, 7.0, 4.0, 22.0, 20.0, 38.0, 7.0, 15.0, 10.0, 10.0, 23.0, 10.0, 4.0, 8.0, 13.0, 1.0, 22.0, 6.0, 9.0, 8.0, 44.0, 27.0, 51.0, 15.0, 21.0, 14.0, 3.0, 4.0, 1.0, 3.0, 51.0, 22.0, 19.0, 131.0, 30.0, 4.0, 14.0, 49.0, 79.0, 12.0, 9.0, 5.0, 7.0, 26.0, 13.0, 7.0, 9.0, 9.0, 1.0, 53.0, 13.0, 1.0, 1.0, 31.0, 29.0, 9.0, 13.0, 32.0, 5.0, 3.0, 11.0, 15.0, 57.0, 6.0, 27.0, 8.0, 10.0, 13.0, 3.0, 11.0, 4.0, 16.0, 11.0, 12.0, 10.0, 7.0, 16.0, 22.0, 10.0, 2.0, 6.0, 9.0, 11.0, 2.0, 10.0, 5.0, 11.0, 15.0, 41.0, 29.0, 28.0, 16.0, 14.0, 14.0, 6.0, 11.0, 6.0, 7.0, 51.0, 36.0, 6.0, 4.0, 12.0, 15.0, 8.0, 7.0, 24.0, 20.0, 1.0, 10.0, 1.0, 5.0, 17.0, 10.0, 54.0, 4.0, 5.0, 9.0, 11.0, 10.0, 7.0, 12.0, 71.0, 9.0, 3.0, 17.0, 14.0, 7.0, 18.0, 1.0, 11.0, 14.0, 8.0, 101.0, 1.0, 12.0, 8.0, 16.0, 7.0, 36.0, 8.0, 55.0, 4.0, 31.0, 4.0, 10.0, 39.0, 9.0, 15.0, 28.0, 23.0, 2.0, 19.0, 6.0, 21.0, 45.0, 60.0, 16.0, 48.0, 1.0, 9.0, 9.0, 13.0, 21.0, 6.0, 34.0, 39.0, 26.0, 2.0, 25.0, 10.0, 1.0, 9.0, 16.0, 3.0, 17.0, 19.0, 9.0, 7.0, 5.0, 5.0, 17.0, 1.0, 11.0, 10.0, 20.0, 10.0, 12.0, 6.0, 7.0, 2.0, 47.0, 26.0, 6.0, 20.0, 15.0, 10.0, 9.0, 5.0, 14.0, 9.0, 9.0, 25.0, 4.0, 10.0, 11.0, 2.0, 13.0, 8.0, 1.0, 3.0, 22.0, 8.0, 24.0, 4.0, 4.0, 3.0, 20.0, 10.0, 10.0, 6.0, 3.0, 23.0, 5.0, 15.0, 18.0, 21.0, 14.0, 20.0, 9.0, 19.0, 27.0, 23.0, 8.0, 1.0, 7.0, 5.0, 9.0, 10.0, 8.0, 35.0, 26.0, 36.0, 40.0, 7.0, 8.0, 32.0, 26.0, 11.0, 21.0, 8.0, 37.0, 19.0, 18.0, 17.0, 16.0, 10.0, 9.0, 55.0, 9.0, 1.0, 38.0, 10.0, 28.0, 41.0, 21.0, 44.0, 11.0, 30.0, 39.0, 35.0, 37.0, 8.0, 6.0, 16.0, 19.0, 19.0, 40.0, 6.0, 10.0, 32.0, 30.0, 24.0, 22.0, 33.0, 10.0, 10.0, 9.0, 24.0, 13.0, 15.0, 28.0, 11.0, 28.0, 62.0, 50.0, 20.0, 7.0, 50.0, 26.0, 3.0, 9.0, 7.0, 4.0, 15.0, 28.0, 18.0, 6.0, 5.0, 18.0, 34.0, 6.0, 4.0, 11.0, 10.0, 8.0, 10.0, 2.0, 30.0, 22.0, 41.0, 8.0, 9.0, 13.0, 52.0, 46.0, 20.0, 18.0, 2.0, 17.0, 3.0, 11.0, 20.0, 14.0, 14.0, 2.0, 57.0, 21.0, 33.0, 7.0, 4.0, 30.0, 39.0, 8.0, 10.0, 15.0, 6.0, 42.0, 8.0, 15.0, 1.0, 21.0, 12.0, 1.0, 6.0, 39.0, 10.0, 23.0, 66.0, 18.0, 7.0, 9.0, 82.0, 17.0, 6.0, 7.0, 16.0, 12.0, 4.0, 26.0, 20.0, 13.0, 3.0, 1.0, 21.0, 1.0, 8.0, 14.0, 11.0, 5.0, 5.0, 25.0, 9.0, 11.0, 41.0, 11.0, 6.0, 1.0, 3.0, 19.0, 42.0, 1.0, 17.0, 8.0, 21.0, 20.0, 16.0, 14.0, 24.0, 4.0, 50.0, 9.0, 62.0, 11.0, 24.0, 7.0, 37.0, 21.0, 12.0, 16.0, 12.0, 16.0, 1.0, 4.0, 15.0, 26.0, 11.0, 22.0, 1.0, 15.0, 6.0, 11.0, 4.0, 31.0, 12.0, 22.0, 14.0, 5.0, 1.0, 10.0, 6.0, 31.0, 1.0, 56.0, 9.0, 10.0, 26.0, 11.0, 29.0, 2.0, 16.0, 15.0, 15.0, 18.0, 12.0, 6.0, 5.0, 7.0, 7.0, 10.0, 6.0, 16.0, 9.0, 6.0, 23.0, 9.0, 9.0, 14.0, 20.0, 9.0, 10.0, 50.0, 9.0, 11.0, 8.0, 37.0, 1.0, 12.0, 13.0, 1.0, 29.0, 10.0, 11.0, 6.0, 27.0, 10.0, 20.0, 10.0, 10.0, 4.0, 1.0, 10.0, 47.0, 8.0, 46.0, 10.0, 4.0, 8.0, 20.0, 8.0, 36.0, 20.0, 9.0, 9.0, 9.0, 26.0, 11.0, 1.0, 29.0, 15.0, 6.0, 22.0, 19.0, 35.0, 15.0, 21.0, 20.0, 45.0, 9.0, 15.0, 105.0, 9.0, 2.0, 9.0, 1.0, 5.0, 82.0, 16.0, 8.0, 6.0, 18.0, 33.0, 24.0, 10.0, 1.0, 1.0, 9.0, 11.0, 11.0, 36.0, 9.0, 3.0, 13.0, 10.0, 12.0, 34.0, 24.0, 40.0, 7.0, 62.0, 27.0, 9.0, 9.0, 1.0, 10.0, 13.0, 10.0, 9.0, 30.0, 8.0, 32.0, 12.0, 17.0, 23.0, 7.0, 1.0, 39.0, 40.0, 3.0, 6.0, 15.0, 8.0, 5.0, 8.0, 16.0, 10.0, 3.0, 12.0, 62.0, 6.0, 25.0, 10.0, 1.0, 9.0, 30.0, 1.0, 20.0, 26.0, 1.0, 13.0, 10.0, 3.0, 5.0, 14.0, 15.0, 21.0, 37.0, 1.0, 8.0, 5.0, 27.0, 14.0, 38.0, 13.0, 4.0, 19.0, 8.0, 10.0, 4.0, 2.0, 30.0, 6.0, 22.0, 13.0, 26.0, 6.0, 12.0, 12.0, 8.0, 32.0, 17.0, 22.0, 49.0, 6.0, 31.0, 8.0, 42.0, 12.0, 3.0, 42.0, 30.0, 8.0, 1.0, 5.0, 3.0, 40.0, 24.0, 25.0, 23.0, 126.0, 2.0, 9.0, 12.0, 13.0, 19.0, 4.0, 16.0, 1.0, 8.0, 22.0, 5.0, 9.0, 17.0, 1.0, 6.0, 12.0, 2.0, 3.0, 6.0, 9.0, 8.0, 14.0, 14.0, 12.0, 18.0, 18.0, 35.0, 1.0, 4.0, 15.0, 56.0, 3.0, 44.0, 10.0, 9.0, 22.0, 37.0, 1.0, 23.0, 26.0, 24.0, 39.0, 5.0, 9.0, 16.0, 18.0, 7.0, 51.0, 26.0, 17.0, 64.0, 10.0, 6.0, 5.0, 8.0, 27.0, 16.0, 12.0, 22.0, 31.0, 5.0, 11.0, 15.0, 9.0, 4.0, 52.0, 12.0, 1.0, 80.0, 9.0, 7.0, 24.0, 28.0, 24.0, 20.0, 8.0, 7.0, 22.0, 1.0, 10.0, 1.0, 7.0, 16.0, 1.0, 10.0, 3.0, 67.0, 51.0, 10.0, 8.0, 51.0, 28.0, 4.0, 29.0, 20.0, 1.0, 55.0, 35.0, 78.0, 7.0, 8.0, 40.0, 7.0, 2.0, 22.0, 53.0, 8.0, 39.0, 9.0, 8.0, 1.0, 11.0, 13.0, 1.0, 4.0, 21.0, 18.0, 10.0, 9.0, 17.0, 14.0, 7.0, 8.0, 19.0, 10.0, 1.0, 14.0, 20.0, 14.0, 91.0, 10.0, 18.0, 64.0, 21.0, 14.0, 5.0, 1.0, 45.0, 9.0, 33.0, 5.0, 18.0, 54.0, 56.0, 5.0, 51.0, 19.0, 22.0, 10.0, 61.0, 5.0, 10.0, 14.0, 2.0, 43.0, 10.0, 39.0, 52.0, 10.0, 24.0, 25.0, 9.0, 54.0, 36.0, 1.0, 18.0, 1.0, 7.0, 4.0, 1.0, 8.0, 4.0, 22.0, 4.0, 29.0, 36.0, 16.0, 52.0, 3.0, 12.0, 63.0, 6.0, 35.0, 62.0, 11.0, 14.0, 20.0, 2.0, 16.0, 11.0, 14.0, 41.0, 32.0, 12.0, 15.0, 3.0, 88.0, 1.0, 12.0, 23.0, 11.0, 26.0, 1.0, 13.0, 16.0, 20.0, 4.0, 12.0, 10.0, 13.0, 13.0, 5.0, 12.0, 11.0, 13.0, 8.0, 13.0, 8.0, 33.0, 1.0, 10.0, 23.0, 15.0, 4.0, 4.0, 1.0, 1.0, 3.0, 3.0, 59.0, 33.0, 20.0, 8.0, 4.0, 16.0, 8.0, 31.0, 8.0, 32.0, 9.0, 12.0, 23.0, 12.0, 14.0, 7.0, 12.0, 7.0, 26.0, 10.0, 9.0, 8.0, 7.0, 7.0, 43.0, 10.0, 35.0, 24.0, 69.0, 1.0, 39.0, 18.0, 20.0, 10.0, 36.0, 5.0, 6.0, 3.0, 10.0, 17.0, 2.0, 1.0, 21.0, 12.0, 14.0, 64.0, 32.0, 7.0, 14.0, 35.0, 66.0, 24.0, 11.0, 9.0, 4.0, 36.0, 17.0, 5.0, 14.0, 3.0, 1.0, 44.0, 10.0, 19.0, 10.0, 21.0, 11.0, 18.0, 10.0, 21.0, 12.0, 10.0, 20.0, 23.0, 38.0, 9.0, 17.0, 3.0, 12.0, 7.0, 79.0, 12.0, 19.0, 23.0, 11.0, 24.0, 12.0, 17.0, 21.0, 28.0, 29.0, 59.0, 41.0, 4.0, 1.0, 36.0, 104.0, 6.0, 1.0, 4.0, 7.0, 27.0, 2.0, 13.0, 31.0, 11.0, 8.0, 7.0, 1.0, 74.0, 14.0, 4.0, 1.0, 7.0, 31.0, 3.0, 8.0, 88.0, 12.0, 40.0, 79.0, 37.0, 8.0, 44.0, 7.0, 13.0, 13.0, 8.0, 21.0, 10.0, 17.0, 10.0, 26.0, 20.0, 24.0, 11.0, 1.0, 4.0, 8.0, 17.0, 10.0, 11.0, 11.0, 1.0, 31.0, 46.0, 8.0, 6.0, 14.0, 7.0, 8.0, 1.0, 26.0, 12.0, 2.0, 10.0, 1.0, 25.0, 1.0, 9.0, 17.0, 1.0, 17.0, 8.0, 13.0, 6.0, 10.0, 14.0, 26.0, 19.0, 3.0, 15.0, 10.0, 8.0, 3.0, 23.0, 15.0, 8.0, 10.0, 58.0, 8.0, 10.0, 9.0, 6.0, 59.0, 16.0, 3.0, 23.0, 13.0, 10.0, 2.0, 59.0, 29.0, 12.0, 3.0, 3.0, 38.0, 17.0, 17.0, 4.0, 15.0, 47.0, 6.0, 4.0, 1.0, 23.0, 48.0, 8.0, 10.0, 7.0, 9.0, 7.0, 23.0, 27.0, 1.0, 32.0, 4.0, 2.0, 1.0, 4.0, 21.0, 2.0, 22.0, 22.0, 10.0, 9.0, 10.0, 12.0, 23.0, 6.0, 49.0, 22.0, 10.0, 22.0, 11.0, 12.0, 8.0, 1.0, 5.0, 11.0, 31.0, 24.0, 9.0, 1.0, 26.0, 6.0, 49.0, 26.0, 7.0, 38.0, 11.0, 9.0, 14.0, 42.0, 12.0, 10.0, 37.0, 27.0, 25.0, 40.0, 11.0, 7.0, 10.0, 21.0, 4.0, 12.0, 49.0, 2.0, 9.0, 38.0, 21.0, 18.0, 5.0, 10.0, 17.0, 2.0, 5.0, 11.0, 7.0, 4.0, 9.0, 3.0, 7.0, 14.0, 17.0, 22.0, 1.0, 59.0, 137.0, 37.0, 48.0, 11.0, 3.0, 23.0, 14.0, 27.0, 16.0, 11.0, 12.0, 3.0, 2.0, 24.0, 11.0, 22.0, 6.0, 15.0, 19.0, 1.0, 9.0, 4.0, 52.0, 18.0, 5.0, 46.0, 12.0, 14.0, 25.0, 6.0, 6.0, 9.0, 5.0, 11.0, 1.0, 25.0, 7.0, 9.0, 3.0, 3.0, 40.0, 8.0, 13.0, 8.0, 20.0, 41.0, 9.0, 9.0, 23.0, 13.0, 30.0, 18.0, 10.0, 30.0, 24.0, 6.0, 13.0, 6.0, 6.0, 14.0, 56.0, 4.0, 41.0, 7.0, 10.0, 33.0, 6.0, 1.0, 22.0, 10.0, 10.0, 9.0, 5.0, 17.0, 1.0, 10.0, 12.0, 5.0, 1.0, 19.0, 7.0, 26.0, 32.0, 1.0, 44.0, 31.0, 1.0, 7.0, 19.0, 49.0, 25.0, 1.0, 16.0, 28.0, 14.0, 6.0, 14.0, 1.0, 60.0, 6.0, 9.0, 40.0, 6.0, 44.0, 1.0, 36.0, 28.0, 7.0, 20.0, 65.0, 38.0, 10.0, 20.0, 6.0, 46.0, 6.0, 8.0, 31.0, 6.0, 16.0, 17.0, 38.0, 44.0, 11.0, 3.0, 1.0, 1.0, 1.0, 2.0, 10.0, 40.0, 65.0, 9.0, 46.0, 26.0, 1.0, 3.0, 64.0, 8.0, 14.0, 15.0, 19.0, 2.0, 6.0, 16.0, 10.0, 37.0, 11.0, 15.0, 7.0, 10.0, 11.0, 39.0, 2.0, 6.0, 26.0, 14.0, 32.0, 77.0, 15.0, 8.0, 12.0, 10.0, 4.0, 27.0, 63.0, 10.0, 11.0, 38.0, 5.0, 23.0, 13.0, 24.0, 7.0, 10.0, 10.0, 30.0, 15.0, 7.0, 85.0, 12.0, 11.0, 5.0, 13.0, 10.0, 16.0, 13.0, 32.0, 10.0, 8.0, 69.0, 21.0, 69.0, 28.0, 2.0, 1.0, 8.0, 14.0, 10.0, 26.0, 10.0, 1.0, 14.0, 12.0, 13.0, 8.0, 39.0, 10.0, 10.0, 16.0, 18.0, 45.0, 6.0, 35.0, 4.0, 24.0, 9.0, 81.0, 26.0, 5.0, 18.0, 26.0, 19.0, 2.0, 9.0, 30.0, 6.0, 14.0, 27.0, 2.0, 6.0, 24.0, 19.0, 4.0, 5.0, 3.0, 34.0, 12.0, 24.0, 9.0, 10.0, 23.0, 9.0, 20.0, 2.0, 8.0, 16.0, 44.0, 23.0, 9.0, 2.0, 24.0, 1.0, 1.0, 8.0, 8.0, 3.0, 14.0, 29.0, 9.0, 61.0, 5.0, 6.0, 14.0, 5.0, 9.0, 10.0, 1.0, 12.0, 33.0, 16.0, 33.0, 14.0, 18.0, 5.0, 30.0, 23.0, 32.0, 10.0, 8.0, 2.0, 24.0, 30.0, 4.0, 10.0, 8.0, 11.0, 8.0, 1.0, 34.0, 4.0, 6.0, 8.0, 6.0, 7.0, 6.0, 27.0, 11.0, 6.0, 21.0, 9.0, 16.0, 14.0, 44.0, 5.0, 1.0, 1.0, 10.0, 27.0, 26.0, 15.0, 3.0, 2.0, 7.0, 3.0, 5.0, 11.0, 11.0, 17.0, 29.0, 9.0, 8.0, 9.0, 11.0, 21.0, 3.0, 2.0, 4.0, 18.0, 7.0, 8.0, 2.0, 10.0, 13.0, 5.0, 5.0, 35.0, 7.0, 5.0, 11.0, 18.0, 8.0, 4.0, 7.0, 8.0, 1.0, 15.0, 19.0, 29.0, 15.0, 23.0, 9.0, 10.0, 14.0, 2.0, 11.0, 5.0, 23.0, 3.0, 11.0, 15.0, 5.0, 34.0, 8.0, 18.0, 14.0, 8.0, 42.0, 50.0, 9.0, 10.0, 6.0, 10.0, 24.0, 16.0, 1.0, 11.0, 25.0, 45.0, 14.0, 6.0, 18.0, 13.0, 16.0, 23.0, 56.0, 20.0, 11.0, 38.0, 13.0, 54.0, 10.0, 34.0, 7.0, 15.0, 40.0, 25.0, 9.0, 11.0, 5.0, 2.0, 13.0, 16.0, 55.0, 2.0, 11.0, 11.0, 19.0, 29.0, 7.0, 10.0, 23.0, 32.0, 6.0, 21.0, 85.0, 5.0, 10.0, 3.0, 20.0, 8.0, 28.0, 4.0, 2.0, 3.0, 6.0, 5.0, 9.0, 9.0, 10.0, 64.0, 8.0, 3.0, 15.0, 32.0, 9.0, 33.0, 48.0, 48.0, 11.0, 48.0, 64.0, 9.0, 2.0, 30.0, 23.0, 4.0, 16.0, 31.0, 11.0, 20.0, 27.0, 25.0, 1.0, 12.0, 15.0, 3.0, 13.0, 9.0, 3.0, 8.0, 13.0, 9.0, 8.0, 10.0, 10.0, 9.0, 18.0, 25.0, 17.0, 20.0, 3.0, 14.0, 16.0, 23.0, 13.0, 30.0, 8.0, 29.0, 15.0, 27.0, 15.0, 9.0, 22.0, 44.0, 7.0, 3.0, 2.0, 21.0, 20.0, 1.0, 4.0, 1.0, 26.0, 59.0, 14.0, 64.0, 51.0, 9.0, 7.0, 20.0, 1.0, 5.0, 9.0, 12.0, 14.0, 3.0, 8.0, 10.0, 21.0, 5.0, 14.0, 9.0, 4.0, 13.0, 2.0, 31.0, 23.0, 1.0, 43.0, 56.0, 26.0, 51.0, 13.0, 6.0, 20.0, 19.0, 1.0, 6.0, 4.0, 11.0, 3.0, 15.0, 17.0, 19.0, 4.0, 2.0, 7.0, 4.0, 4.0, 4.0, 9.0, 21.0, 4.0, 31.0, 30.0, 11.0, 28.0, 3.0, 9.0, 7.0, 38.0, 2.0, 47.0, 32.0, 46.0, 2.0, 2.0, 5.0, 27.0, 3.0, 2.0, 5.0, 17.0, 20.0, 145.0, 24.0, 9.0, 7.0, 61.0, 21.0, 27.0, 15.0, 10.0, 1.0, 5.0, 14.0, 1.0, 5.0, 3.0, 12.0, 7.0, 20.0, 6.0, 18.0, 25.0, 10.0, 1.0, 5.0, 9.0, 42.0, 3.0, 7.0, 5.0, 71.0, 75.0, 3.0, 11.0, 2.0, 7.0, 11.0, 20.0, 36.0, 1.0, 46.0, 30.0, 34.0, 34.0, 28.0, 13.0, 10.0, 34.0, 107.0, 29.0, 27.0, 24.0, 3.0, 8.0, 3.0, 17.0, 13.0, 23.0, 1.0, 21.0, 30.0, 9.0, 12.0, 10.0, 47.0, 10.0, 68.0, 1.0, 3.0, 15.0, 10.0, 20.0, 6.0, 2.0, 1.0, 43.0, 22.0, 95.0, 11.0, 13.0, 9.0, 10.0, 20.0, 7.0, 1.0, 12.0, 5.0, 12.0, 1.0, 8.0, 9.0, 18.0, 11.0, 8.0, 17.0, 34.0, 24.0, 1.0, 13.0, 23.0, 6.0, 8.0, 28.0, 20.0, 11.0, 1.0, 27.0, 9.0, 40.0, 11.0, 11.0, 8.0, 25.0, 1.0, 11.0, 20.0, 11.0, 21.0, 10.0, 23.0, 31.0, 10.0, 28.0, 15.0, 9.0, 2.0, 12.0, 17.0, 4.0, 3.0, 10.0, 6.0, 8.0, 59.0, 60.0, 12.0, 9.0, 1.0, 9.0, 22.0, 8.0, 1.0, 7.0, 1.0, 57.0, 34.0, 16.0, 5.0, 1.0, 21.0, 23.0, 5.0, 4.0, 10.0, 15.0, 9.0, 32.0, 10.0, 3.0, 40.0, 66.0, 3.0, 21.0, 1.0, 21.0, 16.0, 3.0, 4.0, 20.0, 53.0, 13.0, 24.0, 20.0, 21.0, 17.0, 13.0, 5.0, 1.0, 3.0, 10.0, 5.0, 32.0, 33.0, 9.0, 22.0, 24.0, 37.0, 25.0, 14.0, 11.0, 1.0, 10.0, 19.0, 83.0, 9.0, 17.0, 6.0, 16.0, 2.0, 23.0, 14.0, 26.0, 13.0, 12.0, 5.0, 1.0, 6.0, 1.0, 9.0, 3.0, 25.0, 20.0, 23.0, 22.0, 11.0, 15.0, 1.0, 8.0, 43.0, 6.0, 1.0, 19.0, 8.0, 22.0, 5.0, 9.0, 26.0, 8.0, 13.0, 12.0, 14.0, 20.0, 9.0, 24.0, 4.0, 17.0, 21.0, 12.0, 26.0, 9.0, 9.0, 25.0, 17.0, 50.0, 5.0, 10.0, 6.0, 10.0, 4.0, 7.0, 10.0, 5.0, 34.0, 4.0, 21.0, 1.0, 29.0, 35.0, 3.0, 10.0, 8.0, 28.0, 31.0, 7.0, 53.0, 7.0, 6.0, 8.0, 128.0, 17.0, 4.0, 1.0, 17.0, 52.0, 60.0, 45.0, 19.0, 17.0, 1.0, 49.0, 25.0, 1.0, 2.0, 33.0, 20.0, 7.0, 8.0, 23.0, 23.0, 59.0, 18.0, 8.0, 4.0, 1.0, 11.0, 6.0, 3.0, 24.0, 11.0, 25.0, 9.0, 23.0, 12.0, 12.0, 23.0, 21.0, 7.0, 6.0, 1.0, 1.0, 30.0, 8.0, 11.0, 13.0, 35.0, 4.0, 9.0, 14.0, 1.0, 6.0, 21.0, 6.0, 70.0, 36.0, 10.0, 2.0, 5.0, 44.0, 21.0, 6.0, 11.0, 39.0, 15.0, 33.0, 16.0, 28.0, 23.0, 19.0, 21.0, 15.0, 36.0, 4.0, 7.0, 8.0, 12.0, 14.0, 24.0, 20.0, 28.0, 6.0, 10.0, 75.0, 7.0, 2.0, 26.0, 17.0, 26.0, 21.0, 19.0, 29.0, 1.0, 14.0, 47.0, 10.0, 12.0, 43.0, 32.0, 41.0, 22.0, 4.0, 31.0, 4.0, 7.0, 14.0, 20.0, 11.0, 22.0, 23.0, 9.0, 1.0, 24.0, 6.0, 7.0, 9.0, 18.0, 51.0, 38.0, 11.0, 11.0, 29.0, 1.0, 6.0, 1.0, 5.0, 39.0, 5.0, 9.0, 3.0, 11.0, 13.0, 10.0, 24.0, 28.0, 2.0, 6.0, 24.0, 11.0, 37.0, 9.0, 19.0, 9.0, 10.0, 10.0, 5.0, 49.0, 3.0, 2.0, 14.0, 13.0, 6.0, 1.0, 2.0, 6.0, 20.0, 15.0, 1.0, 71.0, 43.0, 23.0, 48.0, 23.0, 22.0, 48.0, 20.0, 3.0, 24.0, 1.0, 17.0, 20.0, 8.0, 27.0, 10.0, 8.0, 2.0, 11.0, 33.0, 32.0, 24.0, 23.0, 1.0, 6.0, 9.0, 25.0, 11.0, 16.0, 10.0, 9.0, 13.0, 29.0, 2.0, 29.0, 15.0, 1.0, 21.0, 1.0, 15.0, 6.0, 42.0, 12.0, 19.0, 19.0, 25.0, 4.0, 28.0, 12.0, 12.0, 2.0, 25.0, 25.0, 25.0, 6.0, 58.0, 14.0, 15.0, 19.0, 2.0, 14.0, 8.0, 8.0, 5.0, 32.0, 12.0, 11.0, 9.0, 10.0, 1.0, 41.0, 6.0, 26.0, 2.0, 17.0, 5.0, 21.0, 72.0, 1.0, 20.0, 26.0, 17.0, 59.0, 47.0, 15.0, 32.0, 7.0, 7.0, 11.0, 13.0, 9.0, 4.0, 29.0, 1.0, 9.0, 9.0, 49.0, 57.0, 15.0, 10.0, 15.0, 2.0, 1.0, 10.0, 50.0, 38.0, 17.0, 7.0, 22.0, 39.0, 7.0, 5.0, 13.0, 28.0, 11.0, 10.0, 3.0, 17.0, 4.0, 2.0, 5.0, 9.0, 11.0, 8.0, 12.0, 4.0, 15.0, 20.0, 9.0, 38.0, 18.0, 27.0, 1.0, 25.0, 15.0, 25.0, 14.0, 54.0, 17.0, 13.0, 47.0, 33.0, 14.0, 23.0, 34.0, 9.0, 10.0, 22.0, 1.0, 13.0, 10.0, 14.0, 16.0, 1.0, 18.0, 27.0, 11.0, 17.0, 28.0, 8.0, 6.0, 48.0, 13.0, 1.0, 4.0, 9.0, 15.0, 30.0, 37.0, 34.0, 16.0, 9.0, 9.0, 8.0, 7.0, 20.0, 4.0, 21.0, 10.0, 9.0, 34.0, 7.0, 1.0, 1.0, 4.0, 10.0, 11.0, 10.0, 14.0, 47.0, 10.0, 31.0, 27.0, 10.0, 5.0, 31.0, 29.0, 12.0, 1.0, 28.0, 13.0, 10.0, 11.0, 9.0, 12.0, 7.0, 26.0, 9.0, 52.0, 1.0, 23.0, 35.0, 1.0, 17.0, 7.0, 3.0, 41.0, 11.0, 15.0, 14.0, 24.0, 47.0, 9.0, 64.0, 47.0, 3.0, 27.0, 10.0, 9.0, 23.0, 8.0, 14.0, 24.0, 6.0, 1.0, 2.0, 26.0, 4.0, 9.0, 7.0, 35.0, 8.0, 150.0, 5.0, 12.0, 21.0, 3.0, 5.0, 10.0, 6.0, 12.0, 15.0, 26.0, 54.0, 51.0, 10.0, 7.0, 56.0, 22.0, 38.0, 4.0, 8.0, 26.0, 14.0, 24.0, 28.0, 9.0, 12.0, 21.0, 1.0, 2.0, 10.0, 5.0, 7.0, 22.0, 8.0, 30.0, 25.0, 6.0, 22.0, 9.0, 8.0, 47.0, 23.0, 8.0, 9.0, 14.0, 17.0, 26.0, 12.0, 3.0, 11.0, 11.0, 16.0, 10.0, 11.0, 20.0, 9.0, 15.0, 9.0, 4.0, 11.0, 7.0, 27.0, 15.0, 13.0, 25.0, 57.0, 1.0, 2.0, 37.0, 9.0, 11.0, 7.0, 5.0, 34.0, 19.0, 10.0, 11.0, 9.0, 57.0, 37.0, 54.0, 28.0, 3.0, 49.0, 1.0, 63.0, 16.0, 5.0, 9.0, 58.0, 28.0, 6.0, 3.0, 18.0, 52.0, 23.0, 14.0, 1.0, 8.0, 21.0, 39.0, 3.0, 1.0, 17.0, 62.0, 14.0, 4.0, 2.0, 27.0, 10.0, 6.0] 

SGT times
 [1.0, 17.0, 27.0, 24.0, 5.0, 22.0, 12.0, 16.0, 35.0, 26.0, 1.0, 2.0, 28.0, 9.0, 1.0, 15.0, 1.0, 20.0, 8.0, 13.0, 4.0, 1.0, 15.0, 1.0, 16.0, 28.0, 11.0, 6.0, 14.0, 7.0, 23.0, 16.0, 1.0, 9.0, 27.0, 21.0, 23.0, 6.0, 4.0, 8.0, 15.0, 13.0, 80.0, 7.0, 1.0, 5.0, 26.0, 6.0, 7.0, 1.0, 1.0, 6.0, 62.0, 18.0, 15.0, 23.0, 1.0, 1.0, 4.0, 23.0, 13.0, 7.0, 19.0, 8.0, 1.0, 1.0, 11.0, 9.0, 1.0, 2.0, 23.0, 20.0, 27.0, 2.0, 2.0, 1.0, 4.0, 6.0, 13.0, 5.0, 18.0, 12.0, 2.0, 1.0, 1.0, 9.0, 3.0, 1.0, 8.0, 7.0, 5.0, 9.0, 1.0, 1.0, 3.0, 4.0, 5.0, 22.0, 1.0, 1.0, 1.0, 6.0, 1.0, 1.0, 18.0, 34.0, 1.0, 28.0, 14.0, 1.0, 11.0, 11.0, 12.0, 1.0, 8.0, 1.0, 1.0, 4.0, 1.0, 2.0, 5.0, 4.0, 17.0, 1.0, 8.0, 27.0, 12.0, 7.0, 2.0, 8.0, 1.0, 3.0, 13.0, 54.0, 1.0, 6.0, 7.0, 11.0, 1.0, 9.0, 4.0, 12.0, 7.0, 2.0, 1.0, 2.0, 7.0, 21.0, 1.0, 12.0, 17.0, 37.0, 7.0, 1.0, 4.0, 6.0, 61.0, 1.0, 7.0, 18.0, 12.0, 14.0, 30.0, 19.0, 11.0, 2.0, 16.0, 7.0, 2.0, 9.0, 9.0, 4.0, 12.0, 22.0, 5.0, 5.0, 1.0, 3.0, 1.0, 1.0, 8.0, 7.0, 14.0, 7.0, 1.0, 9.0, 1.0, 5.0, 1.0, 11.0, 23.0, 1.0, 4.0, 31.0, 11.0, 18.0, 15.0, 5.0, 8.0, 12.0, 15.0, 11.0, 1.0, 1.0, 7.0, 9.0, 1.0, 5.0, 13.0, 13.0, 12.0, 1.0, 6.0, 6.0, 37.0, 1.0, 15.0, 11.0, 85.0, 1.0, 10.0, 14.0, 8.0, 6.0, 25.0, 15.0, 3.0, 4.0, 1.0, 15.0, 4.0, 16.0, 1.0, 2.0, 20.0, 10.0, 6.0, 8.0, 13.0, 1.0, 13.0, 13.0, 12.0, 10.0, 1.0, 17.0, 7.0, 1.0, 9.0, 4.0, 13.0, 3.0, 15.0, 13.0, 7.0, 15.0, 19.0, 3.0, 7.0, 1.0, 14.0, 3.0, 7.0, 70.0, 7.0, 5.0, 4.0, 11.0, 11.0, 30.0, 26.0, 1.0, 8.0, 1.0, 9.0, 4.0, 13.0, 9.0, 35.0, 4.0, 12.0, 26.0, 7.0, 3.0, 12.0, 1.0, 7.0, 16.0, 3.0, 3.0, 11.0, 1.0, 1.0, 20.0, 1.0, 20.0, 53.0, 8.0, 11.0, 7.0, 18.0, 1.0, 4.0, 10.0, 12.0, 4.0, 1.0, 1.0, 7.0, 54.0, 23.0, 1.0, 28.0, 6.0, 77.0, 1.0, 7.0, 1.0, 1.0, 9.0, 11.0, 6.0, 1.0, 5.0, 14.0, 56.0, 17.0, 11.0, 6.0, 3.0, 16.0, 14.0, 3.0, 17.0, 2.0, 11.0, 4.0, 5.0, 12.0, 1.0, 61.0, 1.0, 11.0, 8.0, 14.0, 13.0, 1.0, 3.0, 6.0, 8.0, 15.0, 7.0, 14.0, 11.0, 6.0, 32.0, 7.0, 19.0, 4.0, 8.0, 1.0, 1.0, 8.0, 11.0, 3.0, 7.0, 38.0, 7.0, 1.0, 9.0, 14.0, 22.0, 1.0, 11.0, 42.0, 6.0, 28.0, 1.0, 19.0, 3.0, 1.0, 32.0, 8.0, 10.0, 11.0, 1.0, 1.0, 1.0, 22.0, 15.0, 7.0, 32.0, 21.0, 12.0, 4.0, 20.0, 16.0, 7.0, 17.0, 2.0, 5.0, 6.0, 23.0, 17.0, 5.0, 1.0, 3.0, 1.0, 6.0, 11.0, 16.0, 10.0, 1.0, 7.0, 14.0, 7.0, 7.0, 7.0, 1.0, 7.0, 13.0, 4.0, 2.0, 6.0, 1.0, 5.0, 3.0, 1.0, 48.0, 15.0, 31.0, 32.0, 1.0, 6.0, 1.0, 30.0, 23.0, 10.0, 1.0, 28.0, 2.0, 5.0, 27.0, 1.0, 14.0, 1.0, 1.0, 15.0, 1.0, 17.0, 1.0, 18.0, 17.0, 1.0, 8.0, 1.0, 4.0, 20.0, 2.0, 8.0, 2.0, 3.0, 4.0, 1.0, 38.0, 3.0, 3.0, 1.0, 11.0, 17.0, 27.0, 18.0, 11.0, 1.0, 1.0, 24.0, 13.0, 1.0, 18.0, 6.0, 5.0, 6.0, 6.0, 10.0, 9.0, 20.0, 18.0, 3.0, 7.0, 15.0, 16.0, 7.0, 1.0, 10.0, 2.0, 1.0, 7.0, 19.0, 11.0, 1.0, 21.0, 4.0, 13.0, 14.0, 15.0, 10.0, 1.0, 32.0, 3.0, 1.0, 1.0, 21.0, 1.0, 36.0, 1.0, 2.0, 6.0, 30.0, 1.0, 1.0, 1.0, 1.0, 14.0, 4.0, 8.0, 6.0, 11.0, 8.0, 38.0, 13.0, 1.0, 17.0, 65.0, 8.0, 1.0, 7.0, 1.0, 14.0, 2.0, 4.0, 1.0, 42.0, 1.0, 11.0, 13.0, 7.0, 1.0, 34.0, 18.0, 8.0, 16.0, 13.0, 1.0, 17.0, 11.0, 1.0, 6.0, 13.0, 29.0, 6.0, 7.0, 6.0, 10.0, 1.0, 4.0, 5.0, 4.0, 1.0, 11.0, 11.0, 7.0, 90.0, 10.0, 23.0, 8.0, 1.0, 22.0, 13.0, 1.0, 20.0, 2.0, 36.0, 10.0, 11.0, 15.0, 25.0, 5.0, 15.0, 11.0, 7.0, 27.0, 24.0, 1.0, 23.0, 18.0, 5.0, 15.0, 15.0, 6.0, 10.0, 8.0, 4.0, 30.0, 8.0, 10.0, 7.0, 20.0, 7.0, 14.0, 47.0, 8.0, 1.0, 9.0, 8.0, 26.0, 1.0, 1.0, 3.0, 12.0, 29.0, 8.0, 11.0, 5.0, 1.0, 1.0, 4.0, 2.0, 27.0, 46.0, 19.0, 2.0, 68.0, 10.0, 2.0, 7.0, 16.0, 4.0, 4.0, 14.0, 12.0, 18.0, 1.0, 1.0, 6.0, 5.0, 7.0, 11.0, 1.0, 38.0, 10.0, 44.0, 16.0, 35.0, 19.0, 7.0, 1.0, 1.0, 27.0, 11.0, 6.0, 13.0, 5.0, 1.0, 6.0, 11.0, 8.0, 1.0, 3.0, 16.0, 1.0, 5.0, 7.0, 1.0, 14.0, 1.0, 14.0, 1.0, 7.0, 17.0, 8.0, 1.0, 3.0, 2.0, 22.0, 19.0, 1.0, 1.0, 7.0, 8.0, 12.0, 33.0, 18.0, 5.0, 6.0, 1.0, 3.0, 9.0, 22.0, 5.0, 11.0, 5.0, 10.0, 10.0, 15.0, 1.0, 21.0, 17.0, 11.0, 1.0, 1.0, 48.0, 1.0, 8.0, 1.0, 7.0, 11.0, 13.0, 8.0, 6.0, 1.0, 31.0, 1.0, 10.0, 11.0, 2.0, 38.0, 11.0, 5.0, 4.0, 1.0, 30.0, 33.0, 11.0, 1.0, 40.0, 13.0, 19.0, 1.0, 28.0, 2.0, 2.0, 28.0, 1.0, 7.0, 13.0, 18.0, 2.0, 1.0, 9.0, 2.0, 5.0, 25.0, 1.0, 29.0, 1.0, 1.0, 6.0, 1.0, 1.0, 12.0, 4.0, 8.0, 1.0, 1.0, 5.0, 12.0, 8.0, 10.0, 40.0, 23.0, 27.0, 12.0, 16.0, 1.0, 1.0, 1.0, 11.0, 16.0, 1.0, 41.0, 1.0, 22.0, 23.0, 4.0, 8.0, 5.0, 47.0, 10.0, 19.0, 3.0, 17.0, 3.0, 19.0, 1.0, 2.0, 8.0, 3.0, 1.0, 23.0, 4.0, 11.0, 35.0, 12.0, 29.0, 4.0, 32.0, 11.0, 18.0, 1.0, 2.0, 1.0, 7.0, 4.0, 10.0, 12.0, 5.0, 1.0, 16.0, 17.0, 1.0, 7.0, 50.0, 33.0, 1.0, 1.0, 3.0, 6.0, 20.0, 1.0, 24.0, 13.0]
