avgTJ:  18.21218775734285
stdDvTJ:  18.27160338388054
avgTJ without 0:  19.490893066980025
stdDvTJ without 0:  18.230979155411873
maxTJ:  26.78125
minTJ:  9.595238095238095

avgTT:  24.30811403508772
stdDvTT:  20.49343123139994
avgTT without 0:  24.30811403508772
stdDvTT without 0:  20.49343123139994
maxTT:  43.4
minTT:  11.0

avgTotT:  26.85350897115603
stdDvTotT:  23.87788085286692
avgTotT without 0:  27.426583159359776
stdDvTotT without 0:  23.803428901266575
maxTotT:  35.8235294117647
minTotT:  17.32608695652174

avgMGT:  18.21218775734285
stdDvMGT:  18.27160338388054
avgMGT without 0:  19.490893066980025
stdDvMGT without 0:  18.230979155411873
maxMGT:  26.78125
minMGT:  9.595238095238095

avgSGT:  24.30811403508772
stdDvSGT:  20.49343123139994
avgSGT without 0:  24.30811403508772
stdDvSGT without 0:  20.49343123139994
maxSGT:  43.4
minSGT:  11.0

free lanes %:  31.103398755385353 %, number of free traverse:  2599 num of traverse 8356
number of times in traffic %:  21.780756342747726 %, numero di volte nel traffico:  1820 num of traverse 8356
not free passage %:  69.50694112015319 %, number of not free passage:  5808 num of traverse 8356
junction times
 [28.0, 34.0, 18.0, 9.0, 4.0, 11.0, 62.0, 40.0, 14.0, 8.0, 10.0, 18.0, 32.0, 59.0, 58.0, 38.0, 8.0, 1.0, 37.0, 11.0, 3.0, 9.0, 23.0, 32.0, 19.0, 10.0, 14.0, 5.0, 15.0, 65.0, 26.0, 9.0, 5.0, 42.0, 10.0, 11.0, 2.0, 11.0, 19.0, 8.0, 3.0, 11.0, 5.0, 9.0, 3.0, 39.0, 56.0, 3.0, 10.0, 98.0, 5.0, 20.0, 5.0, 26.0, 20.0, 48.0, 63.0, 42.0, 3.0, 5.0, 49.0, 2.0, 9.0, 7.0, 4.0, 30.0, 14.0, 49.0, 18.0, 5.0, 40.0, 19.0, 1.0, 13.0, 20.0, 26.0, 21.0, 13.0, 42.0, 38.0, 2.0, 57.0, 9.0, 8.0, 10.0, 13.0, 21.0, 42.0, 13.0, 4.0, 26.0, 30.0, 18.0, 19.0, 19.0, 20.0, 20.0, 8.0, 32.0, 43.0, 20.0, 19.0, 27.0, 10.0, 9.0, 12.0, 6.0, 29.0, 4.0, 70.0, 1.0, 20.0, 7.0, 1.0, 2.0, 16.0, 56.0, 24.0, 29.0, 8.0, 48.0, 14.0, 7.0, 28.0, 60.0, 14.0, 9.0, 11.0, 19.0, 12.0, 14.0, 8.0, 11.0, 26.0, 1.0, 24.0, 13.0, 12.0, 6.0, 7.0, 1.0, 3.0, 14.0, 7.0, 33.0, 7.0, 17.0, 17.0, 2.0, 41.0, 25.0, 9.0, 44.0, 71.0, 4.0, 16.0, 32.0, 59.0, 27.0, 144.0, 6.0, 51.0, 10.0, 8.0, 8.0, 3.0, 3.0, 3.0, 38.0, 1.0, 22.0, 14.0, 14.0, 19.0, 3.0, 2.0, 19.0, 4.0, 37.0, 22.0, 29.0, 32.0, 17.0, 3.0, 21.0, 20.0, 13.0, 80.0, 9.0, 7.0, 14.0, 35.0, 9.0, 55.0, 4.0, 4.0, 38.0, 2.0, 36.0, 138.0, 27.0, 22.0, 5.0, 28.0, 10.0, 2.0, 6.0, 34.0, 1.0, 36.0, 15.0, 8.0, 10.0, 18.0, 23.0, 35.0, 75.0, 2.0, 13.0, 3.0, 10.0, 74.0, 14.0, 31.0, 36.0, 23.0, 10.0, 55.0, 8.0, 88.0, 15.0, 35.0, 15.0, 4.0, 6.0, 15.0, 21.0, 6.0, 21.0, 34.0, 4.0, 30.0, 7.0, 68.0, 44.0, 17.0, 10.0, 38.0, 7.0, 50.0, 14.0, 21.0, 30.0, 40.0, 2.0, 21.0, 29.0, 8.0, 7.0, 19.0, 3.0, 9.0, 18.0, 8.0, 3.0, 48.0, 22.0, 40.0, 10.0, 10.0, 28.0, 17.0, 1.0, 8.0, 29.0, 10.0, 6.0, 20.0, 24.0, 11.0, 2.0, 20.0, 5.0, 71.0, 13.0, 4.0, 7.0, 18.0, 21.0, 1.0, 18.0, 23.0, 21.0, 16.0, 9.0, 11.0, 76.0, 35.0, 9.0, 4.0, 21.0, 4.0, 3.0, 4.0, 25.0, 1.0, 10.0, 57.0, 14.0, 9.0, 10.0, 35.0, 12.0, 11.0, 25.0, 20.0, 2.0, 35.0, 9.0, 10.0, 11.0, 24.0, 2.0, 41.0, 49.0, 29.0, 43.0, 49.0, 20.0, 30.0, 23.0, 3.0, 9.0, 34.0, 26.0, 6.0, 34.0, 30.0, 25.0, 34.0, 8.0, 22.0, 30.0, 30.0, 11.0, 11.0, 55.0, 26.0, 7.0, 25.0, 19.0, 5.0, 7.0, 5.0, 37.0, 23.0, 95.0, 1.0, 36.0, 23.0, 20.0, 37.0, 6.0, 16.0, 41.0, 30.0, 36.0, 18.0, 9.0, 5.0, 7.0, 9.0, 11.0, 9.0, 28.0, 24.0, 18.0, 3.0, 21.0, 35.0, 37.0, 6.0, 17.0, 24.0, 8.0, 39.0, 1.0, 32.0, 25.0, 14.0, 2.0, 4.0, 22.0, 1.0, 36.0, 6.0, 45.0, 32.0, 12.0, 10.0, 9.0, 27.0, 19.0, 35.0, 8.0, 28.0, 31.0, 23.0, 22.0, 15.0, 24.0, 33.0, 5.0, 1.0, 10.0, 24.0, 4.0, 1.0, 55.0, 9.0, 25.0, 16.0, 39.0, 13.0, 9.0, 2.0, 2.0, 8.0, 9.0, 54.0, 15.0, 21.0, 16.0, 2.0, 66.0, 34.0, 28.0, 6.0, 23.0, 2.0, 3.0, 30.0, 5.0, 15.0, 3.0, 20.0, 4.0, 73.0, 4.0, 9.0, 80.0, 12.0, 3.0, 4.0, 31.0, 3.0, 1.0, 1.0, 14.0, 43.0, 12.0, 24.0, 15.0, 4.0, 65.0, 49.0, 56.0, 5.0, 17.0, 5.0, 74.0, 57.0, 18.0, 8.0, 18.0, 1.0, 32.0, 3.0, 19.0, 9.0, 7.0, 7.0, 46.0, 2.0, 9.0, 26.0, 9.0, 44.0, 4.0, 7.0, 74.0, 62.0, 7.0, 1.0, 11.0, 50.0, 10.0, 13.0, 21.0, 2.0, 9.0, 7.0, 3.0, 10.0, 42.0, 5.0, 10.0, 10.0, 5.0, 11.0, 5.0, 40.0, 5.0, 58.0, 39.0, 23.0, 3.0, 30.0, 17.0, 7.0, 21.0, 12.0, 18.0, 18.0, 20.0, 46.0, 17.0, 54.0, 7.0, 48.0, 20.0, 19.0, 45.0, 43.0, 24.0, 11.0, 36.0, 10.0, 11.0, 11.0, 10.0, 13.0, 14.0, 13.0, 8.0, 13.0, 1.0, 5.0, 22.0, 20.0, 9.0, 18.0, 10.0, 11.0, 6.0, 34.0, 29.0, 9.0, 40.0, 18.0, 7.0, 9.0, 21.0, 1.0, 62.0, 26.0, 1.0, 1.0, 15.0, 23.0, 9.0, 9.0, 66.0, 4.0, 15.0, 11.0, 35.0, 9.0, 9.0, 114.0, 19.0, 34.0, 7.0, 19.0, 32.0, 15.0, 8.0, 2.0, 17.0, 9.0, 14.0, 16.0, 43.0, 6.0, 2.0, 11.0, 7.0, 25.0, 8.0, 12.0, 11.0, 2.0, 19.0, 10.0, 11.0, 7.0, 53.0, 47.0, 10.0, 44.0, 21.0, 8.0, 25.0, 9.0, 10.0, 5.0, 17.0, 126.0, 5.0, 9.0, 20.0, 18.0, 1.0, 25.0, 16.0, 6.0, 21.0, 4.0, 5.0, 42.0, 63.0, 31.0, 40.0, 20.0, 6.0, 54.0, 11.0, 12.0, 6.0, 2.0, 8.0, 61.0, 1.0, 10.0, 6.0, 23.0, 4.0, 7.0, 33.0, 2.0, 1.0, 35.0, 13.0, 16.0, 33.0, 59.0, 56.0, 15.0, 2.0, 4.0, 1.0, 17.0, 12.0, 9.0, 18.0, 78.0, 10.0, 9.0, 3.0, 14.0, 39.0, 4.0, 9.0, 20.0, 7.0, 3.0, 18.0, 2.0, 3.0, 15.0, 7.0, 19.0, 31.0, 18.0, 29.0, 20.0, 15.0, 8.0, 53.0, 9.0, 2.0, 26.0, 5.0, 4.0, 10.0, 14.0, 2.0, 7.0, 2.0, 15.0, 64.0, 76.0, 2.0, 14.0, 1.0, 12.0, 1.0, 12.0, 11.0, 35.0, 20.0, 30.0, 17.0, 15.0, 2.0, 12.0, 27.0, 3.0, 8.0, 7.0, 8.0, 3.0, 24.0, 5.0, 19.0, 5.0, 27.0, 29.0, 80.0, 28.0, 10.0, 10.0, 10.0, 40.0, 5.0, 7.0, 29.0, 26.0, 11.0, 18.0, 1.0, 10.0, 7.0, 11.0, 1.0, 9.0, 8.0, 3.0, 17.0, 41.0, 39.0, 36.0, 13.0, 4.0, 1.0, 12.0, 21.0, 10.0, 20.0, 10.0, 3.0, 11.0, 11.0, 18.0, 3.0, 26.0, 38.0, 2.0, 9.0, 1.0, 67.0, 10.0, 3.0, 4.0, 36.0, 21.0, 3.0, 36.0, 8.0, 26.0, 41.0, 64.0, 2.0, 2.0, 32.0, 8.0, 67.0, 17.0, 9.0, 36.0, 32.0, 2.0, 4.0, 27.0, 11.0, 13.0, 8.0, 11.0, 3.0, 13.0, 47.0, 10.0, 49.0, 3.0, 1.0, 11.0, 22.0, 1.0, 1.0, 19.0, 52.0, 5.0, 11.0, 8.0, 6.0, 12.0, 13.0, 6.0, 8.0, 1.0, 70.0, 4.0, 12.0, 16.0, 14.0, 10.0, 4.0, 30.0, 71.0, 4.0, 5.0, 10.0, 1.0, 39.0, 4.0, 21.0, 5.0, 42.0, 7.0, 4.0, 9.0, 11.0, 1.0, 14.0, 2.0, 33.0, 13.0, 12.0, 30.0, 10.0, 6.0, 1.0, 2.0, 8.0, 11.0, 4.0, 34.0, 9.0, 4.0, 46.0, 11.0, 11.0, 10.0, 8.0, 29.0, 12.0, 31.0, 9.0, 28.0, 28.0, 10.0, 21.0, 20.0, 41.0, 41.0, 8.0, 14.0, 30.0, 11.0, 5.0, 35.0, 4.0, 25.0, 8.0, 29.0, 9.0, 5.0, 11.0, 7.0, 16.0, 2.0, 11.0, 30.0, 70.0, 12.0, 5.0, 5.0, 18.0, 25.0, 3.0, 31.0, 4.0, 3.0, 5.0, 1.0, 2.0, 13.0, 14.0, 16.0, 13.0, 12.0, 4.0, 7.0, 40.0, 20.0, 39.0, 22.0, 6.0, 9.0, 23.0, 3.0, 11.0, 9.0, 9.0, 51.0, 11.0, 8.0, 21.0, 18.0, 1.0, 3.0, 18.0, 3.0, 1.0, 5.0, 8.0, 20.0, 8.0, 9.0, 23.0, 41.0, 8.0, 22.0, 23.0, 24.0, 59.0, 53.0, 11.0, 44.0, 18.0, 60.0, 24.0, 3.0, 63.0, 29.0, 5.0, 10.0, 12.0, 43.0, 20.0, 6.0, 4.0, 57.0, 16.0, 22.0, 7.0, 39.0, 16.0, 1.0, 9.0, 40.0, 12.0, 22.0, 21.0, 4.0, 29.0, 16.0, 32.0, 8.0, 1.0, 6.0, 9.0, 10.0, 7.0, 12.0, 6.0, 17.0, 33.0, 5.0, 12.0, 11.0, 14.0, 9.0, 8.0, 8.0, 17.0, 26.0, 6.0, 32.0, 31.0, 10.0, 25.0, 8.0, 37.0, 8.0, 11.0, 60.0, 26.0, 7.0, 21.0, 8.0, 1.0, 26.0, 34.0, 2.0, 14.0, 41.0, 16.0, 59.0, 43.0, 14.0, 31.0, 9.0, 23.0, 1.0, 39.0, 3.0, 13.0, 13.0, 18.0, 3.0, 4.0, 14.0, 45.0, 9.0, 18.0, 41.0, 44.0, 4.0, 10.0, 16.0, 3.0, 4.0, 7.0, 1.0, 1.0, 14.0, 34.0, 13.0, 4.0, 23.0, 3.0, 5.0, 18.0, 26.0, 107.0, 8.0, 20.0, 12.0, 15.0, 23.0, 9.0, 17.0, 67.0, 20.0, 36.0, 20.0, 29.0, 9.0, 31.0, 24.0, 21.0, 3.0, 28.0, 29.0, 34.0, 2.0, 12.0, 26.0, 20.0, 18.0, 1.0, 4.0, 56.0, 15.0, 8.0, 19.0, 24.0, 74.0, 19.0, 45.0, 11.0, 85.0, 15.0, 81.0, 1.0, 41.0, 9.0, 26.0, 12.0, 9.0, 25.0, 4.0, 64.0, 2.0, 9.0, 18.0, 8.0, 30.0, 2.0, 13.0, 42.0, 3.0, 33.0, 10.0, 17.0, 15.0, 48.0, 5.0, 31.0, 18.0, 31.0, 3.0, 11.0, 37.0, 27.0, 5.0, 24.0, 9.0, 2.0, 19.0, 27.0, 11.0, 27.0, 15.0, 10.0, 19.0, 8.0, 8.0, 4.0, 14.0, 11.0, 1.0, 2.0, 47.0, 6.0, 54.0, 38.0, 1.0, 8.0, 54.0, 3.0, 9.0, 11.0, 10.0, 1.0, 2.0, 20.0, 11.0, 16.0, 7.0, 36.0, 36.0, 8.0, 14.0, 7.0, 6.0, 16.0, 4.0, 2.0, 9.0, 48.0, 30.0, 21.0, 22.0, 24.0, 1.0, 11.0, 10.0, 18.0, 8.0, 7.0, 2.0, 13.0, 8.0, 2.0, 3.0, 76.0, 20.0, 10.0, 14.0, 16.0, 15.0, 21.0, 7.0, 54.0, 2.0, 56.0, 10.0, 38.0, 9.0, 12.0, 5.0, 21.0, 11.0, 1.0, 8.0, 97.0, 10.0, 36.0, 22.0, 16.0, 1.0, 59.0, 5.0, 2.0, 19.0, 45.0, 105.0, 3.0, 39.0, 40.0, 6.0, 9.0, 13.0, 9.0, 9.0, 8.0, 23.0, 31.0, 18.0, 8.0, 4.0, 9.0, 7.0, 23.0, 2.0, 16.0, 38.0, 36.0, 39.0, 14.0, 30.0, 4.0, 3.0, 5.0, 9.0, 14.0, 35.0, 29.0, 26.0, 8.0, 74.0, 6.0, 6.0, 38.0, 10.0, 58.0, 32.0, 5.0, 3.0, 70.0, 18.0, 10.0, 1.0, 11.0, 4.0, 13.0, 28.0, 21.0, 7.0, 32.0, 11.0, 7.0, 31.0, 5.0, 39.0, 14.0, 1.0, 9.0, 35.0, 9.0, 2.0, 20.0, 112.0, 28.0, 26.0, 10.0, 64.0, 15.0, 7.0, 11.0, 2.0, 2.0, 12.0, 26.0, 9.0, 9.0, 2.0, 2.0, 55.0, 28.0, 3.0, 6.0, 52.0, 7.0, 14.0, 24.0, 8.0, 20.0, 4.0, 10.0, 8.0, 7.0, 1.0, 35.0, 35.0, 5.0, 9.0, 6.0, 7.0, 6.0, 27.0, 2.0, 11.0, 10.0, 10.0, 75.0, 59.0, 18.0, 8.0, 19.0, 10.0, 43.0, 28.0, 27.0, 12.0, 2.0, 16.0, 25.0, 49.0, 30.0, 9.0, 47.0, 6.0, 17.0, 27.0, 15.0, 60.0, 4.0, 4.0, 14.0, 12.0, 5.0, 9.0, 1.0, 2.0, 42.0, 13.0, 20.0, 58.0, 133.0, 4.0, 2.0, 59.0, 14.0, 6.0, 25.0, 31.0, 33.0, 9.0, 26.0, 7.0, 26.0, 19.0, 1.0, 47.0, 15.0, 13.0, 5.0, 19.0, 4.0, 60.0, 19.0, 21.0, 3.0, 2.0, 25.0, 25.0, 5.0, 4.0, 11.0, 57.0, 3.0, 27.0, 21.0, 10.0, 43.0, 28.0, 36.0, 4.0, 33.0, 2.0, 4.0, 9.0, 36.0, 4.0, 13.0, 13.0, 8.0, 21.0, 3.0, 30.0, 2.0, 61.0, 8.0, 8.0, 10.0, 4.0, 1.0, 31.0, 18.0, 18.0, 8.0, 12.0, 42.0, 22.0, 39.0, 12.0, 8.0, 62.0, 3.0, 1.0, 12.0, 12.0, 44.0, 27.0, 39.0, 1.0, 5.0, 16.0, 1.0, 8.0, 61.0, 5.0, 15.0, 8.0, 23.0, 23.0, 8.0, 9.0, 10.0, 8.0, 6.0, 9.0, 27.0, 127.0, 18.0, 3.0, 30.0, 10.0, 20.0, 9.0, 8.0, 12.0, 10.0, 1.0, 15.0, 7.0, 38.0, 8.0, 2.0, 10.0, 63.0, 11.0, 2.0, 3.0, 43.0, 26.0, 8.0, 18.0, 3.0, 3.0, 3.0, 11.0, 13.0, 6.0, 5.0, 24.0, 9.0, 22.0, 66.0, 20.0, 63.0, 22.0, 44.0, 12.0, 8.0, 46.0, 6.0, 8.0, 7.0, 45.0, 6.0, 14.0, 54.0, 16.0, 5.0, 45.0, 25.0, 31.0, 12.0, 14.0, 28.0, 57.0, 91.0, 3.0, 1.0, 3.0, 33.0, 5.0, 23.0, 20.0, 33.0, 9.0, 17.0, 10.0, 20.0, 6.0, 5.0, 11.0, 4.0, 5.0, 42.0, 28.0, 24.0, 31.0, 2.0, 4.0, 31.0, 26.0, 21.0, 22.0, 44.0, 6.0, 5.0, 21.0, 4.0, 9.0, 7.0, 2.0, 30.0, 9.0, 6.0, 23.0, 3.0, 41.0, 39.0, 20.0, 10.0, 16.0, 25.0, 14.0, 22.0, 5.0, 19.0, 2.0, 4.0, 10.0, 8.0, 40.0, 13.0, 12.0, 43.0, 19.0, 42.0, 7.0, 2.0, 4.0, 15.0, 32.0, 23.0, 19.0, 4.0, 13.0, 43.0, 16.0, 4.0, 19.0, 18.0, 11.0, 2.0, 7.0, 34.0, 18.0, 47.0, 19.0, 4.0, 2.0, 48.0, 39.0, 21.0, 6.0, 6.0, 23.0, 26.0, 9.0, 9.0, 12.0, 67.0, 7.0, 2.0, 29.0, 64.0, 14.0, 1.0, 2.0, 6.0, 44.0, 9.0, 33.0, 14.0, 29.0, 20.0, 1.0, 11.0, 3.0, 6.0, 4.0, 10.0, 8.0, 4.0, 1.0, 59.0, 15.0, 10.0, 14.0, 1.0, 16.0, 7.0, 30.0, 20.0, 71.0, 54.0, 28.0, 44.0, 26.0, 20.0, 29.0, 14.0, 27.0, 43.0, 39.0, 17.0, 20.0, 26.0, 16.0, 29.0, 3.0, 4.0, 20.0, 21.0, 24.0, 9.0, 10.0, 2.0, 12.0, 33.0, 11.0, 48.0, 1.0, 20.0, 7.0, 29.0, 21.0, 1.0, 8.0, 2.0, 41.0, 11.0, 32.0, 1.0, 10.0, 6.0, 21.0, 1.0, 23.0, 81.0, 8.0, 4.0, 10.0, 7.0, 5.0, 19.0, 34.0, 11.0, 3.0, 31.0, 13.0, 60.0, 8.0, 24.0, 8.0, 4.0, 8.0, 23.0, 16.0, 7.0, 37.0, 28.0, 11.0, 20.0, 12.0, 14.0, 10.0, 1.0, 5.0, 53.0, 20.0, 33.0, 21.0, 19.0, 71.0, 24.0, 10.0, 24.0, 37.0, 9.0, 4.0, 22.0, 1.0, 13.0, 14.0, 4.0, 26.0, 11.0, 63.0, 17.0, 12.0, 27.0, 15.0, 41.0, 29.0, 16.0, 26.0, 44.0, 50.0, 10.0, 3.0, 44.0, 42.0, 16.0, 9.0, 8.0, 10.0, 41.0, 27.0, 1.0, 11.0, 7.0, 9.0, 22.0, 3.0, 1.0, 39.0, 10.0, 33.0, 39.0, 4.0, 8.0, 63.0, 18.0, 37.0, 29.0, 27.0, 69.0, 21.0, 3.0, 40.0, 31.0, 68.0, 28.0, 10.0, 9.0, 2.0, 6.0, 11.0, 1.0, 8.0, 4.0, 3.0, 28.0, 7.0, 49.0, 11.0, 4.0, 9.0, 30.0, 57.0, 39.0, 41.0, 37.0, 23.0, 15.0, 9.0, 7.0, 5.0, 10.0, 14.0, 35.0, 14.0, 22.0, 41.0, 41.0, 8.0, 11.0, 4.0, 11.0, 33.0, 2.0, 8.0, 12.0, 2.0, 10.0, 54.0, 1.0, 33.0, 11.0, 27.0, 6.0, 1.0, 6.0, 21.0, 2.0, 38.0, 57.0, 11.0, 22.0, 3.0, 1.0, 3.0, 44.0, 17.0, 21.0, 18.0, 9.0, 9.0, 4.0, 10.0, 23.0, 9.0, 20.0, 11.0, 41.0, 9.0, 10.0, 97.0, 72.0, 22.0, 9.0, 25.0, 17.0, 5.0, 18.0, 27.0, 35.0, 3.0, 14.0, 29.0, 11.0, 34.0, 14.0, 2.0, 71.0, 1.0, 58.0, 9.0, 31.0, 17.0, 79.0, 3.0, 2.0, 2.0, 39.0, 21.0, 63.0, 9.0, 18.0, 31.0, 36.0, 12.0, 38.0, 21.0, 11.0, 62.0, 7.0, 9.0, 19.0, 9.0, 5.0, 28.0, 12.0, 34.0, 3.0, 3.0, 2.0, 21.0, 11.0, 27.0, 6.0, 11.0, 5.0, 1.0, 21.0, 2.0, 18.0, 13.0, 49.0, 8.0, 24.0, 18.0, 9.0, 21.0, 10.0, 29.0, 18.0, 42.0, 37.0, 10.0, 19.0, 12.0, 45.0, 6.0, 3.0, 1.0, 20.0, 20.0, 49.0, 22.0, 13.0, 20.0, 2.0, 28.0, 4.0, 10.0, 12.0, 28.0, 39.0, 10.0, 3.0, 4.0, 38.0, 22.0, 34.0, 10.0, 36.0, 13.0, 2.0, 20.0, 3.0, 19.0, 36.0, 74.0, 11.0, 12.0, 14.0, 7.0, 74.0, 2.0, 13.0, 1.0, 14.0, 83.0, 2.0, 3.0, 13.0, 60.0, 9.0, 36.0, 3.0, 7.0, 3.0, 23.0, 3.0, 7.0, 13.0, 15.0, 11.0, 33.0, 24.0, 7.0, 4.0, 21.0, 1.0, 8.0, 35.0, 2.0, 65.0, 32.0, 1.0, 10.0, 18.0, 8.0, 46.0, 7.0, 20.0, 16.0, 30.0, 22.0, 30.0, 13.0, 21.0, 9.0, 9.0, 88.0, 7.0, 54.0, 6.0, 13.0, 10.0, 56.0, 21.0, 3.0, 21.0, 11.0, 28.0, 7.0, 29.0, 43.0, 10.0, 17.0, 24.0, 22.0, 25.0, 23.0, 21.0, 30.0, 11.0, 7.0, 38.0, 2.0, 14.0, 11.0, 13.0, 12.0, 37.0, 10.0, 7.0, 58.0, 4.0, 27.0, 24.0, 4.0, 32.0, 73.0, 8.0, 1.0, 11.0, 6.0, 5.0, 21.0, 2.0, 13.0, 6.0, 22.0, 28.0, 4.0, 10.0, 50.0, 86.0, 1.0, 47.0, 21.0, 9.0, 3.0, 8.0, 15.0, 8.0, 1.0, 6.0, 2.0, 30.0, 13.0, 14.0, 8.0, 18.0, 40.0, 64.0, 24.0, 2.0, 11.0, 20.0, 34.0, 35.0, 8.0, 37.0, 43.0, 12.0, 20.0, 3.0, 16.0, 4.0, 7.0, 25.0, 48.0, 6.0, 8.0, 36.0, 32.0, 22.0, 1.0, 3.0, 21.0, 23.0, 14.0, 85.0, 4.0, 1.0, 26.0, 11.0, 8.0, 1.0, 4.0, 9.0, 10.0, 44.0, 18.0, 14.0, 9.0, 53.0, 8.0, 31.0, 111.0, 17.0, 7.0, 47.0, 33.0, 4.0, 35.0, 4.0, 24.0, 24.0, 10.0, 24.0, 9.0, 31.0, 26.0, 15.0, 7.0, 10.0, 23.0, 29.0, 20.0, 25.0, 9.0, 2.0, 10.0, 9.0, 4.0, 67.0, 3.0, 64.0, 3.0, 18.0, 8.0, 4.0, 3.0, 5.0, 5.0, 17.0, 4.0, 37.0, 36.0, 6.0, 52.0, 29.0, 33.0, 21.0, 20.0, 44.0, 3.0, 41.0, 3.0, 37.0, 46.0, 29.0, 16.0, 24.0, 4.0, 1.0, 29.0, 41.0, 36.0, 4.0, 27.0, 6.0, 4.0, 4.0, 36.0, 44.0, 25.0, 45.0, 25.0, 3.0, 33.0, 9.0, 21.0, 11.0, 43.0, 32.0, 78.0, 6.0, 9.0, 20.0, 8.0, 1.0, 16.0, 5.0, 20.0, 24.0, 31.0, 15.0, 2.0, 4.0, 4.0, 9.0, 50.0, 7.0, 27.0, 6.0, 12.0, 13.0, 2.0, 22.0, 8.0, 13.0, 3.0, 1.0, 17.0, 2.0, 3.0, 8.0, 9.0, 6.0, 5.0, 4.0, 6.0, 17.0, 2.0, 1.0, 62.0, 18.0, 7.0, 26.0, 9.0, 4.0, 5.0, 9.0, 4.0, 9.0, 11.0, 73.0, 6.0, 5.0, 10.0, 9.0, 12.0, 15.0, 32.0, 16.0, 32.0, 10.0, 33.0, 38.0, 8.0, 34.0, 10.0, 19.0, 1.0, 15.0, 6.0, 13.0, 9.0, 19.0, 6.0, 46.0, 33.0, 20.0, 18.0, 3.0, 5.0, 6.0, 41.0, 11.0, 51.0, 14.0, 22.0, 24.0, 30.0, 6.0, 29.0, 12.0, 50.0, 22.0, 8.0, 14.0, 6.0, 11.0, 17.0, 8.0, 3.0, 6.0, 19.0, 17.0, 15.0, 70.0, 10.0, 17.0, 59.0, 51.0, 5.0, 1.0, 11.0, 8.0, 13.0, 12.0, 14.0, 58.0, 26.0, 2.0, 9.0, 2.0, 5.0, 36.0, 2.0, 13.0, 19.0, 9.0, 9.0, 9.0, 52.0, 4.0, 11.0, 2.0, 4.0, 7.0, 13.0, 2.0, 2.0, 2.0, 33.0, 31.0, 20.0, 4.0, 11.0, 5.0, 2.0, 33.0, 3.0, 10.0, 2.0, 9.0, 32.0, 34.0, 6.0, 10.0, 18.0, 44.0, 49.0, 12.0, 67.0, 41.0, 5.0, 13.0, 43.0, 16.0, 63.0, 28.0, 16.0, 5.0, 44.0, 7.0, 9.0, 1.0, 69.0, 60.0, 8.0, 20.0, 22.0, 3.0, 7.0, 2.0, 5.0, 22.0, 9.0, 16.0, 10.0, 9.0, 9.0, 20.0, 55.0, 40.0, 27.0, 2.0, 8.0, 17.0, 76.0, 4.0, 40.0, 7.0, 22.0, 24.0, 33.0, 66.0, 3.0, 21.0, 11.0, 10.0, 5.0, 27.0, 31.0, 19.0, 14.0, 6.0, 9.0, 10.0, 35.0, 12.0, 4.0, 9.0, 2.0, 21.0, 16.0, 31.0, 23.0, 10.0, 5.0, 31.0, 5.0, 75.0, 1.0, 4.0, 38.0, 15.0, 4.0, 10.0, 24.0, 5.0, 1.0, 8.0, 4.0, 9.0, 39.0, 3.0, 12.0, 33.0, 28.0, 19.0, 10.0, 109.0, 9.0, 11.0, 40.0, 38.0, 16.0, 36.0, 5.0, 3.0, 27.0, 18.0, 19.0, 22.0, 5.0, 34.0, 28.0, 75.0, 11.0, 13.0, 4.0, 11.0, 23.0, 29.0, 8.0, 2.0, 25.0, 9.0, 10.0, 9.0, 6.0, 19.0, 4.0, 26.0, 8.0, 11.0, 9.0, 10.0, 8.0, 8.0, 19.0, 15.0, 3.0, 18.0, 6.0, 21.0, 56.0, 6.0, 1.0, 23.0, 19.0, 4.0, 12.0, 29.0, 4.0, 17.0, 4.0, 31.0, 14.0, 5.0, 1.0, 72.0, 9.0, 22.0, 28.0, 69.0, 15.0, 24.0, 4.0, 5.0, 4.0, 70.0, 17.0, 54.0, 23.0, 4.0, 43.0, 9.0, 1.0, 18.0, 4.0, 16.0, 15.0, 10.0, 1.0, 10.0, 23.0, 18.0, 26.0, 31.0, 11.0, 18.0, 9.0, 16.0, 11.0, 8.0, 10.0, 43.0, 41.0, 15.0, 39.0, 1.0, 2.0, 16.0, 18.0, 15.0, 10.0, 23.0, 28.0, 10.0, 7.0, 45.0, 9.0, 22.0, 6.0, 30.0, 14.0, 9.0, 11.0, 45.0, 4.0, 2.0, 1.0, 5.0, 19.0, 15.0, 22.0, 18.0, 1.0, 31.0, 8.0, 46.0, 23.0, 9.0, 43.0, 8.0, 6.0, 8.0, 9.0, 6.0, 10.0, 8.0, 9.0, 29.0, 9.0, 23.0, 78.0, 13.0, 21.0, 4.0, 9.0, 37.0, 43.0, 29.0, 40.0, 3.0, 11.0, 11.0, 24.0, 31.0, 13.0, 21.0, 9.0, 24.0, 11.0, 11.0, 7.0, 7.0, 21.0, 5.0, 3.0, 9.0, 54.0, 33.0, 9.0, 27.0, 10.0, 7.0, 5.0, 21.0, 37.0, 7.0, 17.0, 7.0, 5.0, 1.0, 23.0, 1.0, 26.0, 6.0, 3.0, 1.0, 21.0, 21.0, 24.0, 13.0, 20.0, 39.0, 10.0, 9.0, 9.0, 12.0, 28.0, 11.0, 1.0, 36.0, 38.0, 11.0, 13.0, 8.0, 1.0, 6.0, 17.0, 29.0, 32.0, 9.0, 30.0, 5.0, 16.0, 13.0, 33.0, 9.0, 8.0, 9.0, 8.0, 8.0, 35.0, 47.0, 30.0, 9.0, 1.0, 29.0, 7.0, 22.0, 3.0, 41.0, 19.0, 10.0, 15.0, 26.0, 19.0, 35.0, 54.0, 37.0, 4.0, 4.0, 21.0, 20.0, 14.0, 23.0, 4.0, 8.0, 22.0, 64.0, 26.0, 48.0, 16.0, 66.0, 34.0, 18.0, 21.0, 6.0, 2.0, 9.0, 36.0, 1.0, 9.0, 45.0, 24.0, 4.0, 10.0, 18.0, 85.0, 30.0, 6.0, 2.0, 4.0, 3.0, 17.0, 29.0, 1.0, 49.0, 4.0, 9.0, 61.0, 6.0, 6.0, 6.0, 13.0, 41.0, 34.0, 10.0, 3.0, 18.0, 42.0, 1.0, 3.0, 66.0, 29.0, 22.0, 8.0, 35.0, 40.0, 4.0, 11.0, 6.0, 28.0, 16.0, 53.0, 110.0, 13.0, 9.0, 49.0, 10.0, 36.0, 15.0, 25.0, 13.0, 4.0, 35.0, 22.0, 11.0, 104.0, 41.0, 17.0, 5.0, 9.0, 8.0, 81.0, 4.0, 1.0, 11.0, 10.0, 9.0, 1.0, 27.0, 49.0, 16.0, 10.0, 21.0, 29.0, 41.0, 11.0, 13.0, 3.0, 11.0, 28.0, 21.0, 18.0, 4.0, 3.0, 28.0, 39.0, 59.0, 21.0, 10.0, 7.0, 28.0, 6.0, 3.0, 16.0, 16.0, 25.0, 15.0, 1.0, 9.0, 7.0, 6.0, 12.0, 5.0, 4.0, 47.0, 41.0, 25.0, 49.0, 22.0, 25.0, 49.0, 19.0, 3.0, 1.0, 10.0, 12.0, 3.0, 9.0, 1.0, 36.0, 60.0, 19.0, 11.0, 80.0, 9.0, 36.0, 21.0, 4.0, 30.0, 28.0, 20.0, 11.0, 23.0, 44.0, 22.0, 2.0, 12.0, 1.0, 6.0, 12.0, 15.0, 23.0, 4.0, 8.0, 12.0, 15.0, 26.0, 4.0, 26.0, 109.0, 23.0, 34.0, 8.0, 11.0, 5.0, 19.0, 7.0, 20.0, 39.0, 18.0, 7.0, 2.0, 19.0, 70.0, 36.0, 42.0, 27.0, 3.0, 13.0, 9.0, 8.0, 5.0, 5.0, 6.0, 34.0, 7.0, 19.0, 2.0, 33.0, 10.0, 12.0, 30.0, 17.0, 72.0, 35.0, 8.0, 52.0, 22.0, 32.0, 34.0, 1.0, 9.0, 12.0, 9.0, 19.0, 32.0, 46.0, 5.0, 10.0, 44.0, 1.0, 5.0, 10.0, 34.0, 10.0, 33.0, 1.0, 28.0, 26.0, 8.0, 24.0, 14.0, 54.0, 2.0, 30.0, 42.0, 14.0, 40.0, 13.0, 19.0, 29.0, 8.0, 1.0, 31.0, 5.0, 30.0, 12.0, 9.0, 35.0, 1.0, 9.0, 3.0, 4.0, 5.0, 20.0, 13.0, 23.0, 5.0, 13.0, 42.0, 23.0, 2.0, 14.0, 23.0, 26.0, 11.0, 3.0, 1.0, 39.0, 2.0, 12.0, 29.0, 3.0, 22.0, 18.0, 43.0, 16.0, 93.0, 26.0, 10.0, 7.0, 10.0, 8.0, 21.0, 48.0, 2.0, 18.0, 12.0, 32.0, 1.0, 8.0, 36.0, 54.0, 37.0, 54.0, 27.0, 64.0, 29.0, 11.0, 19.0, 1.0, 8.0, 20.0, 25.0, 8.0, 7.0, 3.0, 9.0, 29.0, 8.0, 16.0, 4.0, 30.0, 23.0, 6.0, 10.0, 27.0, 41.0, 8.0, 8.0, 6.0, 22.0, 20.0, 46.0, 10.0, 5.0, 1.0, 24.0, 15.0, 6.0, 32.0, 4.0, 20.0, 3.0, 2.0, 2.0, 14.0, 22.0, 39.0, 22.0, 11.0, 26.0, 14.0, 6.0, 18.0, 34.0, 11.0, 2.0, 35.0, 7.0, 3.0, 27.0, 8.0, 50.0, 28.0, 44.0, 18.0, 4.0, 7.0, 32.0, 6.0, 20.0, 32.0, 34.0, 49.0, 12.0, 59.0, 10.0, 26.0, 20.0, 28.0, 8.0, 7.0, 6.0, 5.0, 27.0, 14.0, 11.0, 13.0, 14.0, 8.0, 16.0, 7.0, 31.0, 24.0, 7.0, 51.0, 10.0, 18.0, 34.0, 40.0, 14.0, 75.0, 20.0, 19.0, 2.0, 12.0, 16.0, 26.0, 4.0, 20.0, 109.0, 29.0, 34.0, 20.0, 68.0, 11.0, 20.0, 26.0, 23.0, 2.0, 17.0, 6.0, 12.0, 11.0, 8.0, 11.0, 27.0, 4.0, 12.0, 12.0, 9.0, 2.0, 6.0, 2.0, 15.0, 12.0, 7.0, 22.0, 6.0, 41.0, 4.0, 33.0, 2.0, 1.0, 4.0, 30.0, 38.0, 5.0, 10.0, 24.0, 28.0, 46.0, 2.0, 6.0, 18.0, 13.0, 4.0, 12.0, 35.0, 17.0, 40.0, 7.0, 21.0, 7.0, 9.0, 40.0, 37.0, 10.0, 14.0, 3.0, 2.0, 4.0, 10.0, 47.0, 21.0, 4.0, 8.0, 40.0, 85.0, 7.0, 20.0, 39.0, 11.0, 12.0, 20.0, 4.0, 8.0, 8.0, 16.0, 33.0, 29.0, 10.0, 83.0, 7.0, 5.0, 47.0, 11.0, 14.0, 4.0, 91.0, 5.0, 25.0, 18.0, 32.0, 9.0, 28.0, 20.0, 15.0, 27.0, 27.0, 1.0, 13.0, 12.0, 10.0, 9.0, 11.0, 33.0, 6.0, 36.0, 34.0, 1.0, 22.0, 30.0, 11.0, 61.0, 23.0, 5.0, 24.0, 20.0, 2.0, 2.0, 35.0, 6.0, 19.0, 32.0, 40.0, 7.0, 4.0, 72.0, 2.0, 63.0, 4.0, 35.0, 6.0, 13.0, 27.0, 11.0, 38.0, 2.0, 12.0, 36.0, 7.0, 24.0, 4.0, 9.0, 1.0, 49.0, 21.0, 6.0, 9.0, 17.0, 14.0, 47.0, 21.0, 2.0, 24.0, 11.0, 50.0, 10.0, 34.0, 17.0, 8.0, 56.0, 8.0, 11.0, 1.0, 24.0, 6.0, 11.0, 8.0, 7.0, 43.0, 11.0, 34.0, 4.0, 53.0, 5.0, 1.0, 23.0, 11.0, 8.0, 46.0, 6.0, 35.0, 22.0, 22.0, 41.0, 19.0, 43.0, 5.0, 14.0, 8.0, 11.0, 15.0, 8.0, 9.0, 125.0, 10.0, 65.0, 20.0, 63.0, 7.0, 9.0, 19.0, 1.0, 20.0, 10.0, 65.0, 39.0, 19.0, 27.0, 9.0, 3.0, 4.0, 30.0, 46.0, 13.0, 35.0, 13.0, 1.0, 26.0, 45.0, 4.0, 2.0, 51.0, 1.0, 11.0, 6.0, 11.0, 16.0, 7.0, 13.0, 31.0, 26.0, 7.0, 4.0, 8.0, 23.0, 23.0, 13.0, 1.0, 20.0, 21.0, 74.0, 4.0, 6.0, 9.0, 22.0, 8.0, 10.0, 13.0, 10.0, 96.0, 3.0, 48.0, 38.0, 11.0, 14.0, 44.0, 27.0, 4.0, 9.0, 5.0, 10.0, 29.0, 25.0, 22.0, 21.0, 4.0, 70.0, 1.0, 10.0, 23.0, 28.0, 4.0, 29.0, 45.0, 3.0, 10.0, 45.0, 28.0, 5.0, 2.0, 30.0, 3.0, 10.0, 12.0, 11.0, 35.0, 10.0, 9.0, 11.0, 29.0, 4.0, 2.0, 11.0, 27.0, 28.0] 

traffic times
 [18.0, 26.0, 25.0, 18.0, 13.0, 50.0, 4.0, 7.0, 6.0, 9.0, 9.0, 4.0, 4.0, 12.0, 31.0, 32.0, 6.0, 44.0, 22.0, 22.0, 38.0, 31.0, 56.0, 12.0, 59.0, 32.0, 15.0, 2.0, 24.0, 12.0, 5.0, 24.0, 9.0, 7.0, 22.0, 54.0, 13.0, 16.0, 9.0, 12.0, 24.0, 1.0, 11.0, 7.0, 6.0, 17.0, 6.0, 10.0, 4.0, 23.0, 4.0, 20.0, 48.0, 33.0, 10.0, 2.0, 24.0, 64.0, 12.0, 21.0, 13.0, 10.0, 35.0, 1.0, 15.0, 31.0, 6.0, 6.0, 5.0, 23.0, 3.0, 5.0, 2.0, 51.0, 12.0, 12.0, 62.0, 15.0, 63.0, 6.0, 17.0, 39.0, 6.0, 3.0, 3.0, 37.0, 12.0, 11.0, 23.0, 1.0, 22.0, 7.0, 45.0, 44.0, 27.0, 40.0, 29.0, 20.0, 21.0, 12.0, 16.0, 14.0, 42.0, 7.0, 12.0, 36.0, 7.0, 30.0, 103.0, 10.0, 54.0, 37.0, 2.0, 21.0, 14.0, 8.0, 13.0, 8.0, 49.0, 16.0, 6.0, 15.0, 20.0, 17.0, 2.0, 23.0, 3.0, 36.0, 6.0, 53.0, 35.0, 39.0, 11.0, 1.0, 14.0, 40.0, 37.0, 13.0, 78.0, 64.0, 53.0, 9.0, 23.0, 9.0, 50.0, 32.0, 14.0, 5.0, 22.0, 43.0, 2.0, 1.0, 42.0, 3.0, 17.0, 27.0, 14.0, 4.0, 65.0, 8.0, 3.0, 46.0, 11.0, 38.0, 19.0, 27.0, 12.0, 34.0, 36.0, 12.0, 32.0, 4.0, 21.0, 6.0, 9.0, 42.0, 19.0, 46.0, 21.0, 37.0, 1.0, 6.0, 24.0, 39.0, 1.0, 5.0, 18.0, 32.0, 1.0, 38.0, 57.0, 13.0, 12.0, 6.0, 6.0, 6.0, 47.0, 67.0, 34.0, 14.0, 38.0, 18.0, 47.0, 71.0, 45.0, 3.0, 26.0, 2.0, 13.0, 1.0, 80.0, 4.0, 12.0, 17.0, 13.0, 3.0, 39.0, 8.0, 20.0, 56.0, 7.0, 51.0, 51.0, 21.0, 3.0, 35.0, 41.0, 6.0, 11.0, 21.0, 12.0, 8.0, 5.0, 8.0, 1.0, 2.0, 9.0, 13.0, 12.0, 39.0, 67.0, 45.0, 11.0, 24.0, 45.0, 14.0, 26.0, 28.0, 51.0, 89.0, 18.0, 8.0, 4.0, 10.0, 12.0, 6.0, 15.0, 9.0, 41.0, 1.0, 30.0, 6.0, 30.0, 13.0, 33.0, 34.0, 1.0, 1.0, 31.0, 29.0, 1.0, 42.0, 13.0, 15.0, 10.0, 32.0, 53.0, 43.0, 47.0, 56.0, 11.0, 3.0, 1.0, 13.0, 8.0, 8.0, 56.0, 32.0, 39.0, 10.0, 47.0, 30.0, 14.0, 25.0, 15.0, 45.0, 55.0, 14.0, 5.0, 27.0, 36.0, 5.0, 68.0, 3.0, 1.0, 21.0, 80.0, 54.0, 26.0, 30.0, 5.0, 22.0, 7.0, 36.0, 4.0, 15.0, 17.0, 40.0, 1.0, 8.0, 20.0, 13.0, 44.0, 14.0, 14.0, 7.0, 17.0, 4.0, 12.0, 6.0, 23.0, 11.0, 40.0, 49.0, 7.0, 13.0, 46.0, 33.0, 3.0, 8.0, 15.0, 31.0, 19.0, 9.0, 29.0, 60.0, 24.0, 4.0, 27.0, 79.0, 6.0, 16.0, 25.0, 10.0, 15.0, 43.0, 1.0, 35.0, 5.0, 45.0, 39.0, 12.0, 15.0, 32.0, 33.0, 27.0, 24.0, 11.0, 22.0, 20.0, 55.0, 3.0, 10.0, 101.0, 1.0, 36.0, 96.0, 23.0, 2.0, 37.0, 34.0, 19.0, 27.0, 39.0, 11.0, 65.0, 1.0, 50.0, 35.0, 12.0, 18.0, 59.0, 18.0, 7.0, 39.0, 13.0, 5.0, 17.0, 17.0, 21.0, 32.0, 16.0, 28.0, 2.0, 18.0, 7.0, 11.0, 18.0, 6.0, 3.0, 3.0, 14.0, 37.0, 15.0, 51.0, 22.0, 12.0, 21.0, 8.0, 49.0, 9.0, 38.0, 7.0, 54.0, 40.0, 61.0, 48.0, 29.0, 33.0, 18.0, 19.0, 24.0, 17.0, 18.0, 61.0, 11.0, 38.0, 24.0, 10.0, 7.0, 22.0, 27.0, 15.0, 4.0, 76.0, 14.0, 20.0, 10.0, 14.0, 55.0, 66.0, 21.0, 17.0, 15.0, 29.0, 23.0, 46.0, 21.0, 16.0, 13.0, 1.0, 42.0, 85.0, 27.0, 32.0, 1.0, 28.0, 14.0, 22.0, 23.0, 27.0, 30.0, 77.0, 65.0, 10.0, 11.0, 43.0, 67.0, 18.0, 16.0, 25.0, 63.0, 4.0, 5.0, 44.0, 10.0, 24.0, 42.0, 20.0, 1.0, 1.0, 18.0, 9.0, 24.0, 109.0, 29.0, 35.0, 13.0, 14.0, 48.0, 7.0, 9.0, 57.0, 14.0, 16.0, 29.0, 62.0, 25.0, 2.0, 22.0, 4.0, 11.0, 29.0, 7.0, 13.0, 20.0, 33.0, 16.0, 3.0, 3.0, 7.0, 18.0, 10.0, 56.0, 7.0, 57.0, 5.0, 27.0, 15.0, 1.0, 5.0, 72.0, 22.0, 7.0, 27.0, 9.0, 64.0, 3.0, 27.0, 38.0, 28.0, 19.0, 1.0, 19.0, 1.0, 48.0, 21.0, 1.0, 85.0, 8.0, 6.0, 7.0, 3.0, 24.0, 58.0, 14.0, 61.0, 36.0, 12.0, 9.0, 49.0, 33.0, 2.0, 19.0, 10.0, 58.0, 65.0, 7.0, 12.0, 19.0, 13.0, 40.0, 63.0, 28.0, 41.0, 69.0, 2.0, 41.0, 34.0, 27.0, 34.0, 19.0, 17.0, 1.0, 41.0, 9.0, 45.0, 15.0, 54.0, 28.0, 20.0, 11.0, 21.0, 12.0, 20.0, 9.0, 2.0, 13.0, 7.0, 28.0, 15.0, 46.0, 11.0, 5.0, 40.0, 13.0, 7.0, 79.0, 88.0, 2.0, 11.0, 63.0, 19.0, 49.0, 4.0, 29.0, 5.0, 43.0, 35.0, 44.0, 82.0, 31.0, 7.0, 22.0, 2.0, 13.0, 1.0, 11.0, 50.0, 37.0, 33.0, 13.0, 11.0, 12.0, 5.0, 9.0, 39.0, 14.0, 1.0, 48.0, 36.0, 56.0, 44.0, 29.0, 32.0, 24.0, 12.0, 27.0, 40.0, 15.0, 21.0, 32.0, 7.0, 55.0, 18.0, 70.0, 11.0, 4.0, 1.0, 16.0, 31.0, 1.0, 24.0, 19.0, 67.0, 24.0, 1.0, 30.0, 25.0, 15.0, 18.0, 3.0, 23.0, 6.0, 53.0, 4.0, 17.0, 19.0, 9.0, 11.0, 17.0, 13.0, 8.0, 12.0, 1.0, 3.0, 7.0, 16.0, 58.0, 37.0, 57.0, 14.0, 51.0, 22.0, 65.0, 9.0, 18.0, 14.0, 32.0, 11.0, 87.0, 3.0, 1.0, 11.0, 74.0, 57.0, 18.0, 42.0, 32.0, 11.0, 31.0, 3.0, 23.0, 35.0, 2.0, 11.0, 17.0, 60.0, 53.0, 25.0, 10.0, 6.0, 13.0, 22.0, 27.0, 18.0, 46.0, 58.0, 13.0, 9.0, 35.0, 15.0, 4.0, 9.0, 2.0, 37.0, 26.0, 15.0, 48.0, 13.0, 18.0, 12.0, 27.0, 1.0, 19.0, 34.0, 14.0, 12.0, 2.0, 5.0, 12.0, 34.0, 14.0, 8.0, 24.0, 5.0, 11.0, 78.0, 39.0, 7.0, 7.0, 32.0, 23.0, 62.0, 4.0, 9.0, 55.0, 1.0, 8.0, 8.0, 1.0, 46.0, 48.0, 24.0, 13.0, 32.0, 26.0, 11.0, 24.0, 12.0, 11.0, 86.0, 21.0, 58.0, 24.0, 34.0, 2.0, 68.0, 9.0, 15.0, 95.0, 38.0, 27.0, 17.0, 67.0, 24.0, 14.0, 24.0, 53.0, 24.0, 13.0, 7.0, 33.0, 11.0, 23.0, 21.0, 28.0, 7.0, 20.0, 26.0, 10.0, 50.0, 13.0, 46.0, 23.0, 16.0, 1.0, 6.0, 85.0, 27.0, 19.0, 2.0, 32.0, 20.0, 6.0, 5.0, 22.0, 23.0, 26.0, 2.0, 2.0, 12.0, 109.0, 23.0, 43.0, 18.0, 60.0, 43.0, 42.0, 10.0, 9.0, 5.0, 56.0, 47.0, 47.0, 61.0, 4.0, 28.0, 8.0, 5.0, 13.0, 22.0, 14.0, 13.0, 25.0, 15.0, 28.0, 8.0, 40.0, 53.0, 7.0, 18.0, 19.0, 40.0, 5.0, 1.0, 26.0, 1.0, 3.0, 45.0, 24.0, 32.0, 26.0, 60.0, 23.0, 11.0, 50.0, 43.0, 11.0, 25.0, 10.0, 8.0, 34.0, 27.0, 18.0, 5.0, 21.0, 2.0, 2.0, 8.0, 13.0, 4.0, 41.0, 23.0, 9.0, 28.0, 42.0, 34.0, 65.0, 58.0, 38.0, 32.0, 18.0, 10.0, 27.0, 5.0, 13.0, 11.0, 14.0, 28.0, 20.0, 30.0, 76.0, 27.0, 70.0, 22.0, 8.0, 41.0, 4.0, 22.0, 15.0, 13.0, 82.0, 44.0, 10.0, 30.0, 4.0, 20.0, 67.0, 13.0, 1.0, 37.0, 23.0, 1.0, 21.0, 6.0, 40.0, 38.0, 1.0, 9.0, 21.0, 2.0, 7.0, 69.0, 24.0, 20.0, 87.0, 13.0, 9.0, 49.0, 9.0, 9.0, 6.0, 16.0, 35.0, 31.0, 37.0, 18.0, 23.0, 16.0, 38.0, 33.0, 74.0, 68.0, 1.0, 12.0, 2.0, 29.0, 4.0, 23.0, 75.0, 54.0, 44.0, 15.0, 18.0, 28.0, 3.0, 23.0, 7.0, 1.0, 39.0, 14.0, 11.0, 103.0, 20.0, 61.0, 38.0, 5.0, 25.0, 8.0, 24.0, 17.0, 12.0, 24.0, 15.0, 21.0, 19.0, 6.0, 15.0, 13.0, 27.0, 35.0, 4.0, 1.0, 37.0, 11.0, 15.0, 11.0, 12.0, 56.0, 10.0, 14.0, 1.0, 9.0, 9.0, 13.0, 10.0, 25.0, 16.0, 18.0, 16.0, 25.0, 18.0, 38.0, 22.0, 43.0, 20.0, 1.0, 13.0, 23.0, 5.0, 29.0, 2.0, 1.0, 12.0, 13.0, 82.0, 21.0, 8.0, 36.0, 79.0, 24.0, 11.0, 33.0, 14.0, 74.0, 40.0, 37.0, 18.0, 45.0, 2.0, 10.0, 19.0, 24.0, 17.0, 26.0, 20.0, 19.0, 7.0, 1.0, 59.0, 5.0, 5.0, 23.0, 46.0, 1.0, 39.0, 50.0, 37.0, 29.0, 49.0, 55.0, 38.0, 29.0, 10.0, 29.0, 50.0, 18.0, 1.0, 1.0, 25.0, 7.0, 39.0, 39.0, 8.0, 21.0, 2.0, 8.0, 37.0, 16.0, 4.0, 35.0, 6.0, 26.0, 11.0, 3.0, 7.0, 26.0, 21.0, 17.0, 35.0, 16.0, 20.0, 8.0, 4.0, 11.0, 1.0, 24.0, 32.0, 19.0, 36.0, 1.0, 6.0, 14.0, 7.0, 9.0, 11.0, 7.0, 21.0, 17.0, 5.0, 28.0, 62.0, 40.0, 2.0, 5.0, 19.0, 8.0, 4.0, 49.0, 35.0, 1.0, 1.0, 5.0, 67.0, 6.0, 9.0, 22.0, 15.0, 14.0, 61.0, 43.0, 55.0, 5.0, 52.0, 42.0, 63.0, 33.0, 3.0, 49.0, 13.0, 74.0, 1.0, 21.0, 8.0, 15.0, 3.0, 53.0, 11.0, 45.0, 57.0, 78.0, 6.0, 12.0, 37.0, 26.0, 26.0, 38.0, 13.0, 26.0, 34.0, 29.0, 44.0, 24.0, 14.0, 12.0, 45.0, 5.0, 5.0, 9.0, 28.0, 23.0, 23.0, 28.0, 32.0, 13.0, 32.0, 25.0, 12.0, 10.0, 17.0, 4.0, 5.0, 20.0, 55.0, 3.0, 3.0, 34.0, 43.0, 71.0, 25.0, 8.0, 27.0, 44.0, 9.0, 12.0, 33.0, 19.0, 15.0, 25.0, 24.0, 20.0, 19.0, 4.0, 42.0, 49.0, 19.0, 21.0, 8.0, 4.0, 13.0, 28.0, 35.0, 51.0, 26.0, 35.0, 24.0, 44.0, 32.0, 35.0, 12.0, 33.0, 32.0, 34.0, 1.0, 61.0, 23.0, 22.0, 62.0, 18.0, 22.0, 103.0, 22.0, 2.0, 49.0, 14.0, 20.0, 9.0, 33.0, 11.0, 64.0, 2.0, 11.0, 18.0, 10.0, 19.0, 23.0, 27.0, 10.0, 12.0, 3.0, 19.0, 10.0, 32.0, 8.0, 21.0, 3.0, 32.0, 8.0, 27.0, 19.0, 7.0, 30.0, 50.0, 8.0, 15.0, 13.0, 65.0, 5.0, 73.0, 3.0, 7.0, 6.0, 37.0, 45.0, 20.0, 42.0, 27.0, 33.0, 15.0, 9.0, 19.0, 22.0, 55.0, 16.0, 9.0, 2.0, 51.0, 1.0, 80.0, 10.0, 56.0, 17.0, 8.0, 10.0, 61.0, 1.0, 21.0, 8.0, 10.0, 52.0, 24.0, 19.0, 48.0, 59.0, 34.0, 35.0, 21.0, 21.0, 7.0, 30.0, 17.0, 27.0, 9.0, 6.0, 25.0, 1.0, 22.0, 7.0, 9.0, 7.0, 10.0, 58.0, 56.0, 40.0, 66.0, 39.0, 17.0, 51.0, 19.0, 82.0, 29.0, 21.0, 21.0, 1.0, 33.0, 5.0, 2.0, 1.0, 5.0, 7.0, 2.0, 33.0, 31.0, 17.0, 1.0, 7.0, 9.0, 135.0, 10.0, 1.0, 27.0, 58.0, 3.0, 65.0, 8.0, 1.0, 7.0, 11.0, 39.0, 12.0, 33.0, 42.0, 18.0, 57.0, 11.0, 8.0, 4.0, 26.0, 15.0, 33.0, 41.0, 16.0, 39.0, 50.0, 4.0, 11.0, 7.0, 19.0, 38.0, 10.0, 24.0, 9.0, 5.0, 19.0, 27.0, 56.0, 5.0, 38.0, 3.0, 15.0, 9.0, 131.0, 35.0, 9.0, 27.0, 14.0, 80.0, 64.0, 11.0, 3.0, 19.0, 14.0, 11.0, 4.0, 77.0, 51.0, 56.0, 41.0, 1.0, 6.0, 13.0, 2.0, 23.0, 67.0, 59.0, 27.0, 6.0, 1.0, 32.0, 18.0, 56.0, 32.0, 9.0, 54.0, 9.0, 5.0, 20.0, 23.0, 11.0, 14.0, 11.0, 18.0, 37.0, 27.0, 14.0, 5.0, 6.0, 27.0, 18.0, 41.0, 44.0, 11.0, 55.0, 39.0, 55.0, 15.0, 19.0, 13.0, 39.0, 80.0, 19.0, 7.0, 19.0, 99.0, 11.0, 14.0, 15.0, 24.0, 30.0, 59.0, 39.0, 25.0, 3.0, 9.0, 34.0, 53.0, 10.0, 8.0, 3.0, 9.0, 9.0, 6.0, 6.0, 41.0, 11.0, 38.0, 66.0, 18.0, 47.0, 66.0, 13.0, 18.0, 21.0, 27.0, 6.0, 11.0, 15.0, 23.0, 54.0, 15.0, 11.0, 47.0, 50.0, 15.0, 5.0, 12.0, 21.0, 4.0, 11.0, 37.0, 71.0, 4.0, 36.0, 14.0, 16.0, 3.0, 11.0, 26.0, 56.0, 32.0, 73.0, 16.0, 23.0, 37.0, 5.0, 10.0, 6.0, 31.0, 26.0, 12.0, 21.0, 5.0, 24.0, 14.0, 51.0, 23.0, 44.0, 74.0, 20.0, 26.0, 10.0, 2.0, 7.0, 28.0, 23.0, 6.0, 13.0, 23.0, 59.0, 4.0, 29.0, 1.0, 22.0, 1.0, 33.0, 32.0, 76.0, 4.0, 21.0, 4.0, 20.0, 4.0, 1.0, 76.0, 19.0, 16.0, 9.0, 34.0, 56.0, 32.0, 14.0, 23.0, 27.0, 31.0, 42.0, 49.0, 19.0, 60.0, 55.0, 60.0, 50.0, 2.0, 9.0, 16.0, 33.0, 44.0, 2.0, 33.0, 7.0, 7.0, 29.0, 61.0, 11.0, 6.0, 38.0, 8.0, 8.0, 17.0, 69.0, 25.0, 28.0, 12.0, 15.0, 42.0, 2.0, 15.0, 36.0, 36.0, 30.0, 10.0, 39.0, 10.0, 1.0, 3.0, 24.0, 58.0, 77.0, 34.0, 31.0, 49.0, 2.0, 26.0, 66.0, 72.0, 40.0, 56.0, 13.0, 50.0, 2.0, 132.0, 1.0, 13.0, 30.0, 50.0, 12.0, 24.0, 61.0, 6.0, 23.0, 29.0, 1.0, 21.0, 15.0, 32.0, 60.0, 37.0, 17.0, 12.0, 41.0, 30.0, 65.0, 15.0, 23.0, 23.0, 8.0, 11.0, 5.0, 7.0, 6.0, 17.0, 7.0, 7.0, 8.0, 47.0, 78.0, 48.0, 10.0, 4.0, 6.0, 1.0, 1.0, 24.0, 41.0, 23.0, 9.0, 11.0, 16.0, 30.0, 9.0, 57.0, 5.0, 69.0, 4.0, 2.0, 16.0, 5.0, 7.0, 16.0, 1.0, 9.0, 15.0, 35.0, 24.0, 18.0, 9.0, 58.0, 53.0, 3.0, 2.0, 1.0, 23.0, 43.0, 23.0, 7.0, 56.0, 52.0, 30.0, 7.0, 4.0, 17.0, 17.0, 23.0, 4.0, 29.0, 90.0, 11.0, 5.0, 25.0, 70.0, 1.0, 26.0, 22.0, 10.0, 99.0, 48.0, 30.0, 35.0, 3.0, 20.0, 10.0, 40.0, 12.0, 19.0, 19.0, 24.0, 19.0, 65.0, 72.0, 34.0, 46.0, 2.0, 1.0, 11.0, 11.0, 31.0, 19.0, 11.0, 13.0, 9.0, 29.0, 42.0, 35.0, 9.0, 33.0, 28.0, 28.0, 1.0, 2.0, 8.0, 18.0, 6.0, 16.0, 55.0, 19.0, 8.0, 20.0, 8.0, 9.0, 4.0, 25.0, 23.0, 15.0, 20.0, 3.0, 11.0, 24.0, 5.0, 49.0, 1.0, 56.0, 60.0, 38.0, 19.0, 25.0, 5.0, 24.0, 5.0, 6.0, 26.0, 73.0, 77.0, 62.0, 7.0, 8.0, 18.0, 42.0, 15.0, 11.0, 21.0, 22.0, 17.0, 21.0, 5.0, 5.0, 2.0, 17.0, 11.0, 73.0, 34.0, 8.0, 21.0, 24.0, 4.0, 11.0, 85.0, 93.0, 4.0, 32.0, 27.0, 4.0, 10.0, 15.0, 11.0] 

total times
 [22.0, 63.0, 31.0, 61.0, 18.0, 9.0, 4.0, 20.0, 69.0, 66.0, 40.0, 28.0, 14.0, 10.0, 18.0, 9.0, 32.0, 12.0, 59.0, 58.0, 38.0, 8.0, 1.0, 37.0, 22.0, 7.0, 21.0, 23.0, 32.0, 59.0, 10.0, 14.0, 47.0, 15.0, 71.0, 78.0, 9.0, 5.0, 42.0, 32.0, 11.0, 2.0, 11.0, 19.0, 8.0, 3.0, 11.0, 5.0, 9.0, 3.0, 39.0, 78.0, 3.0, 10.0, 98.0, 5.0, 38.0, 31.0, 64.0, 12.0, 59.0, 20.0, 5.0, 33.0, 26.0, 43.0, 59.0, 97.0, 42.0, 15.0, 5.0, 49.0, 16.0, 9.0, 7.0, 4.0, 30.0, 14.0, 49.0, 48.0, 5.0, 40.0, 19.0, 1.0, 13.0, 29.0, 16.0, 23.0, 26.0, 21.0, 13.0, 104.0, 51.0, 21.0, 12.0, 2.0, 69.0, 9.0, 8.0, 41.0, 13.0, 1.0, 21.0, 61.0, 13.0, 4.0, 42.0, 30.0, 9.0, 18.0, 24.0, 19.0, 19.0, 20.0, 20.0, 8.0, 6.0, 32.0, 10.0, 43.0, 4.0, 20.0, 19.0, 27.0, 10.0, 32.0, 8.0, 12.0, 6.0, 29.0, 29.0, 4.0, 48.0, 37.0, 10.0, 6.0, 102.0, 65.0, 20.0, 19.0, 1.0, 2.0, 16.0, 25.0, 69.0, 14.0, 24.0, 29.0, 8.0, 83.0, 14.0, 7.0, 1.0, 52.0, 60.0, 35.0, 14.0, 6.0, 15.0, 5.0, 42.0, 22.0, 26.0, 14.0, 6.0, 8.0, 62.0, 26.0, 1.0, 24.0, 34.0, 33.0, 6.0, 7.0, 1.0, 65.0, 35.0, 70.0, 49.0, 7.0, 17.0, 17.0, 56.0, 2.0, 6.0, 44.0, 25.0, 9.0, 4.0, 89.0, 71.0, 14.0, 14.0, 28.0, 4.0, 16.0, 32.0, 59.0, 27.0, 144.0, 1.0, 6.0, 51.0, 10.0, 8.0, 8.0, 3.0, 3.0, 3.0, 22.0, 38.0, 1.0, 22.0, 7.0, 14.0, 14.0, 49.0, 45.0, 19.0, 30.0, 45.0, 2.0, 19.0, 4.0, 37.0, 51.0, 29.0, 32.0, 17.0, 22.0, 3.0, 21.0, 25.0, 20.0, 14.0, 16.0, 13.0, 16.0, 80.0, 9.0, 49.0, 7.0, 14.0, 35.0, 9.0, 55.0, 11.0, 16.0, 42.0, 11.0, 75.0, 104.0, 21.0, 36.0, 138.0, 81.0, 22.0, 37.0, 5.0, 28.0, 5.0, 31.0, 2.0, 29.0, 34.0, 1.0, 36.0, 14.0, 15.0, 16.0, 8.0, 55.0, 32.0, 25.0, 33.0, 23.0, 35.0, 75.0, 22.0, 18.0, 25.0, 3.0, 42.0, 74.0, 14.0, 80.0, 48.0, 23.0, 10.0, 55.0, 8.0, 88.0, 15.0, 35.0, 44.0, 15.0, 4.0, 6.0, 15.0, 14.0, 74.0, 6.0, 21.0, 34.0, 35.0, 42.0, 4.0, 12.0, 31.0, 21.0, 47.0, 113.0, 64.0, 78.0, 17.0, 10.0, 38.0, 78.0, 50.0, 14.0, 21.0, 53.0, 18.0, 30.0, 31.0, 40.0, 2.0, 21.0, 29.0, 17.0, 57.0, 32.0, 15.0, 5.0, 19.0, 25.0, 9.0, 18.0, 8.0, 54.0, 48.0, 22.0, 40.0, 10.0, 6.0, 10.0, 28.0, 17.0, 1.0, 4.0, 50.0, 29.0, 3.0, 36.0, 6.0, 20.0, 30.0, 21.0, 37.0, 11.0, 2.0, 20.0, 5.0, 71.0, 71.0, 29.0, 18.0, 60.0, 18.0, 21.0, 1.0, 18.0, 18.0, 23.0, 38.0, 19.0, 21.0, 35.0, 16.0, 9.0, 11.0, 97.0, 35.0, 71.0, 9.0, 4.0, 16.0, 53.0, 8.0, 3.0, 25.0, 25.0, 7.0, 10.0, 14.0, 57.0, 14.0, 9.0, 10.0, 42.0, 35.0, 19.0, 55.0, 12.0, 23.0, 56.0, 36.0, 35.0, 2.0, 35.0, 9.0, 10.0, 40.0, 39.0, 5.0, 24.0, 9.0, 20.0, 35.0, 42.0, 49.0, 67.0, 43.0, 115.0, 20.0, 30.0, 23.0, 16.0, 15.0, 9.0, 34.0, 26.0, 12.0, 6.0, 48.0, 51.0, 30.0, 25.0, 34.0, 8.0, 22.0, 30.0, 30.0, 78.0, 55.0, 55.0, 26.0, 14.0, 7.0, 25.0, 67.0, 18.0, 53.0, 71.0, 5.0, 52.0, 5.0, 49.0, 23.0, 128.0, 12.0, 17.0, 46.0, 111.0, 24.0, 49.0, 6.0, 33.0, 15.0, 41.0, 7.0, 30.0, 36.0, 42.0, 18.0, 9.0, 13.0, 7.0, 29.0, 60.0, 11.0, 13.0, 69.0, 28.0, 24.0, 69.0, 3.0, 21.0, 35.0, 37.0, 37.0, 17.0, 6.0, 35.0, 41.0, 24.0, 8.0, 54.0, 18.0, 1.0, 53.0, 25.0, 14.0, 2.0, 16.0, 22.0, 9.0, 36.0, 6.0, 8.0, 4.0, 6.0, 47.0, 32.0, 12.0, 10.0, 9.0, 9.0, 49.0, 16.0, 39.0, 74.0, 19.0, 45.0, 35.0, 8.0, 39.0, 64.0, 53.0, 23.0, 14.0, 30.0, 22.0, 50.0, 24.0, 33.0, 5.0, 62.0, 108.0, 24.0, 22.0, 18.0, 55.0, 9.0, 25.0, 4.0, 19.0, 16.0, 39.0, 13.0, 9.0, 2.0, 16.0, 15.0, 9.0, 8.0, 9.0, 50.0, 55.0, 15.0, 21.0, 54.0, 8.0, 66.0, 34.0, 28.0, 30.0, 6.0, 23.0, 2.0, 3.0, 30.0, 5.0, 15.0, 3.0, 13.0, 20.0, 4.0, 73.0, 41.0, 34.0, 5.0, 9.0, 80.0, 22.0, 3.0, 34.0, 33.0, 40.0, 45.0, 1.0, 22.0, 14.0, 63.0, 13.0, 12.0, 24.0, 15.0, 4.0, 65.0, 90.0, 58.0, 99.0, 5.0, 17.0, 5.0, 130.0, 57.0, 62.0, 18.0, 8.0, 38.0, 12.0, 32.0, 3.0, 19.0, 9.0, 7.0, 7.0, 46.0, 2.0, 7.0, 22.0, 26.0, 16.0, 23.0, 100.0, 34.0, 43.0, 14.0, 54.0, 74.0, 100.0, 7.0, 24.0, 25.0, 26.0, 48.0, 50.0, 65.0, 13.0, 42.0, 2.0, 9.0, 9.0, 36.0, 7.0, 3.0, 10.0, 42.0, 5.0, 10.0, 10.0, 43.0, 8.0, 5.0, 11.0, 5.0, 40.0, 77.0, 3.0, 8.0, 5.0, 58.0, 21.0, 39.0, 23.0, 3.0, 30.0, 17.0, 7.0, 21.0, 12.0, 18.0, 18.0, 20.0, 46.0, 84.0, 57.0, 43.0, 84.0, 7.0, 62.0, 20.0, 19.0, 45.0, 65.0, 24.0, 11.0, 36.0, 10.0, 11.0, 11.0, 17.0, 36.0, 14.0, 13.0, 14.0, 13.0, 8.0, 36.0, 19.0, 40.0, 5.0, 1.0, 5.0, 8.0, 20.0, 22.0, 22.0, 44.0, 34.0, 9.0, 18.0, 10.0, 15.0, 11.0, 6.0, 10.0, 20.0, 34.0, 29.0, 13.0, 59.0, 34.0, 7.0, 9.0, 21.0, 1.0, 26.0, 79.0, 26.0, 1.0, 41.0, 15.0, 81.0, 11.0, 9.0, 9.0, 66.0, 13.0, 4.0, 15.0, 11.0, 35.0, 9.0, 63.0, 41.0, 114.0, 19.0, 34.0, 7.0, 31.0, 32.0, 15.0, 8.0, 2.0, 17.0, 25.0, 29.0, 54.0, 43.0, 19.0, 6.0, 2.0, 11.0, 26.0, 25.0, 8.0, 12.0, 29.0, 11.0, 2.0, 19.0, 10.0, 11.0, 60.0, 7.0, 53.0, 47.0, 10.0, 44.0, 21.0, 29.0, 8.0, 37.0, 9.0, 10.0, 27.0, 91.0, 17.0, 126.0, 19.0, 9.0, 20.0, 43.0, 34.0, 25.0, 35.0, 19.0, 6.0, 21.0, 4.0, 52.0, 6.0, 40.0, 42.0, 9.0, 45.0, 63.0, 49.0, 31.0, 40.0, 20.0, 6.0, 12.0, 75.0, 32.0, 11.0, 41.0, 12.0, 43.0, 29.0, 2.0, 8.0, 61.0, 22.0, 41.0, 20.0, 6.0, 87.0, 4.0, 7.0, 33.0, 2.0, 1.0, 38.0, 13.0, 36.0, 142.0, 59.0, 57.0, 15.0, 36.0, 2.0, 4.0, 1.0, 123.0, 12.0, 9.0, 41.0, 78.0, 10.0, 9.0, 3.0, 14.0, 48.0, 4.0, 46.0, 20.0, 7.0, 34.0, 26.0, 39.0, 65.0, 2.0, 23.0, 71.0, 25.0, 50.0, 42.0, 19.0, 31.0, 30.0, 47.0, 20.0, 15.0, 8.0, 53.0, 9.0, 69.0, 26.0, 5.0, 4.0, 10.0, 14.0, 19.0, 2.0, 7.0, 9.0, 54.0, 64.0, 76.0, 13.0, 2.0, 14.0, 15.0, 37.0, 26.0, 33.0, 11.0, 35.0, 32.0, 20.0, 30.0, 17.0, 16.0, 15.0, 2.0, 12.0, 27.0, 3.0, 8.0, 7.0, 28.0, 10.0, 30.0, 24.0, 5.0, 19.0, 5.0, 27.0, 29.0, 7.0, 11.0, 80.0, 28.0, 10.0, 38.0, 10.0, 40.0, 5.0, 13.0, 41.0, 26.0, 23.0, 18.0, 15.0, 1.0, 47.0, 22.0, 51.0, 39.0, 11.0, 19.0, 30.0, 16.0, 3.0, 17.0, 57.0, 56.0, 39.0, 36.0, 13.0, 4.0, 46.0, 9.0, 75.0, 42.0, 61.0, 21.0, 58.0, 31.0, 37.0, 38.0, 10.0, 3.0, 40.0, 11.0, 50.0, 23.0, 3.0, 26.0, 38.0, 2.0, 36.0, 1.0, 67.0, 10.0, 3.0, 65.0, 36.0, 32.0, 3.0, 38.0, 36.0, 8.0, 24.0, 26.0, 41.0, 64.0, 2.0, 2.0, 13.0, 32.0, 8.0, 67.0, 17.0, 9.0, 52.0, 32.0, 27.0, 2.0, 27.0, 19.0, 27.0, 11.0, 4.0, 13.0, 8.0, 11.0, 3.0, 76.0, 34.0, 76.0, 10.0, 12.0, 17.0, 57.0, 115.0, 33.0, 17.0, 1.0, 11.0, 22.0, 15.0, 34.0, 29.0, 1.0, 47.0, 49.0, 16.0, 17.0, 53.0, 47.0, 85.0, 5.0, 45.0, 47.0, 16.0, 31.0, 14.0, 12.0, 23.0, 36.0, 6.0, 8.0, 1.0, 70.0, 4.0, 12.0, 27.0, 16.0, 14.0, 10.0, 4.0, 68.0, 71.0, 81.0, 5.0, 10.0, 1.0, 68.0, 58.0, 11.0, 4.0, 21.0, 5.0, 42.0, 50.0, 80.0, 9.0, 11.0, 1.0, 24.0, 14.0, 22.0, 29.0, 67.0, 6.0, 33.0, 5.0, 66.0, 12.0, 30.0, 10.0, 25.0, 34.0, 42.0, 24.0, 2.0, 8.0, 11.0, 4.0, 43.0, 9.0, 4.0, 46.0, 11.0, 9.0, 29.0, 10.0, 8.0, 29.0, 12.0, 31.0, 9.0, 47.0, 28.0, 10.0, 21.0, 33.0, 113.0, 35.0, 20.0, 41.0, 39.0, 41.0, 16.0, 22.0, 14.0, 57.0, 30.0, 11.0, 21.0, 35.0, 4.0, 25.0, 8.0, 29.0, 9.0, 5.0, 11.0, 7.0, 16.0, 17.0, 11.0, 96.0, 70.0, 34.0, 5.0, 22.0, 5.0, 29.0, 18.0, 25.0, 65.0, 31.0, 29.0, 3.0, 5.0, 1.0, 4.0, 13.0, 14.0, 16.0, 31.0, 13.0, 34.0, 8.0, 18.0, 40.0, 30.0, 27.0, 39.0, 22.0, 6.0, 9.0, 23.0, 3.0, 21.0, 11.0, 35.0, 42.0, 9.0, 51.0, 11.0, 32.0, 33.0, 29.0, 1.0, 3.0, 9.0, 20.0, 18.0, 3.0, 12.0, 61.0, 8.0, 5.0, 65.0, 35.0, 8.0, 29.0, 33.0, 23.0, 41.0, 8.0, 22.0, 23.0, 24.0, 59.0, 54.0, 11.0, 44.0, 18.0, 9.0, 60.0, 79.0, 55.0, 3.0, 63.0, 29.0, 12.0, 37.0, 12.0, 43.0, 39.0, 6.0, 67.0, 10.0, 4.0, 57.0, 53.0, 22.0, 7.0, 39.0, 16.0, 1.0, 48.0, 9.0, 78.0, 26.0, 12.0, 22.0, 8.0, 27.0, 21.0, 7.0, 56.0, 4.0, 59.0, 1.0, 16.0, 32.0, 8.0, 1.0, 88.0, 6.0, 9.0, 10.0, 15.0, 12.0, 6.0, 17.0, 33.0, 5.0, 26.0, 26.0, 14.0, 7.0, 9.0, 24.0, 62.0, 8.0, 30.0, 17.0, 61.0, 41.0, 26.0, 16.0, 6.0, 48.0, 80.0, 10.0, 58.0, 8.0, 37.0, 8.0, 11.0, 10.0, 19.0, 60.0, 10.0, 93.0, 65.0, 7.0, 9.0, 21.0, 8.0, 1.0, 26.0, 21.0, 34.0, 2.0, 23.0, 14.0, 41.0, 16.0, 13.0, 108.0, 114.0, 14.0, 31.0, 9.0, 60.0, 44.0, 1.0, 39.0, 3.0, 73.0, 13.0, 13.0, 18.0, 3.0, 6.0, 14.0, 45.0, 9.0, 41.0, 18.0, 41.0, 40.0, 44.0, 31.0, 10.0, 16.0, 37.0, 4.0, 7.0, 1.0, 1.0, 14.0, 19.0, 57.0, 14.0, 48.0, 4.0, 23.0, 3.0, 9.0, 53.0, 5.0, 18.0, 15.0, 89.0, 30.0, 107.0, 8.0, 20.0, 12.0, 15.0, 52.0, 25.0, 17.0, 24.0, 67.0, 16.0, 20.0, 36.0, 20.0, 29.0, 37.0, 31.0, 24.0, 21.0, 12.0, 39.0, 29.0, 17.0, 34.0, 7.0, 28.0, 2.0, 12.0, 26.0, 15.0, 20.0, 18.0, 1.0, 4.0, 46.0, 77.0, 5.0, 40.0, 37.0, 8.0, 19.0, 24.0, 74.0, 19.0, 7.0, 124.0, 11.0, 85.0, 15.0, 177.0, 1.0, 41.0, 9.0, 26.0, 12.0, 9.0, 2.0, 15.0, 25.0, 67.0, 64.0, 2.0, 23.0, 9.0, 76.0, 8.0, 8.0, 29.0, 30.0, 5.0, 51.0, 58.0, 42.0, 3.0, 46.0, 123.0, 10.0, 57.0, 15.0, 7.0, 29.0, 48.0, 9.0, 14.0, 5.0, 31.0, 18.0, 5.0, 11.0, 57.0, 31.0, 3.0, 11.0, 37.0, 69.0, 38.0, 5.0, 24.0, 9.0, 20.0, 19.0, 47.0, 32.0, 27.0, 15.0, 23.0, 19.0, 8.0, 9.0, 8.0, 4.0, 61.0, 17.0, 1.0, 11.0, 1.0, 50.0, 47.0, 6.0, 99.0, 38.0, 57.0, 52.0, 54.0, 3.0, 9.0, 34.0, 35.0, 43.0, 31.0, 29.0, 50.0, 2.0, 35.0, 38.0, 56.0, 7.0, 43.0, 64.0, 62.0, 8.0, 75.0, 34.0, 7.0, 6.0, 4.0, 27.0, 4.0, 2.0, 9.0, 48.0, 30.0, 21.0, 21.0, 22.0, 24.0, 1.0, 51.0, 10.0, 18.0, 5.0, 32.0, 34.0, 2.0, 72.0, 13.0, 8.0, 24.0, 12.0, 33.0, 76.0, 53.0, 34.0, 41.0, 11.0, 47.0, 15.0, 35.0, 60.0, 54.0, 2.0, 56.0, 10.0, 38.0, 9.0, 12.0, 9.0, 5.0, 21.0, 11.0, 1.0, 8.0, 97.0, 36.0, 36.0, 24.0, 31.0, 36.0, 1.0, 59.0, 22.0, 5.0, 45.0, 19.0, 45.0, 105.0, 24.0, 39.0, 54.0, 6.0, 21.0, 13.0, 9.0, 9.0, 8.0, 23.0, 9.0, 31.0, 18.0, 11.0, 8.0, 4.0, 23.0, 30.0, 65.0, 23.0, 40.0, 65.0, 2.0, 37.0, 38.0, 36.0, 39.0, 14.0, 89.0, 4.0, 3.0, 5.0, 9.0, 25.0, 65.0, 14.0, 16.0, 59.0, 14.0, 68.0, 45.0, 89.0, 21.0, 74.0, 6.0, 16.0, 11.0, 38.0, 84.0, 124.0, 32.0, 27.0, 5.0, 3.0, 121.0, 18.0, 10.0, 1.0, 11.0, 4.0, 13.0, 28.0, 21.0, 7.0, 32.0, 32.0, 11.0, 7.0, 42.0, 5.0, 39.0, 31.0, 26.0, 1.0, 9.0, 35.0, 32.0, 9.0, 46.0, 20.0, 2.0, 15.0, 112.0, 28.0, 26.0, 37.0, 60.0, 64.0, 15.0, 7.0, 11.0, 62.0, 2.0, 12.0, 26.0, 9.0, 34.0, 9.0, 12.0, 16.0, 55.0, 28.0, 16.0, 30.0, 33.0, 52.0, 7.0, 14.0, 24.0, 8.0, 47.0, 4.0, 49.0, 77.0, 8.0, 7.0, 13.0, 1.0, 35.0, 35.0, 14.0, 9.0, 6.0, 42.0, 6.0, 27.0, 2.0, 23.0, 23.0, 10.0, 10.0, 75.0, 59.0, 18.0, 17.0, 19.0, 22.0, 45.0, 28.0, 65.0, 56.0, 13.0, 24.0, 28.0, 27.0, 12.0, 22.0, 2.0, 31.0, 26.0, 25.0, 21.0, 49.0, 73.0, 9.0, 71.0, 6.0, 38.0, 27.0, 15.0, 6.0, 5.0, 72.0, 4.0, 4.0, 14.0, 12.0, 39.0, 15.0, 5.0, 9.0, 8.0, 32.0, 2.0, 42.0, 13.0, 20.0, 73.0, 151.0, 78.0, 48.0, 18.0, 9.0, 59.0, 14.0, 6.0, 32.0, 25.0, 31.0, 33.0, 9.0, 58.0, 66.0, 7.0, 26.0, 4.0, 19.0, 17.0, 63.0, 47.0, 15.0, 8.0, 13.0, 5.0, 19.0, 15.0, 4.0, 60.0, 19.0, 37.0, 3.0, 2.0, 25.0, 9.0, 25.0, 5.0, 50.0, 67.0, 24.0, 79.0, 3.0, 27.0, 32.0, 53.0, 10.0, 43.0, 28.0, 47.0, 28.0, 33.0, 16.0, 11.0, 87.0, 2.0, 21.0, 4.0, 67.0, 28.0, 36.0, 4.0, 13.0, 56.0, 8.0, 21.0, 3.0, 30.0, 2.0, 61.0, 19.0, 8.0, 10.0, 4.0, 75.0, 9.0, 1.0, 46.0, 18.0, 95.0, 18.0, 52.0, 27.0, 17.0, 85.0, 28.0, 56.0, 26.0, 53.0, 22.0, 71.0, 12.0, 21.0, 62.0, 3.0, 1.0, 12.0, 53.0, 12.0, 44.0, 27.0, 39.0, 1.0, 5.0, 27.0, 1.0, 31.0, 61.0, 21.0, 5.0, 15.0, 8.0, 23.0, 23.0, 8.0, 30.0, 9.0, 10.0, 8.0, 6.0, 9.0, 27.0, 11.0, 127.0, 18.0, 33.0, 30.0, 10.0, 46.0, 18.0, 58.0, 9.0, 8.0, 12.0, 33.0, 1.0, 47.0, 23.0, 15.0, 7.0, 38.0, 33.0, 11.0, 25.0, 63.0, 11.0, 2.0, 3.0, 43.0, 26.0, 8.0, 18.0, 3.0, 93.0, 37.0, 19.0, 5.0, 11.0, 13.0, 6.0, 34.0, 25.0, 10.0, 24.0, 9.0, 27.0, 66.0, 28.0, 20.0, 63.0, 22.0, 44.0, 12.0, 8.0, 46.0, 6.0, 8.0, 7.0, 68.0, 6.0, 14.0, 26.0, 54.0, 16.0, 5.0, 47.0, 25.0, 33.0, 12.0, 35.0, 28.0, 116.0, 57.0, 91.0, 23.0, 3.0, 49.0, 1.0, 3.0, 22.0, 60.0, 86.0, 5.0, 23.0, 20.0, 33.0, 9.0, 17.0, 10.0, 20.0, 6.0, 46.0, 5.0, 11.0, 4.0, 5.0, 13.0, 60.0, 33.0, 24.0, 31.0, 2.0, 4.0, 31.0, 26.0, 21.0, 22.0, 44.0, 6.0, 5.0, 21.0, 4.0, 62.0, 9.0, 7.0, 2.0, 30.0, 9.0, 6.0, 23.0, 3.0, 41.0, 86.0, 20.0, 57.0, 65.0, 16.0, 29.0, 36.0, 14.0, 22.0, 5.0, 19.0, 2.0, 4.0, 11.0, 13.0, 10.0, 21.0, 72.0, 15.0, 13.0, 35.0, 43.0, 19.0, 33.0, 15.0, 42.0, 41.0, 2.0, 4.0, 15.0, 32.0, 23.0, 11.0, 46.0, 60.0, 19.0, 4.0, 13.0, 43.0, 23.0, 4.0, 18.0, 47.0, 18.0, 40.0, 25.0, 2.0, 7.0, 44.0, 18.0, 47.0, 54.0, 4.0, 2.0, 62.0, 39.0, 3.0, 76.0, 6.0, 6.0, 23.0, 26.0, 33.0, 9.0, 52.0, 67.0, 40.0, 60.0, 2.0, 29.0, 64.0, 14.0, 33.0, 14.0, 59.0, 6.0, 87.0, 11.0, 9.0, 33.0, 14.0, 61.0, 30.0, 18.0, 43.0, 11.0, 3.0, 6.0, 4.0, 10.0, 8.0, 4.0, 27.0, 18.0, 14.0, 59.0, 15.0, 10.0, 24.0, 14.0, 1.0, 18.0, 7.0, 30.0, 20.0, 73.0, 54.0, 28.0, 44.0, 26.0, 8.0, 20.0, 29.0, 14.0, 27.0, 19.0, 56.0, 39.0, 17.0, 71.0, 26.0, 16.0, 29.0, 3.0, 4.0, 20.0, 54.0, 24.0, 9.0, 11.0, 10.0, 2.0, 12.0, 33.0, 31.0, 11.0, 48.0, 51.0, 39.0, 94.0, 7.0, 29.0, 21.0, 1.0, 61.0, 46.0, 35.0, 2.0, 41.0, 23.0, 11.0, 32.0, 1.0, 20.0, 32.0, 6.0, 36.0, 14.0, 23.0, 11.0, 104.0, 45.0, 4.0, 39.0, 7.0, 34.0, 5.0, 19.0, 34.0, 11.0, 3.0, 31.0, 78.0, 13.0, 60.0, 45.0, 75.0, 29.0, 39.0, 51.0, 12.0, 4.0, 8.0, 55.0, 38.0, 13.0, 7.0, 84.0, 87.0, 28.0, 10.0, 11.0, 20.0, 12.0, 32.0, 14.0, 14.0, 1.0, 5.0, 53.0, 20.0, 22.0, 68.0, 33.0, 34.0, 19.0, 71.0, 24.0, 10.0, 24.0, 9.0, 37.0, 46.0, 4.0, 22.0, 25.0, 1.0, 23.0, 14.0, 4.0, 54.0, 11.0, 63.0, 17.0, 12.0, 11.0, 42.0, 42.0, 15.0, 38.0, 41.0, 38.0, 16.0, 26.0, 12.0, 24.0, 44.0, 52.0, 10.0, 16.0, 119.0, 71.0, 16.0, 9.0, 20.0, 8.0, 10.0, 133.0, 27.0, 17.0, 10.0, 53.0, 13.0, 20.0, 7.0, 9.0, 22.0, 17.0, 1.0, 39.0, 26.0, 33.0, 39.0, 39.0, 35.0, 8.0, 40.0, 90.0, 27.0, 16.0, 18.0, 37.0, 29.0, 74.0, 69.0, 61.0, 74.0, 3.0, 40.0, 70.0, 5.0, 31.0, 68.0, 50.0, 10.0, 9.0, 2.0, 8.0, 11.0, 1.0, 8.0, 4.0, 32.0, 5.0, 59.0, 7.0, 49.0, 75.0, 11.0, 54.0, 48.0, 9.0, 30.0, 57.0, 39.0, 41.0, 37.0, 23.0, 15.0, 9.0, 22.0, 7.0, 5.0, 10.0, 14.0, 35.0, 14.0, 49.0, 41.0, 41.0, 8.0, 47.0, 4.0, 23.0, 33.0, 25.0, 17.0, 8.0, 12.0, 2.0, 19.0, 93.0, 1.0, 33.0, 34.0, 38.0, 6.0, 1.0, 110.0, 6.0, 20.0, 90.0, 2.0, 38.0, 104.0, 11.0, 36.0, 28.0, 1.0, 3.0, 52.0, 17.0, 21.0, 18.0, 9.0, 28.0, 9.0, 4.0, 21.0, 20.0, 10.0, 24.0, 16.0, 28.0, 42.0, 15.0, 20.0, 11.0, 15.0, 22.0, 41.0, 9.0, 10.0, 97.0, 72.0, 22.0, 9.0, 25.0, 17.0, 5.0, 18.0, 27.0, 71.0, 47.0, 8.0, 14.0, 29.0, 11.0, 34.0, 14.0, 2.0, 81.0, 1.0, 58.0, 39.0, 9.0, 15.0, 31.0, 38.0, 15.0, 14.0, 144.0, 3.0, 14.0, 2.0, 2.0, 53.0, 4.0, 21.0, 63.0, 9.0, 18.0, 49.0, 36.0, 13.0, 34.0, 57.0, 21.0, 25.0, 11.0, 62.0, 20.0, 7.0, 18.0, 9.0, 43.0, 43.0, 5.0, 54.0, 12.0, 34.0, 3.0, 3.0, 2.0, 21.0, 11.0, 27.0, 6.0, 58.0, 5.0, 1.0, 21.0, 24.0, 18.0, 13.0, 49.0, 58.0, 24.0, 18.0, 37.0, 32.0, 10.0, 13.0, 52.0, 5.0, 56.0, 5.0, 1.0, 42.0, 37.0, 10.0, 31.0, 12.0, 45.0, 6.0, 3.0, 1.0, 20.0, 20.0, 49.0, 22.0, 13.0, 38.0, 92.0, 28.0, 22.0, 18.0, 10.0, 12.0, 28.0, 39.0, 10.0, 3.0, 4.0, 38.0, 22.0, 34.0, 10.0, 36.0, 84.0, 36.0, 13.0, 2.0, 20.0, 3.0, 43.0, 36.0, 74.0, 14.0, 11.0, 33.0, 35.0, 14.0, 91.0, 74.0, 2.0, 60.0, 38.0, 14.0, 83.0, 22.0, 55.0, 3.0, 15.0, 60.0, 10.0, 9.0, 36.0, 22.0, 24.0, 3.0, 7.0, 3.0, 26.0, 23.0, 3.0, 7.0, 13.0, 15.0, 26.0, 41.0, 61.0, 31.0, 7.0, 4.0, 7.0, 21.0, 1.0, 8.0, 103.0, 13.0, 7.0, 88.0, 83.0, 10.0, 1.0, 47.0, 10.0, 50.0, 18.0, 8.0, 46.0, 37.0, 7.0, 33.0, 78.0, 16.0, 56.0, 30.0, 22.0, 76.0, 13.0, 21.0, 34.0, 27.0, 32.0, 9.0, 88.0, 7.0, 54.0, 6.0, 50.0, 20.0, 13.0, 19.0, 56.0, 31.0, 3.0, 56.0, 11.0, 28.0, 21.0, 29.0, 43.0, 47.0, 10.0, 39.0, 17.0, 12.0, 21.0, 5.0, 41.0, 22.0, 40.0, 25.0, 23.0, 43.0, 30.0, 24.0, 7.0, 38.0, 37.0, 14.0, 10.0, 47.0, 13.0, 11.0, 23.0, 37.0, 7.0, 10.0, 39.0, 21.0, 58.0, 4.0, 27.0, 49.0, 4.0, 32.0, 73.0, 44.0, 8.0, 1.0, 11.0, 6.0, 5.0, 21.0, 26.0, 13.0, 6.0, 22.0, 28.0, 4.0, 39.0, 50.0, 9.0, 90.0, 1.0, 47.0, 21.0, 29.0, 3.0, 8.0, 15.0, 9.0, 8.0, 1.0, 6.0, 2.0, 30.0, 13.0, 14.0, 8.0, 18.0, 73.0, 64.0, 24.0, 34.0, 11.0, 47.0, 77.0, 35.0, 8.0, 38.0, 6.0, 43.0, 12.0, 20.0, 3.0, 14.0, 11.0, 16.0, 4.0, 13.0, 16.0, 14.0, 55.0, 48.0, 6.0, 8.0, 53.0, 32.0, 22.0, 9.0, 38.0, 62.0, 3.0, 21.0, 23.0, 64.0, 85.0, 2.0, 9.0, 1.0, 26.0, 11.0, 8.0, 21.0, 1.0, 17.0, 8.0, 68.0, 54.0, 44.0, 5.0, 19.0, 29.0, 84.0, 16.0, 53.0, 8.0, 31.0, 129.0, 17.0, 7.0, 47.0, 61.0, 21.0, 18.0, 35.0, 74.0, 75.0, 24.0, 55.0, 10.0, 9.0, 24.0, 67.0, 43.0, 64.0, 33.0, 34.0, 49.0, 26.0, 15.0, 7.0, 32.0, 79.0, 23.0, 29.0, 20.0, 25.0, 9.0, 2.0, 1.0, 10.0, 9.0, 34.0, 10.0, 67.0, 17.0, 6.0, 53.0, 64.0, 3.0, 37.0, 59.0, 4.0, 3.0, 5.0, 5.0, 17.0, 4.0, 37.0, 102.0, 78.0, 6.0, 52.0, 6.0, 12.0, 74.0, 59.0, 28.0, 21.0, 20.0, 44.0, 50.0, 19.0, 41.0, 3.0, 37.0, 46.0, 64.0, 34.0, 16.0, 24.0, 4.0, 1.0, 29.0, 41.0, 36.0, 33.0, 4.0, 27.0, 6.0, 4.0, 44.0, 24.0, 20.0, 16.0, 36.0, 44.0, 78.0, 62.0, 25.0, 3.0, 47.0, 9.0, 21.0, 11.0, 43.0, 32.0, 78.0, 6.0, 9.0, 17.0, 20.0, 8.0, 1.0, 16.0, 28.0, 28.0, 20.0, 56.0, 68.0, 15.0, 2.0, 32.0, 4.0, 15.0, 4.0, 41.0, 9.0, 50.0, 32.0, 27.0, 16.0, 6.0, 12.0, 31.0, 2.0, 22.0, 25.0, 13.0, 4.0, 3.0, 1.0, 17.0, 2.0, 3.0, 13.0, 9.0, 6.0, 5.0, 20.0, 4.0, 6.0, 81.0, 2.0, 1.0, 62.0, 30.0, 7.0, 26.0, 9.0, 4.0, 5.0, 9.0, 37.0, 43.0, 4.0, 9.0, 90.0, 73.0, 6.0, 33.0, 5.0, 26.0, 29.0, 53.0, 12.0, 15.0, 41.0, 16.0, 13.0, 37.0, 32.0, 10.0, 33.0, 38.0, 8.0, 34.0, 10.0, 19.0, 1.0, 15.0, 6.0, 19.0, 16.0, 13.0, 28.0, 32.0, 24.0, 19.0, 8.0, 50.0, 9.0, 19.0, 62.0, 46.0, 33.0, 27.0, 20.0, 18.0, 3.0, 5.0, 6.0, 41.0, 11.0, 29.0, 51.0, 14.0, 12.0, 22.0, 8.0, 24.0, 49.0, 6.0, 29.0, 48.0, 50.0, 22.0, 8.0, 14.0, 6.0, 46.0, 78.0, 34.0, 37.0, 3.0, 29.0, 44.0, 6.0, 32.0, 19.0, 42.0, 38.0, 53.0, 70.0, 34.0, 52.0, 26.0, 64.0, 91.0, 29.0, 121.0, 5.0, 1.0, 11.0, 8.0, 18.0, 13.0, 12.0, 14.0, 88.0, 26.0, 2.0, 9.0, 2.0, 5.0, 36.0, 2.0, 13.0, 19.0, 112.0, 9.0, 31.0, 6.0, 52.0, 53.0, 11.0, 14.0, 2.0, 4.0, 27.0, 13.0, 13.0, 35.0, 13.0, 66.0, 12.0, 33.0, 50.0, 20.0, 4.0, 11.0, 22.0, 25.0, 22.0, 31.0, 2.0, 33.0, 3.0, 37.0, 2.0, 9.0, 32.0, 11.0, 34.0, 6.0, 15.0, 8.0, 10.0, 18.0, 44.0, 77.0, 12.0, 87.0, 41.0, 37.0, 5.0, 21.0, 71.0, 19.0, 32.0, 63.0, 28.0, 8.0, 31.0, 44.0, 5.0, 58.0, 37.0, 50.0, 9.0, 7.0, 18.0, 9.0, 21.0, 69.0, 60.0, 8.0, 73.0, 20.0, 37.0, 84.0, 7.0, 2.0, 5.0, 22.0, 3.0, 9.0, 16.0, 10.0, 9.0, 10.0, 7.0, 9.0, 20.0, 37.0, 55.0, 40.0, 27.0, 52.0, 2.0, 27.0, 50.0, 50.0, 118.0, 27.0, 4.0, 40.0, 7.0, 22.0, 24.0, 33.0, 66.0, 3.0, 9.0, 21.0, 11.0, 29.0, 30.0, 5.0, 27.0, 31.0, 19.0, 63.0, 14.0, 6.0, 9.0, 10.0, 35.0, 12.0, 17.0, 11.0, 4.0, 9.0, 2.0, 21.0, 27.0, 31.0, 23.0, 70.0, 16.0, 119.0, 5.0, 93.0, 65.0, 28.0, 38.0, 31.0, 20.0, 71.0, 24.0, 6.0, 22.0, 17.0, 8.0, 14.0, 57.0, 9.0, 73.0, 22.0, 12.0, 33.0, 28.0, 52.0, 19.0, 10.0, 59.0, 34.0, 40.0, 21.0, 22.0, 116.0, 34.0, 9.0, 11.0, 40.0, 64.0, 16.0, 36.0, 5.0, 3.0, 27.0, 28.0, 18.0, 14.0, 25.0, 34.0, 22.0, 15.0, 25.0, 34.0, 28.0, 89.0, 11.0, 13.0, 4.0, 11.0, 23.0, 29.0, 15.0, 16.0, 2.0, 25.0, 9.0, 66.0, 10.0, 9.0, 59.0, 41.0, 6.0, 94.0, 47.0, 28.0, 26.0, 8.0, 11.0, 9.0, 61.0, 8.0, 27.0, 19.0, 85.0, 15.0, 37.0, 3.0, 39.0, 6.0, 21.0, 56.0, 6.0, 1.0, 28.0, 4.0, 65.0, 19.0, 4.0, 13.0, 12.0, 29.0, 4.0, 17.0, 6.0, 31.0, 14.0, 5.0, 2.0, 1.0, 14.0, 72.0, 26.0, 33.0, 70.0, 31.0, 23.0, 69.0, 15.0, 24.0, 5.0, 11.0, 5.0, 13.0, 70.0, 17.0, 54.0, 23.0, 135.0, 4.0, 43.0, 9.0, 11.0, 18.0, 4.0, 16.0, 15.0, 10.0, 10.0, 10.0, 56.0, 18.0, 26.0, 58.0, 7.0, 31.0, 65.0, 11.0, 18.0, 26.0, 16.0, 11.0, 9.0, 8.0, 10.0, 50.0, 41.0, 15.0, 39.0, 14.0, 40.0, 2.0, 16.0, 18.0, 15.0, 10.0, 23.0, 28.0, 10.0, 7.0, 45.0, 9.0, 12.0, 34.0, 72.0, 31.0, 30.0, 14.0, 66.0, 11.0, 11.0, 45.0, 4.0, 2.0, 1.0, 5.0, 36.0, 15.0, 11.0, 58.0, 15.0, 51.0, 45.0, 19.0, 1.0, 31.0, 8.0, 46.0, 23.0, 48.0, 43.0, 8.0, 6.0, 8.0, 9.0, 50.0, 20.0, 20.0, 27.0, 8.0, 27.0, 9.0, 40.0, 12.0, 29.0, 9.0, 23.0, 111.0, 13.0, 21.0, 9.0, 4.0, 9.0, 5.0, 21.0, 37.0, 27.0, 107.0, 29.0, 40.0, 3.0, 11.0, 11.0, 46.0, 11.0, 36.0, 46.0, 9.0, 139.0, 42.0, 29.0, 21.0, 9.0, 31.0, 24.0, 11.0, 11.0, 7.0, 29.0, 21.0, 85.0, 3.0, 9.0, 64.0, 54.0, 33.0, 9.0, 11.0, 30.0, 10.0, 24.0, 7.0, 5.0, 21.0, 37.0, 14.0, 20.0, 7.0, 17.0, 7.0, 5.0, 1.0, 23.0, 14.0, 110.0, 6.0, 3.0, 1.0, 58.0, 21.0, 21.0, 24.0, 13.0, 20.0, 39.0, 75.0, 45.0, 9.0, 9.0, 12.0, 28.0, 11.0, 1.0, 37.0, 38.0, 10.0, 11.0, 13.0, 13.0, 4.0, 31.0, 1.0, 70.0, 6.0, 67.0, 17.0, 16.0, 29.0, 32.0, 9.0, 66.0, 5.0, 10.0, 17.0, 13.0, 33.0, 9.0, 8.0, 9.0, 8.0, 8.0, 35.0, 47.0, 30.0, 9.0, 39.0, 29.0, 56.0, 71.0, 7.0, 22.0, 3.0, 57.0, 56.0, 19.0, 10.0, 11.0, 5.0, 15.0, 26.0, 39.0, 35.0, 77.0, 48.0, 4.0, 25.0, 41.0, 21.0, 20.0, 37.0, 50.0, 23.0, 4.0, 8.0, 44.0, 64.0, 13.0, 26.0, 48.0, 16.0, 66.0, 34.0, 18.0, 21.0, 12.0, 36.0, 36.0, 36.0, 50.0, 9.0, 45.0, 77.0, 4.0, 10.0, 29.0, 60.0, 85.0, 43.0, 30.0, 6.0, 57.0, 4.0, 18.0, 25.0, 39.0, 68.0, 80.0, 27.0, 49.0, 7.0, 4.0, 9.0, 88.0, 6.0, 6.0, 6.0, 13.0, 41.0, 34.0, 106.0, 11.0, 24.0, 3.0, 43.0, 66.0, 33.0, 69.0, 39.0, 3.0, 66.0, 29.0, 22.0, 8.0, 33.0, 7.0, 52.0, 40.0, 38.0, 11.0, 6.0, 54.0, 46.0, 16.0, 53.0, 124.0, 13.0, 12.0, 49.0, 10.0, 36.0, 9.0, 12.0, 11.0, 14.0, 15.0, 25.0, 13.0, 4.0, 45.0, 35.0, 22.0, 11.0, 19.0, 104.0, 41.0, 17.0, 42.0, 71.0, 36.0, 47.0, 8.0, 81.0, 4.0, 66.0, 18.0, 24.0, 11.0, 21.0, 37.0, 9.0, 7.0, 15.0, 27.0, 49.0, 16.0, 10.0, 21.0, 29.0, 41.0, 31.0, 13.0, 3.0, 30.0, 11.0, 28.0, 21.0, 18.0, 4.0, 54.0, 3.0, 28.0, 61.0, 70.0, 68.0, 68.0, 21.0, 7.0, 28.0, 13.0, 28.0, 21.0, 7.0, 16.0, 16.0, 25.0, 11.0, 45.0, 15.0, 1.0, 9.0, 7.0, 6.0, 91.0, 5.0, 4.0, 8.0, 47.0, 38.0, 55.0, 25.0, 65.0, 22.0, 25.0, 62.0, 13.0, 19.0, 3.0, 1.0, 10.0, 12.0, 3.0, 35.0, 56.0, 36.0, 83.0, 36.0, 60.0, 19.0, 11.0, 16.0, 80.0, 27.0, 44.0, 9.0, 36.0, 21.0, 4.0, 30.0, 28.0, 20.0, 11.0, 38.0, 63.0, 22.0, 2.0, 12.0, 7.0, 44.0, 47.0, 15.0, 15.0, 23.0, 22.0, 4.0, 8.0, 12.0, 15.0, 40.0, 28.0, 26.0, 109.0, 23.0, 15.0, 51.0, 26.0, 45.0, 118.0, 28.0, 11.0, 5.0, 19.0, 30.0, 7.0, 20.0, 49.0, 18.0, 7.0, 6.0, 7.0, 28.0, 32.0, 25.0, 70.0, 36.0, 62.0, 59.0, 60.0, 3.0, 8.0, 13.0, 9.0, 8.0, 5.0, 5.0, 6.0, 34.0, 36.0, 19.0, 24.0, 34.0, 10.0, 54.0, 62.0, 84.0, 21.0, 29.0, 72.0, 35.0, 8.0, 52.0, 12.0, 22.0, 32.0, 20.0, 34.0, 1.0, 13.0, 1.0, 94.0, 28.0, 19.0, 55.0, 46.0, 14.0, 10.0, 44.0, 1.0, 5.0, 10.0, 75.0, 63.0, 10.0, 33.0, 1.0, 28.0, 26.0, 8.0, 24.0, 40.0, 14.0, 16.0, 77.0, 32.0, 37.0, 46.0, 2.0, 30.0, 42.0, 14.0, 40.0, 58.0, 32.0, 19.0, 29.0, 68.0, 1.0, 31.0, 57.0, 5.0, 60.0, 30.0, 51.0, 12.0, 9.0, 6.0, 35.0, 1.0, 9.0, 3.0, 4.0, 5.0, 20.0, 13.0, 23.0, 15.0, 30.0, 13.0, 42.0, 65.0, 2.0, 14.0, 23.0, 26.0, 11.0, 3.0, 1.0, 39.0, 46.0, 12.0, 31.0, 3.0, 22.0, 35.0, 13.0, 18.0, 50.0, 54.0, 93.0, 26.0, 71.0, 13.0, 6.0, 7.0, 10.0, 38.0, 8.0, 21.0, 64.0, 11.0, 22.0, 2.0, 18.0, 12.0, 32.0, 78.0, 8.0, 36.0, 54.0, 37.0, 54.0, 58.0, 64.0, 66.0, 11.0, 19.0, 1.0, 8.0, 20.0, 25.0, 30.0, 7.0, 3.0, 9.0, 17.0, 71.0, 8.0, 16.0, 6.0, 30.0, 23.0, 6.0, 15.0, 10.0, 27.0, 41.0, 37.0, 8.0, 8.0, 6.0, 40.0, 22.0, 20.0, 46.0, 10.0, 5.0, 1.0, 24.0, 15.0, 34.0, 6.0, 10.0, 77.0, 4.0, 40.0, 3.0, 3.0, 12.0, 26.0, 14.0, 22.0, 67.0, 39.0, 80.0, 34.0, 33.0, 49.0, 12.0, 22.0, 11.0, 60.0, 87.0, 6.0, 18.0, 34.0, 11.0, 2.0, 35.0, 7.0, 77.0, 40.0, 59.0, 27.0, 8.0, 50.0, 41.0, 44.0, 52.0, 6.0, 18.0, 4.0, 139.0, 32.0, 6.0, 1.0, 20.0, 32.0, 34.0, 49.0, 12.0, 59.0, 10.0, 26.0, 43.0, 64.0, 8.0, 57.0, 13.0, 6.0, 5.0, 27.0, 29.0, 84.0, 11.0, 13.0, 28.0, 23.0, 37.0, 16.0, 7.0, 31.0, 24.0, 7.0, 51.0, 10.0, 18.0, 6.0, 34.0, 70.0, 14.0, 75.0, 15.0, 38.0, 20.0, 62.0, 19.0, 47.0, 12.0, 16.0, 26.0, 4.0, 20.0, 20.0, 109.0, 12.0, 44.0, 32.0, 101.0, 57.0, 20.0, 68.0, 11.0, 23.0, 20.0, 26.0, 23.0, 33.0, 17.0, 6.0, 12.0, 11.0, 16.0, 11.0, 47.0, 18.0, 12.0, 19.0, 9.0, 28.0, 6.0, 2.0, 15.0, 27.0, 7.0, 9.0, 7.0, 22.0, 6.0, 41.0, 47.0, 4.0, 78.0, 33.0, 2.0, 58.0, 4.0, 30.0, 48.0, 5.0, 14.0, 24.0, 28.0, 60.0, 12.0, 16.0, 18.0, 13.0, 28.0, 42.0, 12.0, 35.0, 40.0, 40.0, 7.0, 21.0, 7.0, 9.0, 11.0, 14.0, 30.0, 49.0, 37.0, 57.0, 10.0, 5.0, 14.0, 3.0, 69.0, 2.0, 7.0, 6.0, 10.0, 20.0, 6.0, 63.0, 21.0, 4.0, 8.0, 66.0, 86.0, 7.0, 20.0, 39.0, 11.0, 12.0, 9.0, 20.0, 4.0, 33.0, 43.0, 16.0, 29.0, 58.0, 29.0, 10.0, 83.0, 10.0, 7.0, 5.0, 114.0, 60.0, 22.0, 14.0, 4.0, 3.0, 91.0, 5.0, 25.0, 18.0, 33.0, 32.0, 71.0, 20.0, 15.0, 27.0, 27.0, 1.0, 13.0, 43.0, 10.0, 11.0, 9.0, 76.0, 95.0, 6.0, 36.0, 34.0, 1.0, 30.0, 22.0, 9.0, 30.0, 11.0, 65.0, 23.0, 5.0, 51.0, 20.0, 2.0, 26.0, 33.0, 49.0, 6.0, 19.0, 70.0, 40.0, 7.0, 4.0, 72.0, 2.0, 92.0, 81.0, 4.0, 8.0, 35.0, 25.0, 6.0, 83.0, 1.0, 33.0, 27.0, 11.0, 38.0, 2.0, 12.0, 66.0, 7.0, 11.0, 123.0, 55.0, 4.0, 9.0, 1.0, 49.0, 21.0, 6.0, 9.0, 17.0, 14.0, 47.0, 30.0, 35.0, 21.0, 2.0, 24.0, 11.0, 50.0, 21.0, 34.0, 17.0, 21.0, 27.0, 56.0, 48.0, 11.0, 19.0, 29.0, 24.0, 23.0, 6.0, 11.0, 8.0, 28.0, 19.0, 65.0, 79.0, 43.0, 11.0, 34.0, 38.0, 53.0, 55.0, 5.0, 5.0, 21.0, 23.0, 11.0, 19.0, 33.0, 19.0, 46.0, 6.0, 35.0, 42.0, 35.0, 41.0, 10.0, 29.0, 61.0, 35.0, 12.0, 84.0, 33.0, 14.0, 32.0, 8.0, 1.0, 11.0, 15.0, 6.0, 8.0, 9.0, 125.0, 10.0, 8.0, 65.0, 20.0, 63.0, 7.0, 21.0, 15.0, 16.0, 59.0, 19.0, 1.0, 21.0, 8.0, 40.0, 10.0, 65.0, 39.0, 37.0, 27.0, 15.0, 9.0, 3.0, 4.0, 34.0, 46.0, 13.0, 35.0, 25.0, 13.0, 1.0, 26.0, 24.0, 22.0, 71.0, 7.0, 19.0, 30.0, 8.0, 50.0, 61.0, 1.0, 11.0, 6.0, 11.0, 16.0, 56.0, 7.0, 13.0, 31.0, 64.0, 26.0, 7.0, 4.0, 55.0, 47.0, 23.0, 31.0, 13.0, 15.0, 54.0, 21.0, 6.0, 7.0, 28.0, 155.0, 86.0, 70.0, 11.0, 6.0, 9.0, 22.0, 8.0, 10.0, 8.0, 31.0, 10.0, 44.0, 121.0, 3.0, 16.0, 48.0, 38.0, 21.0, 27.0, 11.0, 14.0, 17.0, 44.0, 27.0, 4.0, 30.0, 5.0, 5.0, 6.0, 22.0, 55.0, 36.0, 80.0, 63.0, 21.0, 12.0, 25.0, 31.0, 70.0, 1.0, 14.0, 23.0, 28.0, 4.0, 11.0, 29.0, 45.0, 3.0, 10.0, 85.0, 147.0, 28.0, 5.0, 14.0, 30.0, 3.0, 51.0, 12.0, 11.0, 62.0, 10.0, 13.0, 11.0, 29.0, 14.0, 27.0, 31.0, 27.0, 28.0] 

MGT times
 [28.0, 34.0, 18.0, 9.0, 4.0, 11.0, 62.0, 40.0, 14.0, 8.0, 10.0, 18.0, 32.0, 59.0, 58.0, 38.0, 8.0, 1.0, 37.0, 11.0, 3.0, 9.0, 23.0, 32.0, 19.0, 10.0, 14.0, 5.0, 15.0, 65.0, 26.0, 9.0, 5.0, 42.0, 10.0, 11.0, 2.0, 11.0, 19.0, 8.0, 3.0, 11.0, 5.0, 9.0, 3.0, 39.0, 56.0, 3.0, 10.0, 98.0, 5.0, 20.0, 5.0, 26.0, 20.0, 48.0, 63.0, 42.0, 3.0, 5.0, 49.0, 2.0, 9.0, 7.0, 4.0, 30.0, 14.0, 49.0, 18.0, 5.0, 40.0, 19.0, 1.0, 13.0, 20.0, 26.0, 21.0, 13.0, 42.0, 38.0, 2.0, 57.0, 9.0, 8.0, 10.0, 13.0, 21.0, 42.0, 13.0, 4.0, 26.0, 30.0, 18.0, 19.0, 19.0, 20.0, 20.0, 8.0, 32.0, 43.0, 20.0, 19.0, 27.0, 10.0, 9.0, 12.0, 6.0, 29.0, 4.0, 70.0, 1.0, 20.0, 7.0, 1.0, 2.0, 16.0, 56.0, 24.0, 29.0, 8.0, 48.0, 14.0, 7.0, 28.0, 60.0, 14.0, 9.0, 11.0, 19.0, 12.0, 14.0, 8.0, 11.0, 26.0, 1.0, 24.0, 13.0, 12.0, 6.0, 7.0, 1.0, 3.0, 14.0, 7.0, 33.0, 7.0, 17.0, 17.0, 2.0, 41.0, 25.0, 9.0, 44.0, 71.0, 4.0, 16.0, 32.0, 59.0, 27.0, 144.0, 6.0, 51.0, 10.0, 8.0, 8.0, 3.0, 3.0, 3.0, 38.0, 1.0, 22.0, 14.0, 14.0, 19.0, 3.0, 2.0, 19.0, 4.0, 37.0, 22.0, 29.0, 32.0, 17.0, 3.0, 21.0, 20.0, 13.0, 80.0, 9.0, 7.0, 14.0, 35.0, 9.0, 55.0, 4.0, 4.0, 38.0, 2.0, 36.0, 138.0, 27.0, 22.0, 5.0, 28.0, 10.0, 2.0, 6.0, 34.0, 1.0, 36.0, 15.0, 8.0, 10.0, 18.0, 23.0, 35.0, 75.0, 2.0, 13.0, 3.0, 10.0, 74.0, 14.0, 31.0, 36.0, 23.0, 10.0, 55.0, 8.0, 88.0, 15.0, 35.0, 15.0, 4.0, 6.0, 15.0, 21.0, 6.0, 21.0, 34.0, 4.0, 30.0, 7.0, 68.0, 44.0, 17.0, 10.0, 38.0, 7.0, 50.0, 14.0, 21.0, 30.0, 40.0, 2.0, 21.0, 29.0, 8.0, 7.0, 19.0, 3.0, 9.0, 18.0, 8.0, 3.0, 48.0, 22.0, 40.0, 10.0, 10.0, 28.0, 17.0, 1.0, 8.0, 29.0, 10.0, 6.0, 20.0, 24.0, 11.0, 2.0, 20.0, 5.0, 71.0, 13.0, 4.0, 7.0, 18.0, 21.0, 1.0, 18.0, 23.0, 21.0, 16.0, 9.0, 11.0, 76.0, 35.0, 9.0, 4.0, 21.0, 4.0, 3.0, 4.0, 25.0, 1.0, 10.0, 57.0, 14.0, 9.0, 10.0, 35.0, 12.0, 11.0, 25.0, 20.0, 2.0, 35.0, 9.0, 10.0, 11.0, 24.0, 2.0, 41.0, 49.0, 29.0, 43.0, 49.0, 20.0, 30.0, 23.0, 3.0, 9.0, 34.0, 26.0, 6.0, 34.0, 30.0, 25.0, 34.0, 8.0, 22.0, 30.0, 30.0, 11.0, 11.0, 55.0, 26.0, 7.0, 25.0, 19.0, 5.0, 7.0, 5.0, 37.0, 23.0, 95.0, 1.0, 36.0, 23.0, 20.0, 37.0, 6.0, 16.0, 41.0, 30.0, 36.0, 18.0, 9.0, 5.0, 7.0, 9.0, 11.0, 9.0, 28.0, 24.0, 18.0, 3.0, 21.0, 35.0, 37.0, 6.0, 17.0, 24.0, 8.0, 39.0, 1.0, 32.0, 25.0, 14.0, 2.0, 4.0, 22.0, 1.0, 36.0, 6.0, 45.0, 32.0, 12.0, 10.0, 9.0, 27.0, 19.0, 35.0, 8.0, 28.0, 31.0, 23.0, 22.0, 15.0, 24.0, 33.0, 5.0, 1.0, 10.0, 24.0, 4.0, 1.0, 55.0, 9.0, 25.0, 16.0, 39.0, 13.0, 9.0, 2.0, 2.0, 8.0, 9.0, 54.0, 15.0, 21.0, 16.0, 2.0, 66.0, 34.0, 28.0, 6.0, 23.0, 2.0, 3.0, 30.0, 5.0, 15.0, 3.0, 20.0, 4.0, 73.0, 4.0, 9.0, 80.0, 12.0, 3.0, 4.0, 31.0, 3.0, 1.0, 1.0, 14.0, 43.0, 12.0, 24.0, 15.0, 4.0, 65.0, 49.0, 56.0, 5.0, 17.0, 5.0, 74.0, 57.0, 18.0, 8.0, 18.0, 1.0, 32.0, 3.0, 19.0, 9.0, 7.0, 7.0, 46.0, 2.0, 9.0, 26.0, 9.0, 44.0, 4.0, 7.0, 74.0, 62.0, 7.0, 1.0, 11.0, 50.0, 10.0, 13.0, 21.0, 2.0, 9.0, 7.0, 3.0, 10.0, 42.0, 5.0, 10.0, 10.0, 5.0, 11.0, 5.0, 40.0, 5.0, 58.0, 39.0, 23.0, 3.0, 30.0, 17.0, 7.0, 21.0, 12.0, 18.0, 18.0, 20.0, 46.0, 17.0, 54.0, 7.0, 48.0, 20.0, 19.0, 45.0, 43.0, 24.0, 11.0, 36.0, 10.0, 11.0, 11.0, 10.0, 13.0, 14.0, 13.0, 8.0, 13.0, 1.0, 5.0, 22.0, 20.0, 9.0, 18.0, 10.0, 11.0, 6.0, 34.0, 29.0, 9.0, 40.0, 18.0, 7.0, 9.0, 21.0, 1.0, 62.0, 26.0, 1.0, 1.0, 15.0, 23.0, 9.0, 9.0, 66.0, 4.0, 15.0, 11.0, 35.0, 9.0, 9.0, 114.0, 19.0, 34.0, 7.0, 19.0, 32.0, 15.0, 8.0, 2.0, 17.0, 9.0, 14.0, 16.0, 43.0, 6.0, 2.0, 11.0, 7.0, 25.0, 8.0, 12.0, 11.0, 2.0, 19.0, 10.0, 11.0, 7.0, 53.0, 47.0, 10.0, 44.0, 21.0, 8.0, 25.0, 9.0, 10.0, 5.0, 17.0, 126.0, 5.0, 9.0, 20.0, 18.0, 1.0, 25.0, 16.0, 6.0, 21.0, 4.0, 5.0, 42.0, 63.0, 31.0, 40.0, 20.0, 6.0, 54.0, 11.0, 12.0, 6.0, 2.0, 8.0, 61.0, 1.0, 10.0, 6.0, 23.0, 4.0, 7.0, 33.0, 2.0, 1.0, 35.0, 13.0, 16.0, 33.0, 59.0, 56.0, 15.0, 2.0, 4.0, 1.0, 17.0, 12.0, 9.0, 18.0, 78.0, 10.0, 9.0, 3.0, 14.0, 39.0, 4.0, 9.0, 20.0, 7.0, 3.0, 18.0, 2.0, 3.0, 15.0, 7.0, 19.0, 31.0, 18.0, 29.0, 20.0, 15.0, 8.0, 53.0, 9.0, 2.0, 26.0, 5.0, 4.0, 10.0, 14.0, 2.0, 7.0, 2.0, 15.0, 64.0, 76.0, 2.0, 14.0, 1.0, 12.0, 1.0, 12.0, 11.0, 35.0, 20.0, 30.0, 17.0, 15.0, 2.0, 12.0, 27.0, 3.0, 8.0, 7.0, 8.0, 3.0, 24.0, 5.0, 19.0, 5.0, 27.0, 29.0, 80.0, 28.0, 10.0, 10.0, 10.0, 40.0, 5.0, 7.0, 29.0, 26.0, 11.0, 18.0, 1.0, 10.0, 7.0, 11.0, 1.0, 9.0, 8.0, 3.0, 17.0, 41.0, 39.0, 36.0, 13.0, 4.0, 1.0, 12.0, 21.0, 10.0, 20.0, 10.0, 3.0, 11.0, 11.0, 18.0, 3.0, 26.0, 38.0, 2.0, 9.0, 1.0, 67.0, 10.0, 3.0, 4.0, 36.0, 21.0, 3.0, 36.0, 8.0, 26.0, 41.0, 64.0, 2.0, 2.0, 32.0, 8.0, 67.0, 17.0, 9.0, 36.0, 32.0, 2.0, 4.0, 27.0, 11.0, 13.0, 8.0, 11.0, 3.0, 13.0, 47.0, 10.0, 49.0, 3.0, 1.0, 11.0, 22.0, 1.0, 1.0, 19.0, 52.0, 5.0, 11.0, 8.0, 6.0, 12.0, 13.0, 6.0, 8.0, 1.0, 70.0, 4.0, 12.0, 16.0, 14.0, 10.0, 4.0, 30.0, 71.0, 4.0, 5.0, 10.0, 1.0, 39.0, 4.0, 21.0, 5.0, 42.0, 7.0, 4.0, 9.0, 11.0, 1.0, 14.0, 2.0, 33.0, 13.0, 12.0, 30.0, 10.0, 6.0, 1.0, 2.0, 8.0, 11.0, 4.0, 34.0, 9.0, 4.0, 46.0, 11.0, 11.0, 10.0, 8.0, 29.0, 12.0, 31.0, 9.0, 28.0, 28.0, 10.0, 21.0, 20.0, 41.0, 41.0, 8.0, 14.0, 30.0, 11.0, 5.0, 35.0, 4.0, 25.0, 8.0, 29.0, 9.0, 5.0, 11.0, 7.0, 16.0, 2.0, 11.0, 30.0, 70.0, 12.0, 5.0, 5.0, 18.0, 25.0, 3.0, 31.0, 4.0, 3.0, 5.0, 1.0, 2.0, 13.0, 14.0, 16.0, 13.0, 12.0, 4.0, 7.0, 40.0, 20.0, 39.0, 22.0, 6.0, 9.0, 23.0, 3.0, 11.0, 9.0, 9.0, 51.0, 11.0, 8.0, 21.0, 18.0, 1.0, 3.0, 18.0, 3.0, 1.0, 5.0, 8.0, 20.0, 8.0, 9.0, 23.0, 41.0, 8.0, 22.0, 23.0, 24.0, 59.0, 53.0, 11.0, 44.0, 18.0, 60.0, 24.0, 3.0, 63.0, 29.0, 5.0, 10.0, 12.0, 43.0, 20.0, 6.0, 4.0, 57.0, 16.0, 22.0, 7.0, 39.0, 16.0, 1.0, 9.0, 40.0, 12.0, 22.0, 21.0, 4.0, 29.0, 16.0, 32.0, 8.0, 1.0, 6.0, 9.0, 10.0, 7.0, 12.0, 6.0, 17.0, 33.0, 5.0, 12.0, 11.0, 14.0, 9.0, 8.0, 8.0, 17.0, 26.0, 6.0, 32.0, 31.0, 10.0, 25.0, 8.0, 37.0, 8.0, 11.0, 60.0, 26.0, 7.0, 21.0, 8.0, 1.0, 26.0, 34.0, 2.0, 14.0, 41.0, 16.0, 59.0, 43.0, 14.0, 31.0, 9.0, 23.0, 1.0, 39.0, 3.0, 13.0, 13.0, 18.0, 3.0, 4.0, 14.0, 45.0, 9.0, 18.0, 41.0, 44.0, 4.0, 10.0, 16.0, 3.0, 4.0, 7.0, 1.0, 1.0, 14.0, 34.0, 13.0, 4.0, 23.0, 3.0, 5.0, 18.0, 26.0, 107.0, 8.0, 20.0, 12.0, 15.0, 23.0, 9.0, 17.0, 67.0, 20.0, 36.0, 20.0, 29.0, 9.0, 31.0, 24.0, 21.0, 3.0, 28.0, 29.0, 34.0, 2.0, 12.0, 26.0, 20.0, 18.0, 1.0, 4.0, 56.0, 15.0, 8.0, 19.0, 24.0, 74.0, 19.0, 45.0, 11.0, 85.0, 15.0, 81.0, 1.0, 41.0, 9.0, 26.0, 12.0, 9.0, 25.0, 4.0, 64.0, 2.0, 9.0, 18.0, 8.0, 30.0, 2.0, 13.0, 42.0, 3.0, 33.0, 10.0, 17.0, 15.0, 48.0, 5.0, 31.0, 18.0, 31.0, 3.0, 11.0, 37.0, 27.0, 5.0, 24.0, 9.0, 2.0, 19.0, 27.0, 11.0, 27.0, 15.0, 10.0, 19.0, 8.0, 8.0, 4.0, 14.0, 11.0, 1.0, 2.0, 47.0, 6.0, 54.0, 38.0, 1.0, 8.0, 54.0, 3.0, 9.0, 11.0, 10.0, 1.0, 2.0, 20.0, 11.0, 16.0, 7.0, 36.0, 36.0, 8.0, 14.0, 7.0, 6.0, 16.0, 4.0, 2.0, 9.0, 48.0, 30.0, 21.0, 22.0, 24.0, 1.0, 11.0, 10.0, 18.0, 8.0, 7.0, 2.0, 13.0, 8.0, 2.0, 3.0, 76.0, 20.0, 10.0, 14.0, 16.0, 15.0, 21.0, 7.0, 54.0, 2.0, 56.0, 10.0, 38.0, 9.0, 12.0, 5.0, 21.0, 11.0, 1.0, 8.0, 97.0, 10.0, 36.0, 22.0, 16.0, 1.0, 59.0, 5.0, 2.0, 19.0, 45.0, 105.0, 3.0, 39.0, 40.0, 6.0, 9.0, 13.0, 9.0, 9.0, 8.0, 23.0, 31.0, 18.0, 8.0, 4.0, 9.0, 7.0, 23.0, 2.0, 16.0, 38.0, 36.0, 39.0, 14.0, 30.0, 4.0, 3.0, 5.0, 9.0, 14.0, 35.0, 29.0, 26.0, 8.0, 74.0, 6.0, 6.0, 38.0, 10.0, 58.0, 32.0, 5.0, 3.0, 70.0, 18.0, 10.0, 1.0, 11.0, 4.0, 13.0, 28.0, 21.0, 7.0, 32.0, 11.0, 7.0, 31.0, 5.0, 39.0, 14.0, 1.0, 9.0, 35.0, 9.0, 2.0, 20.0, 112.0, 28.0, 26.0, 10.0, 64.0, 15.0, 7.0, 11.0, 2.0, 2.0, 12.0, 26.0, 9.0, 9.0, 2.0, 2.0, 55.0, 28.0, 3.0, 6.0, 52.0, 7.0, 14.0, 24.0, 8.0, 20.0, 4.0, 10.0, 8.0, 7.0, 1.0, 35.0, 35.0, 5.0, 9.0, 6.0, 7.0, 6.0, 27.0, 2.0, 11.0, 10.0, 10.0, 75.0, 59.0, 18.0, 8.0, 19.0, 10.0, 43.0, 28.0, 27.0, 12.0, 2.0, 16.0, 25.0, 49.0, 30.0, 9.0, 47.0, 6.0, 17.0, 27.0, 15.0, 60.0, 4.0, 4.0, 14.0, 12.0, 5.0, 9.0, 1.0, 2.0, 42.0, 13.0, 20.0, 58.0, 133.0, 4.0, 2.0, 59.0, 14.0, 6.0, 25.0, 31.0, 33.0, 9.0, 26.0, 7.0, 26.0, 19.0, 1.0, 47.0, 15.0, 13.0, 5.0, 19.0, 4.0, 60.0, 19.0, 21.0, 3.0, 2.0, 25.0, 25.0, 5.0, 4.0, 11.0, 57.0, 3.0, 27.0, 21.0, 10.0, 43.0, 28.0, 36.0, 4.0, 33.0, 2.0, 4.0, 9.0, 36.0, 4.0, 13.0, 13.0, 8.0, 21.0, 3.0, 30.0, 2.0, 61.0, 8.0, 8.0, 10.0, 4.0, 1.0, 31.0, 18.0, 18.0, 8.0, 12.0, 42.0, 22.0, 39.0, 12.0, 8.0, 62.0, 3.0, 1.0, 12.0, 12.0, 44.0, 27.0, 39.0, 1.0, 5.0, 16.0, 1.0, 8.0, 61.0, 5.0, 15.0, 8.0, 23.0, 23.0, 8.0, 9.0, 10.0, 8.0, 6.0, 9.0, 27.0, 127.0, 18.0, 3.0, 30.0, 10.0, 20.0, 9.0, 8.0, 12.0, 10.0, 1.0, 15.0, 7.0, 38.0, 8.0, 2.0, 10.0, 63.0, 11.0, 2.0, 3.0, 43.0, 26.0, 8.0, 18.0, 3.0, 3.0, 3.0, 11.0, 13.0, 6.0, 5.0, 24.0, 9.0, 22.0, 66.0, 20.0, 63.0, 22.0, 44.0, 12.0, 8.0, 46.0, 6.0, 8.0, 7.0, 45.0, 6.0, 14.0, 54.0, 16.0, 5.0, 45.0, 25.0, 31.0, 12.0, 14.0, 28.0, 57.0, 91.0, 3.0, 1.0, 3.0, 33.0, 5.0, 23.0, 20.0, 33.0, 9.0, 17.0, 10.0, 20.0, 6.0, 5.0, 11.0, 4.0, 5.0, 42.0, 28.0, 24.0, 31.0, 2.0, 4.0, 31.0, 26.0, 21.0, 22.0, 44.0, 6.0, 5.0, 21.0, 4.0, 9.0, 7.0, 2.0, 30.0, 9.0, 6.0, 23.0, 3.0, 41.0, 39.0, 20.0, 10.0, 16.0, 25.0, 14.0, 22.0, 5.0, 19.0, 2.0, 4.0, 10.0, 8.0, 40.0, 13.0, 12.0, 43.0, 19.0, 42.0, 7.0, 2.0, 4.0, 15.0, 32.0, 23.0, 19.0, 4.0, 13.0, 43.0, 16.0, 4.0, 19.0, 18.0, 11.0, 2.0, 7.0, 34.0, 18.0, 47.0, 19.0, 4.0, 2.0, 48.0, 39.0, 21.0, 6.0, 6.0, 23.0, 26.0, 9.0, 9.0, 12.0, 67.0, 7.0, 2.0, 29.0, 64.0, 14.0, 1.0, 2.0, 6.0, 44.0, 9.0, 33.0, 14.0, 29.0, 20.0, 1.0, 11.0, 3.0, 6.0, 4.0, 10.0, 8.0, 4.0, 1.0, 59.0, 15.0, 10.0, 14.0, 1.0, 16.0, 7.0, 30.0, 20.0, 71.0, 54.0, 28.0, 44.0, 26.0, 20.0, 29.0, 14.0, 27.0, 43.0, 39.0, 17.0, 20.0, 26.0, 16.0, 29.0, 3.0, 4.0, 20.0, 21.0, 24.0, 9.0, 10.0, 2.0, 12.0, 33.0, 11.0, 48.0, 1.0, 20.0, 7.0, 29.0, 21.0, 1.0, 8.0, 2.0, 41.0, 11.0, 32.0, 1.0, 10.0, 6.0, 21.0, 1.0, 23.0, 81.0, 8.0, 4.0, 10.0, 7.0, 5.0, 19.0, 34.0, 11.0, 3.0, 31.0, 13.0, 60.0, 8.0, 24.0, 8.0, 4.0, 8.0, 23.0, 16.0, 7.0, 37.0, 28.0, 11.0, 20.0, 12.0, 14.0, 10.0, 1.0, 5.0, 53.0, 20.0, 33.0, 21.0, 19.0, 71.0, 24.0, 10.0, 24.0, 37.0, 9.0, 4.0, 22.0, 1.0, 13.0, 14.0, 4.0, 26.0, 11.0, 63.0, 17.0, 12.0, 27.0, 15.0, 41.0, 29.0, 16.0, 26.0, 44.0, 50.0, 10.0, 3.0, 44.0, 42.0, 16.0, 9.0, 8.0, 10.0, 41.0, 27.0, 1.0, 11.0, 7.0, 9.0, 22.0, 3.0, 1.0, 39.0, 10.0, 33.0, 39.0, 4.0, 8.0, 63.0, 18.0, 37.0, 29.0, 27.0, 69.0, 21.0, 3.0, 40.0, 31.0, 68.0, 28.0, 10.0, 9.0, 2.0, 6.0, 11.0, 1.0, 8.0, 4.0, 3.0, 28.0, 7.0, 49.0, 11.0, 4.0, 9.0, 30.0, 57.0, 39.0, 41.0, 37.0, 23.0, 15.0, 9.0, 7.0, 5.0, 10.0, 14.0, 35.0, 14.0, 22.0, 41.0, 41.0, 8.0, 11.0, 4.0, 11.0, 33.0, 2.0, 8.0, 12.0, 2.0, 10.0, 54.0, 1.0, 33.0, 11.0, 27.0, 6.0, 1.0, 6.0, 21.0, 2.0, 38.0, 57.0, 11.0, 22.0, 3.0, 1.0, 3.0, 44.0, 17.0, 21.0, 18.0, 9.0, 9.0, 4.0, 10.0, 23.0, 9.0, 20.0, 11.0, 41.0, 9.0, 10.0, 97.0, 72.0, 22.0, 9.0, 25.0, 17.0, 5.0, 18.0, 27.0, 35.0, 3.0, 14.0, 29.0, 11.0, 34.0, 14.0, 2.0, 71.0, 1.0, 58.0, 9.0, 31.0, 17.0, 79.0, 3.0, 2.0, 2.0, 39.0, 21.0, 63.0, 9.0, 18.0, 31.0, 36.0, 12.0, 38.0, 21.0, 11.0, 62.0, 7.0, 9.0, 19.0, 9.0, 5.0, 28.0, 12.0, 34.0, 3.0, 3.0, 2.0, 21.0, 11.0, 27.0, 6.0, 11.0, 5.0, 1.0, 21.0, 2.0, 18.0, 13.0, 49.0, 8.0, 24.0, 18.0, 9.0, 21.0, 10.0, 29.0, 18.0, 42.0, 37.0, 10.0, 19.0, 12.0, 45.0, 6.0, 3.0, 1.0, 20.0, 20.0, 49.0, 22.0, 13.0, 20.0, 2.0, 28.0, 4.0, 10.0, 12.0, 28.0, 39.0, 10.0, 3.0, 4.0, 38.0, 22.0, 34.0, 10.0, 36.0, 13.0, 2.0, 20.0, 3.0, 19.0, 36.0, 74.0, 11.0, 12.0, 14.0, 7.0, 74.0, 2.0, 13.0, 1.0, 14.0, 83.0, 2.0, 3.0, 13.0, 60.0, 9.0, 36.0, 3.0, 7.0, 3.0, 23.0, 3.0, 7.0, 13.0, 15.0, 11.0, 33.0, 24.0, 7.0, 4.0, 21.0, 1.0, 8.0, 35.0, 2.0, 65.0, 32.0, 1.0, 10.0, 18.0, 8.0, 46.0, 7.0, 20.0, 16.0, 30.0, 22.0, 30.0, 13.0, 21.0, 9.0, 9.0, 88.0, 7.0, 54.0, 6.0, 13.0, 10.0, 56.0, 21.0, 3.0, 21.0, 11.0, 28.0, 7.0, 29.0, 43.0, 10.0, 17.0, 24.0, 22.0, 25.0, 23.0, 21.0, 30.0, 11.0, 7.0, 38.0, 2.0, 14.0, 11.0, 13.0, 12.0, 37.0, 10.0, 7.0, 58.0, 4.0, 27.0, 24.0, 4.0, 32.0, 73.0, 8.0, 1.0, 11.0, 6.0, 5.0, 21.0, 2.0, 13.0, 6.0, 22.0, 28.0, 4.0, 10.0, 50.0, 86.0, 1.0, 47.0, 21.0, 9.0, 3.0, 8.0, 15.0, 8.0, 1.0, 6.0, 2.0, 30.0, 13.0, 14.0, 8.0, 18.0, 40.0, 64.0, 24.0, 2.0, 11.0, 20.0, 34.0, 35.0, 8.0, 37.0, 43.0, 12.0, 20.0, 3.0, 16.0, 4.0, 7.0, 25.0, 48.0, 6.0, 8.0, 36.0, 32.0, 22.0, 1.0, 3.0, 21.0, 23.0, 14.0, 85.0, 4.0, 1.0, 26.0, 11.0, 8.0, 1.0, 4.0, 9.0, 10.0, 44.0, 18.0, 14.0, 9.0, 53.0, 8.0, 31.0, 111.0, 17.0, 7.0, 47.0, 33.0, 4.0, 35.0, 4.0, 24.0, 24.0, 10.0, 24.0, 9.0, 31.0, 26.0, 15.0, 7.0, 10.0, 23.0, 29.0, 20.0, 25.0, 9.0, 2.0, 10.0, 9.0, 4.0, 67.0, 3.0, 64.0, 3.0, 18.0, 8.0, 4.0, 3.0, 5.0, 5.0, 17.0, 4.0, 37.0, 36.0, 6.0, 52.0, 29.0, 33.0, 21.0, 20.0, 44.0, 3.0, 41.0, 3.0, 37.0, 46.0, 29.0, 16.0, 24.0, 4.0, 1.0, 29.0, 41.0, 36.0, 4.0, 27.0, 6.0, 4.0, 4.0, 36.0, 44.0, 25.0, 45.0, 25.0, 3.0, 33.0, 9.0, 21.0, 11.0, 43.0, 32.0, 78.0, 6.0, 9.0, 20.0, 8.0, 1.0, 16.0, 5.0, 20.0, 24.0, 31.0, 15.0, 2.0, 4.0, 4.0, 9.0, 50.0, 7.0, 27.0, 6.0, 12.0, 13.0, 2.0, 22.0, 8.0, 13.0, 3.0, 1.0, 17.0, 2.0, 3.0, 8.0, 9.0, 6.0, 5.0, 4.0, 6.0, 17.0, 2.0, 1.0, 62.0, 18.0, 7.0, 26.0, 9.0, 4.0, 5.0, 9.0, 4.0, 9.0, 11.0, 73.0, 6.0, 5.0, 10.0, 9.0, 12.0, 15.0, 32.0, 16.0, 32.0, 10.0, 33.0, 38.0, 8.0, 34.0, 10.0, 19.0, 1.0, 15.0, 6.0, 13.0, 9.0, 19.0, 6.0, 46.0, 33.0, 20.0, 18.0, 3.0, 5.0, 6.0, 41.0, 11.0, 51.0, 14.0, 22.0, 24.0, 30.0, 6.0, 29.0, 12.0, 50.0, 22.0, 8.0, 14.0, 6.0, 11.0, 17.0, 8.0, 3.0, 6.0, 19.0, 17.0, 15.0, 70.0, 10.0, 17.0, 59.0, 51.0, 5.0, 1.0, 11.0, 8.0, 13.0, 12.0, 14.0, 58.0, 26.0, 2.0, 9.0, 2.0, 5.0, 36.0, 2.0, 13.0, 19.0, 9.0, 9.0, 9.0, 52.0, 4.0, 11.0, 2.0, 4.0, 7.0, 13.0, 2.0, 2.0, 2.0, 33.0, 31.0, 20.0, 4.0, 11.0, 5.0, 2.0, 33.0, 3.0, 10.0, 2.0, 9.0, 32.0, 34.0, 6.0, 10.0, 18.0, 44.0, 49.0, 12.0, 67.0, 41.0, 5.0, 13.0, 43.0, 16.0, 63.0, 28.0, 16.0, 5.0, 44.0, 7.0, 9.0, 1.0, 69.0, 60.0, 8.0, 20.0, 22.0, 3.0, 7.0, 2.0, 5.0, 22.0, 9.0, 16.0, 10.0, 9.0, 9.0, 20.0, 55.0, 40.0, 27.0, 2.0, 8.0, 17.0, 76.0, 4.0, 40.0, 7.0, 22.0, 24.0, 33.0, 66.0, 3.0, 21.0, 11.0, 10.0, 5.0, 27.0, 31.0, 19.0, 14.0, 6.0, 9.0, 10.0, 35.0, 12.0, 4.0, 9.0, 2.0, 21.0, 16.0, 31.0, 23.0, 10.0, 5.0, 31.0, 5.0, 75.0, 1.0, 4.0, 38.0, 15.0, 4.0, 10.0, 24.0, 5.0, 1.0, 8.0, 4.0, 9.0, 39.0, 3.0, 12.0, 33.0, 28.0, 19.0, 10.0, 109.0, 9.0, 11.0, 40.0, 38.0, 16.0, 36.0, 5.0, 3.0, 27.0, 18.0, 19.0, 22.0, 5.0, 34.0, 28.0, 75.0, 11.0, 13.0, 4.0, 11.0, 23.0, 29.0, 8.0, 2.0, 25.0, 9.0, 10.0, 9.0, 6.0, 19.0, 4.0, 26.0, 8.0, 11.0, 9.0, 10.0, 8.0, 8.0, 19.0, 15.0, 3.0, 18.0, 6.0, 21.0, 56.0, 6.0, 1.0, 23.0, 19.0, 4.0, 12.0, 29.0, 4.0, 17.0, 4.0, 31.0, 14.0, 5.0, 1.0, 72.0, 9.0, 22.0, 28.0, 69.0, 15.0, 24.0, 4.0, 5.0, 4.0, 70.0, 17.0, 54.0, 23.0, 4.0, 43.0, 9.0, 1.0, 18.0, 4.0, 16.0, 15.0, 10.0, 1.0, 10.0, 23.0, 18.0, 26.0, 31.0, 11.0, 18.0, 9.0, 16.0, 11.0, 8.0, 10.0, 43.0, 41.0, 15.0, 39.0, 1.0, 2.0, 16.0, 18.0, 15.0, 10.0, 23.0, 28.0, 10.0, 7.0, 45.0, 9.0, 22.0, 6.0, 30.0, 14.0, 9.0, 11.0, 45.0, 4.0, 2.0, 1.0, 5.0, 19.0, 15.0, 22.0, 18.0, 1.0, 31.0, 8.0, 46.0, 23.0, 9.0, 43.0, 8.0, 6.0, 8.0, 9.0, 6.0, 10.0, 8.0, 9.0, 29.0, 9.0, 23.0, 78.0, 13.0, 21.0, 4.0, 9.0, 37.0, 43.0, 29.0, 40.0, 3.0, 11.0, 11.0, 24.0, 31.0, 13.0, 21.0, 9.0, 24.0, 11.0, 11.0, 7.0, 7.0, 21.0, 5.0, 3.0, 9.0, 54.0, 33.0, 9.0, 27.0, 10.0, 7.0, 5.0, 21.0, 37.0, 7.0, 17.0, 7.0, 5.0, 1.0, 23.0, 1.0, 26.0, 6.0, 3.0, 1.0, 21.0, 21.0, 24.0, 13.0, 20.0, 39.0, 10.0, 9.0, 9.0, 12.0, 28.0, 11.0, 1.0, 36.0, 38.0, 11.0, 13.0, 8.0, 1.0, 6.0, 17.0, 29.0, 32.0, 9.0, 30.0, 5.0, 16.0, 13.0, 33.0, 9.0, 8.0, 9.0, 8.0, 8.0, 35.0, 47.0, 30.0, 9.0, 1.0, 29.0, 7.0, 22.0, 3.0, 41.0, 19.0, 10.0, 15.0, 26.0, 19.0, 35.0, 54.0, 37.0, 4.0, 4.0, 21.0, 20.0, 14.0, 23.0, 4.0, 8.0, 22.0, 64.0, 26.0, 48.0, 16.0, 66.0, 34.0, 18.0, 21.0, 6.0, 2.0, 9.0, 36.0, 1.0, 9.0, 45.0, 24.0, 4.0, 10.0, 18.0, 85.0, 30.0, 6.0, 2.0, 4.0, 3.0, 17.0, 29.0, 1.0, 49.0, 4.0, 9.0, 61.0, 6.0, 6.0, 6.0, 13.0, 41.0, 34.0, 10.0, 3.0, 18.0, 42.0, 1.0, 3.0, 66.0, 29.0, 22.0, 8.0, 35.0, 40.0, 4.0, 11.0, 6.0, 28.0, 16.0, 53.0, 110.0, 13.0, 9.0, 49.0, 10.0, 36.0, 15.0, 25.0, 13.0, 4.0, 35.0, 22.0, 11.0, 104.0, 41.0, 17.0, 5.0, 9.0, 8.0, 81.0, 4.0, 1.0, 11.0, 10.0, 9.0, 1.0, 27.0, 49.0, 16.0, 10.0, 21.0, 29.0, 41.0, 11.0, 13.0, 3.0, 11.0, 28.0, 21.0, 18.0, 4.0, 3.0, 28.0, 39.0, 59.0, 21.0, 10.0, 7.0, 28.0, 6.0, 3.0, 16.0, 16.0, 25.0, 15.0, 1.0, 9.0, 7.0, 6.0, 12.0, 5.0, 4.0, 47.0, 41.0, 25.0, 49.0, 22.0, 25.0, 49.0, 19.0, 3.0, 1.0, 10.0, 12.0, 3.0, 9.0, 1.0, 36.0, 60.0, 19.0, 11.0, 80.0, 9.0, 36.0, 21.0, 4.0, 30.0, 28.0, 20.0, 11.0, 23.0, 44.0, 22.0, 2.0, 12.0, 1.0, 6.0, 12.0, 15.0, 23.0, 4.0, 8.0, 12.0, 15.0, 26.0, 4.0, 26.0, 109.0, 23.0, 34.0, 8.0, 11.0, 5.0, 19.0, 7.0, 20.0, 39.0, 18.0, 7.0, 2.0, 19.0, 70.0, 36.0, 42.0, 27.0, 3.0, 13.0, 9.0, 8.0, 5.0, 5.0, 6.0, 34.0, 7.0, 19.0, 2.0, 33.0, 10.0, 12.0, 30.0, 17.0, 72.0, 35.0, 8.0, 52.0, 22.0, 32.0, 34.0, 1.0, 9.0, 12.0, 9.0, 19.0, 32.0, 46.0, 5.0, 10.0, 44.0, 1.0, 5.0, 10.0, 34.0, 10.0, 33.0, 1.0, 28.0, 26.0, 8.0, 24.0, 14.0, 54.0, 2.0, 30.0, 42.0, 14.0, 40.0, 13.0, 19.0, 29.0, 8.0, 1.0, 31.0, 5.0, 30.0, 12.0, 9.0, 35.0, 1.0, 9.0, 3.0, 4.0, 5.0, 20.0, 13.0, 23.0, 5.0, 13.0, 42.0, 23.0, 2.0, 14.0, 23.0, 26.0, 11.0, 3.0, 1.0, 39.0, 2.0, 12.0, 29.0, 3.0, 22.0, 18.0, 43.0, 16.0, 93.0, 26.0, 10.0, 7.0, 10.0, 8.0, 21.0, 48.0, 2.0, 18.0, 12.0, 32.0, 1.0, 8.0, 36.0, 54.0, 37.0, 54.0, 27.0, 64.0, 29.0, 11.0, 19.0, 1.0, 8.0, 20.0, 25.0, 8.0, 7.0, 3.0, 9.0, 29.0, 8.0, 16.0, 4.0, 30.0, 23.0, 6.0, 10.0, 27.0, 41.0, 8.0, 8.0, 6.0, 22.0, 20.0, 46.0, 10.0, 5.0, 1.0, 24.0, 15.0, 6.0, 32.0, 4.0, 20.0, 3.0, 2.0, 2.0, 14.0, 22.0, 39.0, 22.0, 11.0, 26.0, 14.0, 6.0, 18.0, 34.0, 11.0, 2.0, 35.0, 7.0, 3.0, 27.0, 8.0, 50.0, 28.0, 44.0, 18.0, 4.0, 7.0, 32.0, 6.0, 20.0, 32.0, 34.0, 49.0, 12.0, 59.0, 10.0, 26.0, 20.0, 28.0, 8.0, 7.0, 6.0, 5.0, 27.0, 14.0, 11.0, 13.0, 14.0, 8.0, 16.0, 7.0, 31.0, 24.0, 7.0, 51.0, 10.0, 18.0, 34.0, 40.0, 14.0, 75.0, 20.0, 19.0, 2.0, 12.0, 16.0, 26.0, 4.0, 20.0, 109.0, 29.0, 34.0, 20.0, 68.0, 11.0, 20.0, 26.0, 23.0, 2.0, 17.0, 6.0, 12.0, 11.0, 8.0, 11.0, 27.0, 4.0, 12.0, 12.0, 9.0, 2.0, 6.0, 2.0, 15.0, 12.0, 7.0, 22.0, 6.0, 41.0, 4.0, 33.0, 2.0, 1.0, 4.0, 30.0, 38.0, 5.0, 10.0, 24.0, 28.0, 46.0, 2.0, 6.0, 18.0, 13.0, 4.0, 12.0, 35.0, 17.0, 40.0, 7.0, 21.0, 7.0, 9.0, 40.0, 37.0, 10.0, 14.0, 3.0, 2.0, 4.0, 10.0, 47.0, 21.0, 4.0, 8.0, 40.0, 85.0, 7.0, 20.0, 39.0, 11.0, 12.0, 20.0, 4.0, 8.0, 8.0, 16.0, 33.0, 29.0, 10.0, 83.0, 7.0, 5.0, 47.0, 11.0, 14.0, 4.0, 91.0, 5.0, 25.0, 18.0, 32.0, 9.0, 28.0, 20.0, 15.0, 27.0, 27.0, 1.0, 13.0, 12.0, 10.0, 9.0, 11.0, 33.0, 6.0, 36.0, 34.0, 1.0, 22.0, 30.0, 11.0, 61.0, 23.0, 5.0, 24.0, 20.0, 2.0, 2.0, 35.0, 6.0, 19.0, 32.0, 40.0, 7.0, 4.0, 72.0, 2.0, 63.0, 4.0, 35.0, 6.0, 13.0, 27.0, 11.0, 38.0, 2.0, 12.0, 36.0, 7.0, 24.0, 4.0, 9.0, 1.0, 49.0, 21.0, 6.0, 9.0, 17.0, 14.0, 47.0, 21.0, 2.0, 24.0, 11.0, 50.0, 10.0, 34.0, 17.0, 8.0, 56.0, 8.0, 11.0, 1.0, 24.0, 6.0, 11.0, 8.0, 7.0, 43.0, 11.0, 34.0, 4.0, 53.0, 5.0, 1.0, 23.0, 11.0, 8.0, 46.0, 6.0, 35.0, 22.0, 22.0, 41.0, 19.0, 43.0, 5.0, 14.0, 8.0, 11.0, 15.0, 8.0, 9.0, 125.0, 10.0, 65.0, 20.0, 63.0, 7.0, 9.0, 19.0, 1.0, 20.0, 10.0, 65.0, 39.0, 19.0, 27.0, 9.0, 3.0, 4.0, 30.0, 46.0, 13.0, 35.0, 13.0, 1.0, 26.0, 45.0, 4.0, 2.0, 51.0, 1.0, 11.0, 6.0, 11.0, 16.0, 7.0, 13.0, 31.0, 26.0, 7.0, 4.0, 8.0, 23.0, 23.0, 13.0, 1.0, 20.0, 21.0, 74.0, 4.0, 6.0, 9.0, 22.0, 8.0, 10.0, 13.0, 10.0, 96.0, 3.0, 48.0, 38.0, 11.0, 14.0, 44.0, 27.0, 4.0, 9.0, 5.0, 10.0, 29.0, 25.0, 22.0, 21.0, 4.0, 70.0, 1.0, 10.0, 23.0, 28.0, 4.0, 29.0, 45.0, 3.0, 10.0, 45.0, 28.0, 5.0, 2.0, 30.0, 3.0, 10.0, 12.0, 11.0, 35.0, 10.0, 9.0, 11.0, 29.0, 4.0, 2.0, 11.0, 27.0, 28.0] 

SGT times
 [18.0, 26.0, 25.0, 18.0, 13.0, 50.0, 4.0, 7.0, 6.0, 9.0, 9.0, 4.0, 4.0, 12.0, 31.0, 32.0, 6.0, 44.0, 22.0, 22.0, 38.0, 31.0, 56.0, 12.0, 59.0, 32.0, 15.0, 2.0, 24.0, 12.0, 5.0, 24.0, 9.0, 7.0, 22.0, 54.0, 13.0, 16.0, 9.0, 12.0, 24.0, 1.0, 11.0, 7.0, 6.0, 17.0, 6.0, 10.0, 4.0, 23.0, 4.0, 20.0, 48.0, 33.0, 10.0, 2.0, 24.0, 64.0, 12.0, 21.0, 13.0, 10.0, 35.0, 1.0, 15.0, 31.0, 6.0, 6.0, 5.0, 23.0, 3.0, 5.0, 2.0, 51.0, 12.0, 12.0, 62.0, 15.0, 63.0, 6.0, 17.0, 39.0, 6.0, 3.0, 3.0, 37.0, 12.0, 11.0, 23.0, 1.0, 22.0, 7.0, 45.0, 44.0, 27.0, 40.0, 29.0, 20.0, 21.0, 12.0, 16.0, 14.0, 42.0, 7.0, 12.0, 36.0, 7.0, 30.0, 103.0, 10.0, 54.0, 37.0, 2.0, 21.0, 14.0, 8.0, 13.0, 8.0, 49.0, 16.0, 6.0, 15.0, 20.0, 17.0, 2.0, 23.0, 3.0, 36.0, 6.0, 53.0, 35.0, 39.0, 11.0, 1.0, 14.0, 40.0, 37.0, 13.0, 78.0, 64.0, 53.0, 9.0, 23.0, 9.0, 50.0, 32.0, 14.0, 5.0, 22.0, 43.0, 2.0, 1.0, 42.0, 3.0, 17.0, 27.0, 14.0, 4.0, 65.0, 8.0, 3.0, 46.0, 11.0, 38.0, 19.0, 27.0, 12.0, 34.0, 36.0, 12.0, 32.0, 4.0, 21.0, 6.0, 9.0, 42.0, 19.0, 46.0, 21.0, 37.0, 1.0, 6.0, 24.0, 39.0, 1.0, 5.0, 18.0, 32.0, 1.0, 38.0, 57.0, 13.0, 12.0, 6.0, 6.0, 6.0, 47.0, 67.0, 34.0, 14.0, 38.0, 18.0, 47.0, 71.0, 45.0, 3.0, 26.0, 2.0, 13.0, 1.0, 80.0, 4.0, 12.0, 17.0, 13.0, 3.0, 39.0, 8.0, 20.0, 56.0, 7.0, 51.0, 51.0, 21.0, 3.0, 35.0, 41.0, 6.0, 11.0, 21.0, 12.0, 8.0, 5.0, 8.0, 1.0, 2.0, 9.0, 13.0, 12.0, 39.0, 67.0, 45.0, 11.0, 24.0, 45.0, 14.0, 26.0, 28.0, 51.0, 89.0, 18.0, 8.0, 4.0, 10.0, 12.0, 6.0, 15.0, 9.0, 41.0, 1.0, 30.0, 6.0, 30.0, 13.0, 33.0, 34.0, 1.0, 1.0, 31.0, 29.0, 1.0, 42.0, 13.0, 15.0, 10.0, 32.0, 53.0, 43.0, 47.0, 56.0, 11.0, 3.0, 1.0, 13.0, 8.0, 8.0, 56.0, 32.0, 39.0, 10.0, 47.0, 30.0, 14.0, 25.0, 15.0, 45.0, 55.0, 14.0, 5.0, 27.0, 36.0, 5.0, 68.0, 3.0, 1.0, 21.0, 80.0, 54.0, 26.0, 30.0, 5.0, 22.0, 7.0, 36.0, 4.0, 15.0, 17.0, 40.0, 1.0, 8.0, 20.0, 13.0, 44.0, 14.0, 14.0, 7.0, 17.0, 4.0, 12.0, 6.0, 23.0, 11.0, 40.0, 49.0, 7.0, 13.0, 46.0, 33.0, 3.0, 8.0, 15.0, 31.0, 19.0, 9.0, 29.0, 60.0, 24.0, 4.0, 27.0, 79.0, 6.0, 16.0, 25.0, 10.0, 15.0, 43.0, 1.0, 35.0, 5.0, 45.0, 39.0, 12.0, 15.0, 32.0, 33.0, 27.0, 24.0, 11.0, 22.0, 20.0, 55.0, 3.0, 10.0, 101.0, 1.0, 36.0, 96.0, 23.0, 2.0, 37.0, 34.0, 19.0, 27.0, 39.0, 11.0, 65.0, 1.0, 50.0, 35.0, 12.0, 18.0, 59.0, 18.0, 7.0, 39.0, 13.0, 5.0, 17.0, 17.0, 21.0, 32.0, 16.0, 28.0, 2.0, 18.0, 7.0, 11.0, 18.0, 6.0, 3.0, 3.0, 14.0, 37.0, 15.0, 51.0, 22.0, 12.0, 21.0, 8.0, 49.0, 9.0, 38.0, 7.0, 54.0, 40.0, 61.0, 48.0, 29.0, 33.0, 18.0, 19.0, 24.0, 17.0, 18.0, 61.0, 11.0, 38.0, 24.0, 10.0, 7.0, 22.0, 27.0, 15.0, 4.0, 76.0, 14.0, 20.0, 10.0, 14.0, 55.0, 66.0, 21.0, 17.0, 15.0, 29.0, 23.0, 46.0, 21.0, 16.0, 13.0, 1.0, 42.0, 85.0, 27.0, 32.0, 1.0, 28.0, 14.0, 22.0, 23.0, 27.0, 30.0, 77.0, 65.0, 10.0, 11.0, 43.0, 67.0, 18.0, 16.0, 25.0, 63.0, 4.0, 5.0, 44.0, 10.0, 24.0, 42.0, 20.0, 1.0, 1.0, 18.0, 9.0, 24.0, 109.0, 29.0, 35.0, 13.0, 14.0, 48.0, 7.0, 9.0, 57.0, 14.0, 16.0, 29.0, 62.0, 25.0, 2.0, 22.0, 4.0, 11.0, 29.0, 7.0, 13.0, 20.0, 33.0, 16.0, 3.0, 3.0, 7.0, 18.0, 10.0, 56.0, 7.0, 57.0, 5.0, 27.0, 15.0, 1.0, 5.0, 72.0, 22.0, 7.0, 27.0, 9.0, 64.0, 3.0, 27.0, 38.0, 28.0, 19.0, 1.0, 19.0, 1.0, 48.0, 21.0, 1.0, 85.0, 8.0, 6.0, 7.0, 3.0, 24.0, 58.0, 14.0, 61.0, 36.0, 12.0, 9.0, 49.0, 33.0, 2.0, 19.0, 10.0, 58.0, 65.0, 7.0, 12.0, 19.0, 13.0, 40.0, 63.0, 28.0, 41.0, 69.0, 2.0, 41.0, 34.0, 27.0, 34.0, 19.0, 17.0, 1.0, 41.0, 9.0, 45.0, 15.0, 54.0, 28.0, 20.0, 11.0, 21.0, 12.0, 20.0, 9.0, 2.0, 13.0, 7.0, 28.0, 15.0, 46.0, 11.0, 5.0, 40.0, 13.0, 7.0, 79.0, 88.0, 2.0, 11.0, 63.0, 19.0, 49.0, 4.0, 29.0, 5.0, 43.0, 35.0, 44.0, 82.0, 31.0, 7.0, 22.0, 2.0, 13.0, 1.0, 11.0, 50.0, 37.0, 33.0, 13.0, 11.0, 12.0, 5.0, 9.0, 39.0, 14.0, 1.0, 48.0, 36.0, 56.0, 44.0, 29.0, 32.0, 24.0, 12.0, 27.0, 40.0, 15.0, 21.0, 32.0, 7.0, 55.0, 18.0, 70.0, 11.0, 4.0, 1.0, 16.0, 31.0, 1.0, 24.0, 19.0, 67.0, 24.0, 1.0, 30.0, 25.0, 15.0, 18.0, 3.0, 23.0, 6.0, 53.0, 4.0, 17.0, 19.0, 9.0, 11.0, 17.0, 13.0, 8.0, 12.0, 1.0, 3.0, 7.0, 16.0, 58.0, 37.0, 57.0, 14.0, 51.0, 22.0, 65.0, 9.0, 18.0, 14.0, 32.0, 11.0, 87.0, 3.0, 1.0, 11.0, 74.0, 57.0, 18.0, 42.0, 32.0, 11.0, 31.0, 3.0, 23.0, 35.0, 2.0, 11.0, 17.0, 60.0, 53.0, 25.0, 10.0, 6.0, 13.0, 22.0, 27.0, 18.0, 46.0, 58.0, 13.0, 9.0, 35.0, 15.0, 4.0, 9.0, 2.0, 37.0, 26.0, 15.0, 48.0, 13.0, 18.0, 12.0, 27.0, 1.0, 19.0, 34.0, 14.0, 12.0, 2.0, 5.0, 12.0, 34.0, 14.0, 8.0, 24.0, 5.0, 11.0, 78.0, 39.0, 7.0, 7.0, 32.0, 23.0, 62.0, 4.0, 9.0, 55.0, 1.0, 8.0, 8.0, 1.0, 46.0, 48.0, 24.0, 13.0, 32.0, 26.0, 11.0, 24.0, 12.0, 11.0, 86.0, 21.0, 58.0, 24.0, 34.0, 2.0, 68.0, 9.0, 15.0, 95.0, 38.0, 27.0, 17.0, 67.0, 24.0, 14.0, 24.0, 53.0, 24.0, 13.0, 7.0, 33.0, 11.0, 23.0, 21.0, 28.0, 7.0, 20.0, 26.0, 10.0, 50.0, 13.0, 46.0, 23.0, 16.0, 1.0, 6.0, 85.0, 27.0, 19.0, 2.0, 32.0, 20.0, 6.0, 5.0, 22.0, 23.0, 26.0, 2.0, 2.0, 12.0, 109.0, 23.0, 43.0, 18.0, 60.0, 43.0, 42.0, 10.0, 9.0, 5.0, 56.0, 47.0, 47.0, 61.0, 4.0, 28.0, 8.0, 5.0, 13.0, 22.0, 14.0, 13.0, 25.0, 15.0, 28.0, 8.0, 40.0, 53.0, 7.0, 18.0, 19.0, 40.0, 5.0, 1.0, 26.0, 1.0, 3.0, 45.0, 24.0, 32.0, 26.0, 60.0, 23.0, 11.0, 50.0, 43.0, 11.0, 25.0, 10.0, 8.0, 34.0, 27.0, 18.0, 5.0, 21.0, 2.0, 2.0, 8.0, 13.0, 4.0, 41.0, 23.0, 9.0, 28.0, 42.0, 34.0, 65.0, 58.0, 38.0, 32.0, 18.0, 10.0, 27.0, 5.0, 13.0, 11.0, 14.0, 28.0, 20.0, 30.0, 76.0, 27.0, 70.0, 22.0, 8.0, 41.0, 4.0, 22.0, 15.0, 13.0, 82.0, 44.0, 10.0, 30.0, 4.0, 20.0, 67.0, 13.0, 1.0, 37.0, 23.0, 1.0, 21.0, 6.0, 40.0, 38.0, 1.0, 9.0, 21.0, 2.0, 7.0, 69.0, 24.0, 20.0, 87.0, 13.0, 9.0, 49.0, 9.0, 9.0, 6.0, 16.0, 35.0, 31.0, 37.0, 18.0, 23.0, 16.0, 38.0, 33.0, 74.0, 68.0, 1.0, 12.0, 2.0, 29.0, 4.0, 23.0, 75.0, 54.0, 44.0, 15.0, 18.0, 28.0, 3.0, 23.0, 7.0, 1.0, 39.0, 14.0, 11.0, 103.0, 20.0, 61.0, 38.0, 5.0, 25.0, 8.0, 24.0, 17.0, 12.0, 24.0, 15.0, 21.0, 19.0, 6.0, 15.0, 13.0, 27.0, 35.0, 4.0, 1.0, 37.0, 11.0, 15.0, 11.0, 12.0, 56.0, 10.0, 14.0, 1.0, 9.0, 9.0, 13.0, 10.0, 25.0, 16.0, 18.0, 16.0, 25.0, 18.0, 38.0, 22.0, 43.0, 20.0, 1.0, 13.0, 23.0, 5.0, 29.0, 2.0, 1.0, 12.0, 13.0, 82.0, 21.0, 8.0, 36.0, 79.0, 24.0, 11.0, 33.0, 14.0, 74.0, 40.0, 37.0, 18.0, 45.0, 2.0, 10.0, 19.0, 24.0, 17.0, 26.0, 20.0, 19.0, 7.0, 1.0, 59.0, 5.0, 5.0, 23.0, 46.0, 1.0, 39.0, 50.0, 37.0, 29.0, 49.0, 55.0, 38.0, 29.0, 10.0, 29.0, 50.0, 18.0, 1.0, 1.0, 25.0, 7.0, 39.0, 39.0, 8.0, 21.0, 2.0, 8.0, 37.0, 16.0, 4.0, 35.0, 6.0, 26.0, 11.0, 3.0, 7.0, 26.0, 21.0, 17.0, 35.0, 16.0, 20.0, 8.0, 4.0, 11.0, 1.0, 24.0, 32.0, 19.0, 36.0, 1.0, 6.0, 14.0, 7.0, 9.0, 11.0, 7.0, 21.0, 17.0, 5.0, 28.0, 62.0, 40.0, 2.0, 5.0, 19.0, 8.0, 4.0, 49.0, 35.0, 1.0, 1.0, 5.0, 67.0, 6.0, 9.0, 22.0, 15.0, 14.0, 61.0, 43.0, 55.0, 5.0, 52.0, 42.0, 63.0, 33.0, 3.0, 49.0, 13.0, 74.0, 1.0, 21.0, 8.0, 15.0, 3.0, 53.0, 11.0, 45.0, 57.0, 78.0, 6.0, 12.0, 37.0, 26.0, 26.0, 38.0, 13.0, 26.0, 34.0, 29.0, 44.0, 24.0, 14.0, 12.0, 45.0, 5.0, 5.0, 9.0, 28.0, 23.0, 23.0, 28.0, 32.0, 13.0, 32.0, 25.0, 12.0, 10.0, 17.0, 4.0, 5.0, 20.0, 55.0, 3.0, 3.0, 34.0, 43.0, 71.0, 25.0, 8.0, 27.0, 44.0, 9.0, 12.0, 33.0, 19.0, 15.0, 25.0, 24.0, 20.0, 19.0, 4.0, 42.0, 49.0, 19.0, 21.0, 8.0, 4.0, 13.0, 28.0, 35.0, 51.0, 26.0, 35.0, 24.0, 44.0, 32.0, 35.0, 12.0, 33.0, 32.0, 34.0, 1.0, 61.0, 23.0, 22.0, 62.0, 18.0, 22.0, 103.0, 22.0, 2.0, 49.0, 14.0, 20.0, 9.0, 33.0, 11.0, 64.0, 2.0, 11.0, 18.0, 10.0, 19.0, 23.0, 27.0, 10.0, 12.0, 3.0, 19.0, 10.0, 32.0, 8.0, 21.0, 3.0, 32.0, 8.0, 27.0, 19.0, 7.0, 30.0, 50.0, 8.0, 15.0, 13.0, 65.0, 5.0, 73.0, 3.0, 7.0, 6.0, 37.0, 45.0, 20.0, 42.0, 27.0, 33.0, 15.0, 9.0, 19.0, 22.0, 55.0, 16.0, 9.0, 2.0, 51.0, 1.0, 80.0, 10.0, 56.0, 17.0, 8.0, 10.0, 61.0, 1.0, 21.0, 8.0, 10.0, 52.0, 24.0, 19.0, 48.0, 59.0, 34.0, 35.0, 21.0, 21.0, 7.0, 30.0, 17.0, 27.0, 9.0, 6.0, 25.0, 1.0, 22.0, 7.0, 9.0, 7.0, 10.0, 58.0, 56.0, 40.0, 66.0, 39.0, 17.0, 51.0, 19.0, 82.0, 29.0, 21.0, 21.0, 1.0, 33.0, 5.0, 2.0, 1.0, 5.0, 7.0, 2.0, 33.0, 31.0, 17.0, 1.0, 7.0, 9.0, 135.0, 10.0, 1.0, 27.0, 58.0, 3.0, 65.0, 8.0, 1.0, 7.0, 11.0, 39.0, 12.0, 33.0, 42.0, 18.0, 57.0, 11.0, 8.0, 4.0, 26.0, 15.0, 33.0, 41.0, 16.0, 39.0, 50.0, 4.0, 11.0, 7.0, 19.0, 38.0, 10.0, 24.0, 9.0, 5.0, 19.0, 27.0, 56.0, 5.0, 38.0, 3.0, 15.0, 9.0, 131.0, 35.0, 9.0, 27.0, 14.0, 80.0, 64.0, 11.0, 3.0, 19.0, 14.0, 11.0, 4.0, 77.0, 51.0, 56.0, 41.0, 1.0, 6.0, 13.0, 2.0, 23.0, 67.0, 59.0, 27.0, 6.0, 1.0, 32.0, 18.0, 56.0, 32.0, 9.0, 54.0, 9.0, 5.0, 20.0, 23.0, 11.0, 14.0, 11.0, 18.0, 37.0, 27.0, 14.0, 5.0, 6.0, 27.0, 18.0, 41.0, 44.0, 11.0, 55.0, 39.0, 55.0, 15.0, 19.0, 13.0, 39.0, 80.0, 19.0, 7.0, 19.0, 99.0, 11.0, 14.0, 15.0, 24.0, 30.0, 59.0, 39.0, 25.0, 3.0, 9.0, 34.0, 53.0, 10.0, 8.0, 3.0, 9.0, 9.0, 6.0, 6.0, 41.0, 11.0, 38.0, 66.0, 18.0, 47.0, 66.0, 13.0, 18.0, 21.0, 27.0, 6.0, 11.0, 15.0, 23.0, 54.0, 15.0, 11.0, 47.0, 50.0, 15.0, 5.0, 12.0, 21.0, 4.0, 11.0, 37.0, 71.0, 4.0, 36.0, 14.0, 16.0, 3.0, 11.0, 26.0, 56.0, 32.0, 73.0, 16.0, 23.0, 37.0, 5.0, 10.0, 6.0, 31.0, 26.0, 12.0, 21.0, 5.0, 24.0, 14.0, 51.0, 23.0, 44.0, 74.0, 20.0, 26.0, 10.0, 2.0, 7.0, 28.0, 23.0, 6.0, 13.0, 23.0, 59.0, 4.0, 29.0, 1.0, 22.0, 1.0, 33.0, 32.0, 76.0, 4.0, 21.0, 4.0, 20.0, 4.0, 1.0, 76.0, 19.0, 16.0, 9.0, 34.0, 56.0, 32.0, 14.0, 23.0, 27.0, 31.0, 42.0, 49.0, 19.0, 60.0, 55.0, 60.0, 50.0, 2.0, 9.0, 16.0, 33.0, 44.0, 2.0, 33.0, 7.0, 7.0, 29.0, 61.0, 11.0, 6.0, 38.0, 8.0, 8.0, 17.0, 69.0, 25.0, 28.0, 12.0, 15.0, 42.0, 2.0, 15.0, 36.0, 36.0, 30.0, 10.0, 39.0, 10.0, 1.0, 3.0, 24.0, 58.0, 77.0, 34.0, 31.0, 49.0, 2.0, 26.0, 66.0, 72.0, 40.0, 56.0, 13.0, 50.0, 2.0, 132.0, 1.0, 13.0, 30.0, 50.0, 12.0, 24.0, 61.0, 6.0, 23.0, 29.0, 1.0, 21.0, 15.0, 32.0, 60.0, 37.0, 17.0, 12.0, 41.0, 30.0, 65.0, 15.0, 23.0, 23.0, 8.0, 11.0, 5.0, 7.0, 6.0, 17.0, 7.0, 7.0, 8.0, 47.0, 78.0, 48.0, 10.0, 4.0, 6.0, 1.0, 1.0, 24.0, 41.0, 23.0, 9.0, 11.0, 16.0, 30.0, 9.0, 57.0, 5.0, 69.0, 4.0, 2.0, 16.0, 5.0, 7.0, 16.0, 1.0, 9.0, 15.0, 35.0, 24.0, 18.0, 9.0, 58.0, 53.0, 3.0, 2.0, 1.0, 23.0, 43.0, 23.0, 7.0, 56.0, 52.0, 30.0, 7.0, 4.0, 17.0, 17.0, 23.0, 4.0, 29.0, 90.0, 11.0, 5.0, 25.0, 70.0, 1.0, 26.0, 22.0, 10.0, 99.0, 48.0, 30.0, 35.0, 3.0, 20.0, 10.0, 40.0, 12.0, 19.0, 19.0, 24.0, 19.0, 65.0, 72.0, 34.0, 46.0, 2.0, 1.0, 11.0, 11.0, 31.0, 19.0, 11.0, 13.0, 9.0, 29.0, 42.0, 35.0, 9.0, 33.0, 28.0, 28.0, 1.0, 2.0, 8.0, 18.0, 6.0, 16.0, 55.0, 19.0, 8.0, 20.0, 8.0, 9.0, 4.0, 25.0, 23.0, 15.0, 20.0, 3.0, 11.0, 24.0, 5.0, 49.0, 1.0, 56.0, 60.0, 38.0, 19.0, 25.0, 5.0, 24.0, 5.0, 6.0, 26.0, 73.0, 77.0, 62.0, 7.0, 8.0, 18.0, 42.0, 15.0, 11.0, 21.0, 22.0, 17.0, 21.0, 5.0, 5.0, 2.0, 17.0, 11.0, 73.0, 34.0, 8.0, 21.0, 24.0, 4.0, 11.0, 85.0, 93.0, 4.0, 32.0, 27.0, 4.0, 10.0, 15.0, 11.0]
