avgTJ:  17.773969631236444
stdDvTJ:  20.079227437345367
avgTJ without 0:  20.241600790513836
stdDvTJ without 0:  20.228717616542127
maxTJ:  27.7
minTJ:  10.233333333333333

avgTT:  19.875
stdDvTT:  17.645654288230297
avgTT without 0:  19.875
stdDvTT without 0:  17.645654288230297
maxTT:  32.1
minTT:  6.555555555555555

avgTotT:  20.620378999689343
stdDvTotT:  19.926800677869807
avgTotT without 0:  21.13917197452229
stdDvTotT without 0:  19.902278634763732
maxTotT:  28.325
minTotT:  12.794871794871796

avgMGT:  20.505750699409386
stdDvMGT:  19.727142004842552
avgMGT without 0:  21.028689831048773
stdDvMGT without 0:  19.69994407590905
maxMGT:  28.3
minMGT:  12.794871794871796

avgSGT:  11.476190476190476
stdDvSGT:  13.882565453934168
avgSGT without 0:  11.476190476190476
stdDvSGT without 0:  13.882565453934168
maxSGT:  54.0
minSGT:  1.0

free lanes %:  37.82397053019339 %, number of free traverse:  2875 num of traverse 7601
number of times in traffic %:  16.182081305091437 %, numero di volte nel traffico:  1230 num of traverse 7601
not free passage %:  62.53124588869886 %, number of not free passage:  4753 num of traverse 7601
junction times
 [20.0, 41.0, 2.0, 11.0, 22.0, 8.0, 38.0, 40.0, 33.0, 14.0, 8.0, 49.0, 27.0, 18.0, 22.0, 7.0, 29.0, 59.0, 4.0, 49.0, 12.0, 46.0, 45.0, 26.0, 39.0, 31.0, 35.0, 31.0, 32.0, 14.0, 21.0, 2.0, 4.0, 52.0, 64.0, 3.0, 29.0, 18.0, 35.0, 9.0, 19.0, 38.0, 42.0, 3.0, 9.0, 11.0, 25.0, 24.0, 4.0, 3.0, 100.0, 10.0, 35.0, 19.0, 10.0, 13.0, 22.0, 17.0, 24.0, 16.0, 27.0, 10.0, 2.0, 1.0, 25.0, 63.0, 48.0, 107.0, 26.0, 29.0, 4.0, 8.0, 43.0, 15.0, 18.0, 49.0, 15.0, 19.0, 23.0, 1.0, 24.0, 7.0, 12.0, 13.0, 35.0, 93.0, 1.0, 8.0, 9.0, 4.0, 7.0, 4.0, 19.0, 9.0, 9.0, 1.0, 13.0, 18.0, 6.0, 1.0, 12.0, 43.0, 3.0, 43.0, 2.0, 88.0, 45.0, 31.0, 9.0, 16.0, 55.0, 10.0, 31.0, 34.0, 7.0, 35.0, 45.0, 1.0, 39.0, 1.0, 1.0, 13.0, 8.0, 25.0, 6.0, 13.0, 29.0, 11.0, 91.0, 18.0, 5.0, 7.0, 9.0, 2.0, 10.0, 32.0, 36.0, 28.0, 26.0, 4.0, 9.0, 33.0, 64.0, 13.0, 18.0, 8.0, 20.0, 19.0, 10.0, 8.0, 18.0, 4.0, 16.0, 6.0, 51.0, 13.0, 29.0, 17.0, 3.0, 11.0, 9.0, 2.0, 35.0, 19.0, 24.0, 8.0, 32.0, 48.0, 16.0, 2.0, 15.0, 48.0, 5.0, 9.0, 10.0, 5.0, 14.0, 22.0, 9.0, 1.0, 131.0, 12.0, 20.0, 5.0, 1.0, 13.0, 7.0, 11.0, 3.0, 9.0, 8.0, 2.0, 75.0, 9.0, 7.0, 16.0, 12.0, 9.0, 5.0, 5.0, 15.0, 11.0, 6.0, 14.0, 13.0, 6.0, 10.0, 11.0, 43.0, 26.0, 7.0, 53.0, 19.0, 9.0, 5.0, 33.0, 2.0, 10.0, 8.0, 10.0, 3.0, 6.0, 1.0, 6.0, 41.0, 23.0, 5.0, 4.0, 1.0, 68.0, 3.0, 4.0, 16.0, 34.0, 8.0, 4.0, 2.0, 10.0, 41.0, 2.0, 56.0, 11.0, 12.0, 19.0, 4.0, 29.0, 27.0, 4.0, 1.0, 16.0, 20.0, 9.0, 7.0, 22.0, 5.0, 31.0, 9.0, 12.0, 8.0, 11.0, 14.0, 13.0, 16.0, 20.0, 15.0, 38.0, 33.0, 10.0, 8.0, 60.0, 4.0, 34.0, 5.0, 22.0, 25.0, 21.0, 25.0, 30.0, 4.0, 4.0, 32.0, 4.0, 31.0, 15.0, 69.0, 33.0, 9.0, 5.0, 66.0, 7.0, 4.0, 56.0, 8.0, 4.0, 17.0, 61.0, 22.0, 16.0, 27.0, 4.0, 19.0, 10.0, 2.0, 18.0, 2.0, 27.0, 53.0, 9.0, 28.0, 10.0, 67.0, 6.0, 15.0, 33.0, 15.0, 1.0, 111.0, 17.0, 25.0, 21.0, 51.0, 4.0, 5.0, 7.0, 35.0, 18.0, 97.0, 8.0, 7.0, 22.0, 9.0, 32.0, 81.0, 46.0, 25.0, 33.0, 18.0, 5.0, 22.0, 48.0, 3.0, 40.0, 6.0, 35.0, 12.0, 38.0, 16.0, 10.0, 7.0, 9.0, 22.0, 48.0, 20.0, 19.0, 1.0, 7.0, 36.0, 47.0, 11.0, 5.0, 18.0, 8.0, 3.0, 9.0, 2.0, 131.0, 9.0, 5.0, 2.0, 5.0, 69.0, 2.0, 9.0, 133.0, 31.0, 16.0, 9.0, 14.0, 6.0, 48.0, 22.0, 29.0, 14.0, 1.0, 13.0, 16.0, 19.0, 2.0, 21.0, 1.0, 30.0, 7.0, 4.0, 12.0, 53.0, 48.0, 1.0, 17.0, 23.0, 14.0, 25.0, 5.0, 17.0, 6.0, 3.0, 18.0, 19.0, 3.0, 59.0, 23.0, 3.0, 14.0, 68.0, 32.0, 12.0, 23.0, 11.0, 17.0, 4.0, 9.0, 22.0, 21.0, 5.0, 136.0, 22.0, 30.0, 52.0, 29.0, 26.0, 24.0, 20.0, 3.0, 3.0, 18.0, 21.0, 3.0, 3.0, 6.0, 20.0, 7.0, 6.0, 18.0, 48.0, 4.0, 21.0, 4.0, 1.0, 19.0, 37.0, 37.0, 10.0, 6.0, 14.0, 21.0, 24.0, 26.0, 38.0, 49.0, 28.0, 3.0, 39.0, 20.0, 4.0, 10.0, 3.0, 24.0, 9.0, 8.0, 13.0, 10.0, 19.0, 48.0, 1.0, 18.0, 13.0, 9.0, 2.0, 3.0, 43.0, 62.0, 7.0, 17.0, 42.0, 66.0, 6.0, 10.0, 9.0, 44.0, 30.0, 14.0, 30.0, 11.0, 39.0, 3.0, 14.0, 14.0, 9.0, 18.0, 14.0, 5.0, 19.0, 10.0, 2.0, 3.0, 4.0, 6.0, 29.0, 11.0, 8.0, 17.0, 39.0, 7.0, 14.0, 7.0, 46.0, 40.0, 5.0, 17.0, 3.0, 51.0, 9.0, 9.0, 7.0, 10.0, 13.0, 4.0, 27.0, 38.0, 7.0, 16.0, 1.0, 20.0, 21.0, 1.0, 8.0, 18.0, 1.0, 23.0, 8.0, 28.0, 22.0, 17.0, 39.0, 1.0, 26.0, 9.0, 16.0, 11.0, 39.0, 40.0, 23.0, 17.0, 16.0, 15.0, 6.0, 89.0, 12.0, 8.0, 16.0, 19.0, 4.0, 16.0, 5.0, 20.0, 12.0, 30.0, 2.0, 11.0, 23.0, 3.0, 11.0, 20.0, 36.0, 2.0, 17.0, 5.0, 17.0, 28.0, 36.0, 9.0, 2.0, 6.0, 5.0, 1.0, 21.0, 31.0, 2.0, 17.0, 11.0, 48.0, 10.0, 14.0, 15.0, 11.0, 40.0, 3.0, 10.0, 84.0, 38.0, 1.0, 9.0, 13.0, 22.0, 27.0, 9.0, 2.0, 25.0, 37.0, 26.0, 14.0, 2.0, 57.0, 3.0, 3.0, 4.0, 20.0, 1.0, 9.0, 13.0, 12.0, 17.0, 7.0, 7.0, 14.0, 6.0, 3.0, 97.0, 42.0, 31.0, 7.0, 7.0, 12.0, 13.0, 25.0, 1.0, 3.0, 40.0, 47.0, 4.0, 23.0, 2.0, 13.0, 34.0, 6.0, 2.0, 21.0, 7.0, 2.0, 2.0, 24.0, 20.0, 75.0, 14.0, 1.0, 9.0, 6.0, 37.0, 3.0, 55.0, 14.0, 7.0, 37.0, 2.0, 3.0, 6.0, 8.0, 37.0, 53.0, 32.0, 10.0, 18.0, 4.0, 74.0, 16.0, 22.0, 57.0, 5.0, 11.0, 4.0, 8.0, 28.0, 9.0, 5.0, 8.0, 36.0, 8.0, 7.0, 7.0, 105.0, 10.0, 13.0, 5.0, 9.0, 22.0, 8.0, 3.0, 8.0, 4.0, 48.0, 4.0, 31.0, 10.0, 6.0, 7.0, 14.0, 39.0, 11.0, 25.0, 5.0, 7.0, 29.0, 42.0, 21.0, 1.0, 10.0, 4.0, 41.0, 56.0, 10.0, 9.0, 29.0, 11.0, 9.0, 21.0, 40.0, 25.0, 9.0, 22.0, 109.0, 5.0, 6.0, 10.0, 8.0, 3.0, 22.0, 9.0, 12.0, 8.0, 4.0, 37.0, 4.0, 9.0, 3.0, 1.0, 23.0, 10.0, 1.0, 8.0, 24.0, 8.0, 11.0, 10.0, 6.0, 3.0, 23.0, 4.0, 4.0, 8.0, 35.0, 8.0, 65.0, 7.0, 9.0, 16.0, 30.0, 21.0, 4.0, 5.0, 14.0, 7.0, 10.0, 1.0, 10.0, 18.0, 7.0, 31.0, 1.0, 23.0, 19.0, 4.0, 18.0, 2.0, 47.0, 23.0, 5.0, 10.0, 5.0, 20.0, 15.0, 31.0, 9.0, 10.0, 3.0, 6.0, 12.0, 39.0, 8.0, 8.0, 20.0, 21.0, 23.0, 2.0, 15.0, 4.0, 10.0, 11.0, 9.0, 6.0, 10.0, 4.0, 7.0, 22.0, 53.0, 3.0, 1.0, 89.0, 26.0, 3.0, 7.0, 12.0, 7.0, 9.0, 34.0, 14.0, 18.0, 2.0, 27.0, 5.0, 38.0, 11.0, 5.0, 18.0, 2.0, 13.0, 11.0, 4.0, 27.0, 39.0, 4.0, 17.0, 50.0, 8.0, 53.0, 39.0, 36.0, 3.0, 12.0, 61.0, 6.0, 31.0, 3.0, 6.0, 18.0, 15.0, 11.0, 5.0, 15.0, 3.0, 35.0, 28.0, 7.0, 1.0, 26.0, 4.0, 5.0, 16.0, 9.0, 26.0, 7.0, 8.0, 18.0, 65.0, 18.0, 19.0, 59.0, 3.0, 15.0, 2.0, 17.0, 9.0, 31.0, 10.0, 32.0, 128.0, 64.0, 29.0, 33.0, 8.0, 23.0, 107.0, 16.0, 51.0, 7.0, 26.0, 10.0, 13.0, 56.0, 3.0, 23.0, 29.0, 45.0, 31.0, 20.0, 9.0, 1.0, 15.0, 11.0, 51.0, 3.0, 9.0, 21.0, 22.0, 4.0, 58.0, 48.0, 14.0, 5.0, 2.0, 59.0, 41.0, 25.0, 7.0, 3.0, 27.0, 25.0, 6.0, 25.0, 96.0, 20.0, 19.0, 5.0, 28.0, 16.0, 8.0, 19.0, 74.0, 61.0, 20.0, 1.0, 17.0, 28.0, 9.0, 102.0, 27.0, 8.0, 1.0, 12.0, 6.0, 16.0, 21.0, 4.0, 2.0, 4.0, 28.0, 8.0, 12.0, 6.0, 10.0, 23.0, 14.0, 23.0, 66.0, 14.0, 1.0, 50.0, 2.0, 13.0, 27.0, 1.0, 18.0, 4.0, 16.0, 59.0, 5.0, 8.0, 11.0, 30.0, 8.0, 8.0, 3.0, 19.0, 56.0, 9.0, 38.0, 9.0, 6.0, 8.0, 3.0, 1.0, 29.0, 18.0, 10.0, 8.0, 8.0, 30.0, 9.0, 1.0, 13.0, 5.0, 10.0, 50.0, 17.0, 46.0, 3.0, 108.0, 3.0, 19.0, 23.0, 27.0, 21.0, 48.0, 1.0, 39.0, 40.0, 4.0, 12.0, 34.0, 6.0, 20.0, 31.0, 15.0, 1.0, 27.0, 1.0, 9.0, 27.0, 82.0, 1.0, 38.0, 1.0, 4.0, 15.0, 21.0, 90.0, 18.0, 7.0, 17.0, 15.0, 28.0, 9.0, 26.0, 3.0, 66.0, 10.0, 38.0, 32.0, 22.0, 54.0, 4.0, 13.0, 22.0, 28.0, 33.0, 14.0, 43.0, 30.0, 26.0, 4.0, 65.0, 40.0, 66.0, 5.0, 2.0, 49.0, 3.0, 31.0, 13.0, 18.0, 6.0, 3.0, 10.0, 37.0, 2.0, 1.0, 24.0, 13.0, 6.0, 25.0, 11.0, 7.0, 5.0, 28.0, 4.0, 2.0, 17.0, 10.0, 3.0, 16.0, 33.0, 30.0, 4.0, 12.0, 25.0, 2.0, 71.0, 11.0, 1.0, 11.0, 69.0, 5.0, 4.0, 53.0, 4.0, 21.0, 11.0, 9.0, 6.0, 4.0, 4.0, 11.0, 51.0, 10.0, 26.0, 7.0, 9.0, 3.0, 17.0, 9.0, 19.0, 3.0, 12.0, 31.0, 7.0, 13.0, 15.0, 3.0, 36.0, 35.0, 40.0, 26.0, 10.0, 9.0, 60.0, 25.0, 9.0, 39.0, 1.0, 4.0, 4.0, 17.0, 42.0, 28.0, 7.0, 50.0, 30.0, 5.0, 3.0, 5.0, 39.0, 51.0, 23.0, 12.0, 30.0, 9.0, 40.0, 8.0, 10.0, 51.0, 7.0, 13.0, 6.0, 28.0, 32.0, 13.0, 29.0, 10.0, 22.0, 5.0, 9.0, 1.0, 20.0, 38.0, 22.0, 57.0, 17.0, 1.0, 14.0, 19.0, 2.0, 6.0, 5.0, 14.0, 16.0, 13.0, 43.0, 76.0, 31.0, 27.0, 69.0, 1.0, 11.0, 10.0, 11.0, 20.0, 13.0, 16.0, 7.0, 17.0, 53.0, 11.0, 27.0, 40.0, 14.0, 22.0, 8.0, 10.0, 13.0, 10.0, 24.0, 58.0, 16.0, 1.0, 4.0, 2.0, 11.0, 14.0, 19.0, 11.0, 12.0, 19.0, 4.0, 2.0, 71.0, 2.0, 110.0, 25.0, 11.0, 4.0, 13.0, 1.0, 2.0, 5.0, 26.0, 1.0, 2.0, 71.0, 4.0, 2.0, 1.0, 18.0, 24.0, 27.0, 38.0, 23.0, 4.0, 6.0, 91.0, 11.0, 25.0, 61.0, 4.0, 4.0, 5.0, 26.0, 94.0, 12.0, 4.0, 8.0, 30.0, 18.0, 3.0, 83.0, 28.0, 42.0, 11.0, 14.0, 30.0, 37.0, 5.0, 3.0, 8.0, 28.0, 2.0, 29.0, 9.0, 5.0, 72.0, 9.0, 9.0, 60.0, 16.0, 5.0, 42.0, 43.0, 2.0, 6.0, 16.0, 8.0, 4.0, 10.0, 8.0, 12.0, 1.0, 3.0, 23.0, 27.0, 2.0, 37.0, 11.0, 3.0, 1.0, 4.0, 3.0, 13.0, 4.0, 3.0, 12.0, 9.0, 46.0, 31.0, 9.0, 8.0, 13.0, 28.0, 15.0, 33.0, 57.0, 1.0, 18.0, 8.0, 9.0, 24.0, 12.0, 17.0, 2.0, 16.0, 21.0, 23.0, 9.0, 47.0, 7.0, 49.0, 9.0, 28.0, 15.0, 24.0, 29.0, 16.0, 77.0, 39.0, 45.0, 37.0, 30.0, 57.0, 10.0, 5.0, 10.0, 48.0, 70.0, 14.0, 5.0, 10.0, 13.0, 49.0, 1.0, 45.0, 2.0, 1.0, 10.0, 45.0, 35.0, 24.0, 62.0, 21.0, 56.0, 7.0, 3.0, 1.0, 20.0, 10.0, 43.0, 37.0, 19.0, 12.0, 50.0, 3.0, 19.0, 2.0, 89.0, 10.0, 20.0, 12.0, 46.0, 11.0, 23.0, 18.0, 1.0, 2.0, 4.0, 22.0, 63.0, 6.0, 4.0, 34.0, 4.0, 73.0, 29.0, 18.0, 34.0, 35.0, 12.0, 25.0, 5.0, 21.0, 98.0, 17.0, 2.0, 16.0, 25.0, 12.0, 33.0, 3.0, 8.0, 4.0, 26.0, 17.0, 29.0, 11.0, 10.0, 5.0, 50.0, 18.0, 9.0, 56.0, 71.0, 14.0, 18.0, 29.0, 57.0, 13.0, 2.0, 35.0, 4.0, 17.0, 22.0, 39.0, 20.0, 25.0, 3.0, 13.0, 16.0, 4.0, 18.0, 8.0, 83.0, 16.0, 57.0, 2.0, 32.0, 13.0, 8.0, 4.0, 4.0, 3.0, 23.0, 1.0, 7.0, 10.0, 3.0, 43.0, 5.0, 43.0, 13.0, 9.0, 2.0, 5.0, 9.0, 27.0, 39.0, 16.0, 17.0, 12.0, 23.0, 3.0, 8.0, 3.0, 14.0, 18.0, 71.0, 5.0, 10.0, 2.0, 24.0, 2.0, 74.0, 10.0, 102.0, 26.0, 4.0, 4.0, 4.0, 14.0, 38.0, 25.0, 16.0, 64.0, 24.0, 11.0, 17.0, 19.0, 30.0, 7.0, 25.0, 22.0, 7.0, 13.0, 5.0, 33.0, 27.0, 42.0, 4.0, 2.0, 10.0, 41.0, 66.0, 22.0, 11.0, 29.0, 38.0, 9.0, 4.0, 12.0, 1.0, 3.0, 11.0, 7.0, 40.0, 3.0, 4.0, 9.0, 6.0, 12.0, 27.0, 38.0, 15.0, 3.0, 7.0, 6.0, 16.0, 40.0, 7.0, 9.0, 7.0, 11.0, 6.0, 12.0, 92.0, 27.0, 9.0, 10.0, 10.0, 26.0, 9.0, 77.0, 12.0, 11.0, 1.0, 10.0, 70.0, 126.0, 11.0, 28.0, 3.0, 8.0, 37.0, 4.0, 7.0, 51.0, 8.0, 43.0, 11.0, 39.0, 2.0, 37.0, 13.0, 6.0, 29.0, 3.0, 11.0, 8.0, 1.0, 27.0, 9.0, 92.0, 14.0, 10.0, 33.0, 7.0, 51.0, 47.0, 30.0, 21.0, 9.0, 15.0, 9.0, 9.0, 48.0, 11.0, 18.0, 1.0, 8.0, 1.0, 7.0, 17.0, 50.0, 25.0, 30.0, 15.0, 30.0, 14.0, 52.0, 2.0, 30.0, 11.0, 2.0, 9.0, 11.0, 7.0, 59.0, 22.0, 28.0, 5.0, 19.0, 3.0, 30.0, 2.0, 42.0, 75.0, 17.0, 36.0, 1.0, 50.0, 37.0, 5.0, 37.0, 23.0, 45.0, 18.0, 2.0, 16.0, 7.0, 38.0, 30.0, 10.0, 23.0, 7.0, 11.0, 6.0, 8.0, 64.0, 24.0, 52.0, 93.0, 5.0, 22.0, 2.0, 34.0, 25.0, 8.0, 47.0, 4.0, 7.0, 5.0, 41.0, 21.0, 6.0, 23.0, 20.0, 39.0, 3.0, 9.0, 79.0, 4.0, 7.0, 5.0, 6.0, 29.0, 5.0, 15.0, 47.0, 8.0, 15.0, 53.0, 35.0, 48.0, 15.0, 9.0, 17.0, 59.0, 50.0, 57.0, 23.0, 26.0, 13.0, 3.0, 27.0, 26.0, 1.0, 5.0, 90.0, 14.0, 7.0, 15.0, 100.0, 9.0, 3.0, 42.0, 80.0, 6.0, 10.0, 29.0, 8.0, 4.0, 46.0, 56.0, 35.0, 11.0, 12.0, 86.0, 5.0, 7.0, 41.0, 35.0, 18.0, 19.0, 3.0, 19.0, 64.0, 10.0, 78.0, 11.0, 16.0, 26.0, 11.0, 9.0, 15.0, 6.0, 14.0, 18.0, 4.0, 1.0, 2.0, 26.0, 34.0, 18.0, 36.0, 8.0, 5.0, 12.0, 21.0, 8.0, 22.0, 66.0, 9.0, 5.0, 4.0, 10.0, 16.0, 18.0, 38.0, 8.0, 6.0, 2.0, 5.0, 11.0, 40.0, 7.0, 56.0, 39.0, 12.0, 10.0, 57.0, 4.0, 23.0, 9.0, 29.0, 11.0, 33.0, 14.0, 3.0, 4.0, 14.0, 23.0, 32.0, 10.0, 1.0, 13.0, 2.0, 1.0, 29.0, 18.0, 10.0, 60.0, 9.0, 5.0, 89.0, 24.0, 16.0, 4.0, 38.0, 44.0, 9.0, 15.0, 9.0, 36.0, 27.0, 13.0, 44.0, 12.0, 14.0, 29.0, 10.0, 5.0, 5.0, 44.0, 23.0, 81.0, 8.0, 10.0, 49.0, 11.0, 15.0, 10.0, 13.0, 11.0, 15.0, 19.0, 18.0, 1.0, 64.0, 5.0, 32.0, 10.0, 8.0, 39.0, 5.0, 56.0, 16.0, 22.0, 21.0, 9.0, 9.0, 9.0, 2.0, 29.0, 23.0, 96.0, 70.0, 37.0, 24.0, 28.0, 3.0, 2.0, 6.0, 9.0, 2.0, 3.0, 3.0, 18.0, 6.0, 19.0, 15.0, 109.0, 1.0, 13.0, 17.0, 55.0, 24.0, 2.0, 38.0, 3.0, 24.0, 11.0, 11.0, 20.0, 10.0, 38.0, 4.0, 4.0, 1.0, 31.0, 6.0, 26.0, 44.0, 30.0, 4.0, 6.0, 1.0, 6.0, 10.0, 38.0, 21.0, 7.0, 20.0, 38.0, 10.0, 1.0, 1.0, 14.0, 53.0, 4.0, 3.0, 28.0, 6.0, 19.0, 9.0, 51.0, 5.0, 2.0, 9.0, 11.0, 21.0, 6.0, 25.0, 32.0, 50.0, 3.0, 5.0, 22.0, 4.0, 13.0, 6.0, 4.0, 9.0, 2.0, 7.0, 41.0, 8.0, 12.0, 31.0, 1.0, 8.0, 69.0, 19.0, 12.0, 4.0, 19.0, 26.0, 23.0, 11.0, 7.0, 13.0, 21.0, 28.0, 54.0, 48.0, 1.0, 10.0, 27.0, 13.0, 6.0, 17.0, 6.0, 14.0, 7.0, 14.0, 10.0, 1.0, 15.0, 28.0, 4.0, 51.0, 20.0, 27.0, 10.0, 119.0, 26.0, 9.0, 33.0, 8.0, 49.0, 3.0, 4.0, 13.0, 10.0, 3.0, 1.0, 9.0, 3.0, 14.0, 25.0, 10.0, 9.0, 21.0, 26.0, 2.0, 7.0, 2.0, 3.0, 2.0, 7.0, 4.0, 51.0, 20.0, 10.0, 9.0, 11.0, 15.0, 13.0, 20.0, 32.0, 7.0, 16.0, 2.0, 4.0, 36.0, 11.0, 15.0, 37.0, 15.0, 35.0, 12.0, 31.0, 16.0, 4.0, 19.0, 54.0, 35.0, 14.0, 11.0, 28.0, 9.0, 17.0, 19.0] 

traffic times
 [17.0, 52.0, 21.0, 26.0, 1.0, 15.0, 11.0, 19.0, 58.0, 15.0, 67.0, 26.0, 15.0, 17.0, 24.0, 7.0, 11.0, 23.0, 18.0, 11.0, 7.0, 33.0, 26.0, 9.0, 40.0, 12.0, 14.0, 12.0, 12.0, 5.0, 40.0, 49.0, 16.0, 18.0, 6.0, 28.0, 14.0, 59.0, 7.0, 21.0, 13.0, 14.0, 12.0, 15.0, 5.0, 19.0, 37.0, 28.0, 65.0, 5.0, 24.0, 7.0, 14.0, 43.0, 13.0, 78.0, 17.0, 12.0, 3.0, 17.0, 52.0, 21.0, 30.0, 8.0, 57.0, 47.0, 22.0, 15.0, 20.0, 1.0, 18.0, 7.0, 16.0, 14.0, 8.0, 11.0, 16.0, 27.0, 1.0, 11.0, 5.0, 36.0, 18.0, 21.0, 20.0, 54.0, 9.0, 19.0, 53.0, 17.0, 16.0, 1.0, 2.0, 30.0, 1.0, 7.0, 1.0, 41.0, 29.0, 6.0, 13.0, 53.0, 45.0, 1.0, 8.0, 22.0, 18.0, 12.0, 33.0, 12.0, 12.0, 6.0, 22.0, 16.0, 15.0, 4.0, 4.0, 13.0, 11.0, 61.0, 42.0, 35.0, 11.0, 9.0, 8.0, 17.0, 12.0, 6.0, 9.0, 13.0, 18.0, 8.0, 17.0, 11.0, 22.0, 5.0, 3.0, 8.0, 36.0, 22.0, 17.0, 19.0, 10.0, 28.0, 10.0, 7.0, 18.0, 10.0, 3.0, 2.0, 37.0, 29.0, 7.0, 93.0, 7.0, 11.0, 50.0, 111.0, 12.0, 18.0, 17.0, 16.0, 20.0, 17.0, 17.0, 1.0, 10.0, 1.0, 16.0, 8.0, 20.0, 56.0, 11.0, 40.0, 9.0, 8.0, 62.0, 1.0, 29.0, 1.0, 2.0, 32.0, 6.0, 28.0, 1.0, 9.0, 1.0, 1.0, 1.0, 10.0, 13.0, 30.0, 25.0, 13.0, 2.0, 15.0, 16.0, 54.0, 27.0, 14.0, 19.0, 60.0, 2.0, 20.0, 10.0, 7.0, 7.0, 1.0, 1.0, 1.0, 22.0, 5.0, 48.0, 7.0, 10.0, 3.0, 7.0, 22.0, 11.0, 8.0, 24.0, 6.0, 15.0, 19.0, 8.0, 1.0, 20.0, 9.0, 18.0, 11.0, 1.0, 10.0, 4.0, 21.0, 68.0, 13.0, 11.0, 30.0, 6.0, 25.0, 20.0, 13.0, 4.0, 18.0, 26.0, 4.0, 53.0, 14.0, 3.0, 2.0, 32.0, 10.0, 8.0, 27.0, 18.0, 67.0, 16.0, 16.0, 7.0, 20.0, 7.0, 33.0, 23.0, 17.0, 20.0, 24.0, 94.0, 46.0, 9.0, 30.0, 37.0, 13.0, 20.0, 4.0, 28.0, 53.0, 1.0, 1.0, 13.0, 49.0, 38.0, 67.0, 26.0, 1.0, 15.0, 9.0, 2.0, 48.0, 12.0, 37.0, 12.0, 71.0, 1.0, 11.0, 16.0, 19.0, 13.0, 25.0, 40.0, 13.0, 6.0, 18.0, 25.0, 5.0, 26.0, 67.0, 33.0, 46.0, 72.0, 56.0, 28.0, 5.0, 30.0, 18.0, 8.0, 8.0, 19.0, 2.0, 23.0, 41.0, 2.0, 7.0, 20.0, 49.0, 22.0, 11.0, 1.0, 51.0, 10.0, 11.0, 38.0, 16.0, 6.0, 12.0, 69.0, 14.0, 34.0, 6.0, 3.0, 28.0, 7.0, 12.0, 3.0, 15.0, 52.0, 34.0, 1.0, 9.0, 34.0, 18.0, 8.0, 30.0, 3.0, 13.0, 17.0, 5.0, 55.0, 9.0, 61.0, 6.0, 63.0, 46.0, 22.0, 28.0, 24.0, 7.0, 9.0, 5.0, 7.0, 10.0, 43.0, 9.0, 5.0, 18.0, 42.0, 14.0, 15.0, 12.0, 44.0, 19.0, 10.0, 20.0, 5.0, 11.0, 8.0, 30.0, 48.0, 18.0, 6.0, 13.0, 6.0, 1.0, 23.0, 51.0, 13.0, 1.0, 7.0, 1.0, 60.0, 18.0, 24.0, 6.0, 23.0, 7.0, 6.0, 57.0, 44.0, 15.0, 12.0, 1.0, 8.0, 41.0, 8.0, 16.0, 17.0, 14.0, 21.0, 35.0, 11.0, 84.0, 8.0, 26.0, 10.0, 17.0, 24.0, 13.0, 12.0, 4.0, 17.0, 9.0, 13.0, 11.0, 20.0, 11.0, 26.0, 16.0, 66.0, 55.0, 12.0, 15.0, 15.0, 20.0, 25.0, 26.0, 11.0, 39.0, 24.0, 18.0, 33.0, 14.0, 4.0, 17.0, 48.0, 9.0, 8.0, 4.0, 11.0, 26.0, 29.0, 19.0, 7.0, 12.0, 24.0, 15.0, 11.0, 22.0, 4.0, 23.0, 79.0, 45.0, 32.0, 7.0, 11.0, 84.0, 23.0, 17.0, 18.0, 17.0, 25.0, 1.0, 4.0, 20.0, 1.0, 14.0, 17.0, 18.0, 74.0, 7.0, 26.0, 16.0, 41.0, 1.0, 31.0, 38.0, 24.0, 28.0, 4.0, 67.0, 16.0, 6.0, 32.0, 6.0, 5.0, 10.0, 12.0, 16.0, 55.0, 2.0, 22.0, 7.0, 18.0, 3.0, 12.0, 18.0, 13.0, 26.0, 26.0, 5.0, 11.0, 20.0, 2.0, 26.0, 126.0, 3.0, 13.0, 4.0, 21.0, 12.0, 17.0, 5.0, 3.0, 9.0, 20.0, 11.0, 14.0, 20.0, 21.0, 84.0, 26.0, 37.0, 16.0, 12.0, 33.0, 17.0, 62.0, 12.0, 13.0, 3.0, 10.0, 9.0, 13.0, 8.0, 1.0, 8.0, 7.0, 19.0, 12.0, 61.0, 49.0, 4.0, 4.0, 21.0, 13.0, 23.0, 32.0, 11.0, 42.0, 15.0, 3.0, 23.0, 22.0, 8.0, 5.0, 21.0, 28.0, 16.0, 23.0, 32.0, 10.0, 20.0, 8.0, 19.0, 5.0, 1.0, 15.0, 18.0, 6.0, 49.0, 25.0, 46.0, 13.0, 7.0, 6.0, 22.0, 1.0, 31.0, 33.0, 2.0, 28.0, 9.0, 2.0, 2.0, 23.0, 1.0, 13.0, 8.0, 3.0, 51.0, 20.0, 36.0, 7.0, 2.0, 12.0, 13.0, 45.0, 22.0, 32.0, 21.0, 1.0, 5.0, 21.0, 23.0, 26.0, 2.0, 1.0, 18.0, 20.0, 5.0, 4.0, 17.0, 28.0, 71.0, 18.0, 18.0, 2.0, 9.0, 64.0, 13.0, 90.0, 65.0, 17.0, 10.0, 17.0, 49.0, 30.0, 29.0, 5.0, 10.0, 29.0, 18.0, 4.0, 19.0, 20.0, 31.0, 12.0, 16.0, 15.0, 33.0, 3.0, 17.0, 25.0, 9.0, 5.0, 36.0, 3.0, 3.0, 10.0, 1.0, 5.0, 51.0, 15.0, 20.0, 42.0, 7.0, 16.0, 55.0, 5.0, 7.0, 11.0, 24.0, 12.0, 16.0, 27.0, 14.0, 58.0, 1.0, 53.0, 1.0, 21.0, 6.0, 45.0, 59.0, 52.0, 23.0, 17.0, 2.0, 1.0, 5.0, 67.0, 12.0, 46.0, 17.0, 6.0, 68.0, 33.0, 24.0, 18.0, 19.0, 33.0, 15.0, 15.0, 9.0, 4.0, 1.0, 9.0, 3.0, 13.0, 26.0, 16.0, 67.0, 24.0, 29.0, 17.0, 30.0, 12.0, 49.0, 16.0, 8.0, 8.0, 17.0, 7.0, 30.0, 9.0, 3.0, 13.0, 12.0, 23.0, 1.0, 25.0, 15.0, 8.0, 2.0, 25.0, 9.0, 14.0, 37.0, 1.0, 22.0, 10.0, 19.0, 1.0, 10.0, 86.0, 14.0, 5.0, 28.0, 7.0, 27.0, 7.0, 6.0, 17.0, 40.0, 11.0, 39.0, 4.0, 3.0, 36.0, 1.0, 7.0, 22.0, 22.0, 16.0, 30.0, 12.0, 54.0, 56.0, 16.0, 48.0, 7.0, 14.0, 7.0, 3.0, 25.0, 20.0, 22.0, 44.0, 19.0, 13.0, 15.0, 12.0, 21.0, 22.0, 11.0, 15.0, 15.0, 14.0, 34.0, 61.0, 7.0, 11.0, 18.0, 17.0, 10.0, 10.0, 6.0, 7.0, 12.0, 1.0, 12.0, 12.0, 31.0, 14.0, 19.0, 16.0, 12.0, 18.0, 4.0, 61.0, 43.0, 13.0, 9.0, 7.0, 33.0, 14.0, 30.0, 5.0, 10.0, 47.0, 13.0, 51.0, 15.0, 17.0, 1.0, 31.0, 23.0, 49.0, 20.0, 26.0, 4.0, 14.0, 13.0, 17.0, 13.0, 19.0, 13.0, 3.0, 18.0, 18.0, 7.0, 11.0, 11.0, 18.0, 37.0, 17.0, 7.0, 15.0, 3.0, 19.0, 5.0, 28.0, 27.0, 7.0, 25.0, 4.0, 1.0, 20.0, 76.0, 35.0, 20.0, 39.0, 1.0, 55.0, 26.0, 22.0, 19.0, 18.0, 4.0, 16.0, 18.0, 19.0, 7.0, 11.0, 1.0, 1.0, 18.0, 11.0, 2.0, 17.0, 24.0, 71.0, 24.0, 6.0, 1.0, 18.0, 31.0, 7.0, 25.0, 22.0, 8.0, 6.0, 30.0, 22.0, 46.0, 20.0, 6.0, 16.0, 23.0, 2.0, 16.0, 21.0, 1.0, 9.0, 38.0, 14.0, 16.0, 16.0, 38.0, 20.0, 3.0, 42.0, 23.0, 13.0, 16.0, 9.0, 23.0, 17.0, 9.0, 31.0, 22.0, 20.0, 42.0, 47.0, 13.0, 40.0, 1.0, 33.0, 64.0, 5.0, 3.0, 28.0, 64.0, 13.0, 81.0, 3.0, 45.0, 20.0, 7.0, 1.0, 1.0, 8.0, 11.0, 10.0, 22.0, 10.0, 8.0, 1.0, 33.0, 12.0, 7.0, 1.0, 13.0, 12.0, 1.0, 48.0, 4.0, 53.0, 3.0, 21.0, 11.0, 2.0, 7.0, 12.0, 14.0, 14.0, 17.0, 12.0, 5.0, 7.0, 26.0, 5.0, 91.0, 12.0, 25.0, 14.0, 2.0, 21.0, 14.0, 8.0, 20.0, 3.0, 5.0, 45.0, 2.0, 62.0, 15.0, 5.0, 11.0, 76.0, 15.0, 1.0, 43.0, 8.0, 11.0, 4.0, 33.0, 32.0, 2.0, 43.0, 27.0, 16.0, 9.0, 19.0, 24.0, 33.0, 15.0, 13.0, 6.0, 15.0, 13.0, 14.0, 13.0, 36.0, 12.0, 19.0, 12.0, 49.0, 66.0, 22.0, 1.0, 4.0, 21.0, 32.0, 3.0, 9.0, 11.0, 18.0, 49.0, 13.0, 19.0, 12.0, 32.0, 11.0, 11.0, 9.0, 11.0, 70.0, 11.0, 1.0, 11.0, 17.0, 2.0, 38.0, 19.0, 15.0, 39.0, 60.0, 53.0, 32.0, 8.0, 19.0, 18.0, 38.0, 1.0, 29.0, 28.0, 1.0, 3.0, 14.0, 57.0, 8.0, 5.0, 4.0, 19.0, 3.0, 18.0, 20.0, 13.0, 76.0, 1.0, 10.0, 34.0, 28.0, 2.0, 11.0, 44.0, 11.0, 7.0, 13.0, 13.0, 6.0, 7.0, 5.0, 12.0, 4.0, 18.0, 22.0, 26.0, 14.0, 8.0, 13.0, 10.0, 48.0, 18.0, 39.0, 17.0, 15.0, 6.0, 12.0, 28.0, 18.0, 7.0, 9.0, 5.0, 47.0, 9.0, 40.0, 20.0, 13.0, 13.0, 10.0, 8.0, 13.0, 13.0, 1.0, 10.0, 1.0, 1.0, 2.0, 24.0, 16.0, 38.0, 42.0, 5.0, 20.0, 14.0, 7.0, 8.0, 4.0, 40.0, 56.0, 17.0, 127.0, 1.0, 42.0, 11.0, 54.0, 29.0, 22.0, 19.0, 10.0, 25.0, 14.0, 22.0, 8.0, 24.0, 49.0, 27.0, 60.0, 16.0, 1.0, 96.0, 30.0, 8.0, 2.0, 29.0, 4.0, 35.0, 12.0, 26.0, 21.0, 38.0, 21.0, 24.0, 12.0, 2.0, 24.0, 1.0, 13.0, 2.0, 14.0, 13.0, 11.0, 7.0, 7.0, 7.0, 10.0, 52.0, 23.0, 6.0, 44.0, 31.0, 44.0, 28.0, 14.0, 1.0, 4.0, 8.0, 3.0, 18.0, 2.0, 2.0, 35.0, 14.0, 22.0, 2.0, 12.0, 13.0, 39.0, 49.0, 13.0, 7.0, 49.0, 14.0, 25.0, 13.0, 37.0, 22.0, 37.0, 4.0, 24.0, 11.0, 14.0, 31.0, 9.0, 15.0, 7.0, 14.0, 8.0, 9.0, 41.0, 13.0, 18.0] 

total times
 [20.0, 41.0, 2.0, 17.0, 11.0, 22.0, 69.0, 38.0, 40.0, 33.0, 14.0, 21.0, 26.0, 8.0, 49.0, 27.0, 1.0, 18.0, 19.0, 11.0, 22.0, 19.0, 7.0, 29.0, 59.0, 4.0, 116.0, 12.0, 15.0, 46.0, 45.0, 67.0, 26.0, 15.0, 26.0, 39.0, 31.0, 35.0, 17.0, 31.0, 32.0, 14.0, 21.0, 24.0, 2.0, 11.0, 11.0, 4.0, 52.0, 64.0, 23.0, 3.0, 29.0, 18.0, 35.0, 18.0, 15.0, 7.0, 33.0, 9.0, 19.0, 38.0, 26.0, 42.0, 3.0, 9.0, 40.0, 9.0, 11.0, 25.0, 24.0, 12.0, 14.0, 4.0, 3.0, 100.0, 10.0, 16.0, 12.0, 35.0, 19.0, 10.0, 13.0, 5.0, 22.0, 17.0, 40.0, 49.0, 24.0, 16.0, 16.0, 18.0, 6.0, 27.0, 10.0, 2.0, 1.0, 28.0, 14.0, 59.0, 25.0, 7.0, 63.0, 21.0, 13.0, 48.0, 107.0, 14.0, 26.0, 29.0, 12.0, 15.0, 4.0, 8.0, 43.0, 15.0, 18.0, 49.0, 15.0, 19.0, 23.0, 1.0, 9.0, 23.0, 37.0, 24.0, 28.0, 65.0, 7.0, 5.0, 12.0, 13.0, 35.0, 93.0, 1.0, 8.0, 9.0, 4.0, 7.0, 24.0, 7.0, 15.0, 43.0, 4.0, 19.0, 9.0, 9.0, 13.0, 78.0, 1.0, 13.0, 17.0, 18.0, 6.0, 12.0, 1.0, 12.0, 43.0, 3.0, 27.0, 52.0, 43.0, 21.0, 30.0, 2.0, 88.0, 11.0, 57.0, 45.0, 31.0, 9.0, 16.0, 47.0, 22.0, 55.0, 15.0, 10.0, 31.0, 20.0, 34.0, 5.0, 7.0, 18.0, 7.0, 16.0, 14.0, 10.0, 35.0, 45.0, 1.0, 39.0, 1.0, 1.0, 11.0, 13.0, 16.0, 8.0, 25.0, 6.0, 13.0, 27.0, 29.0, 11.0, 91.0, 18.0, 5.0, 7.0, 1.0, 20.0, 9.0, 40.0, 2.0, 10.0, 18.0, 32.0, 36.0, 28.0, 26.0, 4.0, 26.0, 9.0, 33.0, 64.0, 13.0, 20.0, 18.0, 55.0, 8.0, 20.0, 9.0, 19.0, 53.0, 17.0, 16.0, 1.0, 2.0, 19.0, 10.0, 8.0, 48.0, 5.0, 4.0, 7.0, 1.0, 43.0, 16.0, 6.0, 80.0, 13.0, 29.0, 17.0, 6.0, 3.0, 11.0, 13.0, 9.0, 53.0, 2.0, 35.0, 19.0, 24.0, 8.0, 32.0, 99.0, 16.0, 1.0, 12.0, 22.0, 18.0, 2.0, 12.0, 15.0, 48.0, 33.0, 5.0, 12.0, 9.0, 13.0, 16.0, 5.0, 14.0, 22.0, 16.0, 15.0, 22.0, 9.0, 4.0, 4.0, 14.0, 11.0, 131.0, 12.0, 20.0, 5.0, 1.0, 13.0, 61.0, 7.0, 11.0, 42.0, 3.0, 9.0, 8.0, 2.0, 75.0, 9.0, 7.0, 16.0, 35.0, 12.0, 9.0, 5.0, 5.0, 11.0, 9.0, 15.0, 8.0, 11.0, 17.0, 12.0, 6.0, 14.0, 13.0, 6.0, 6.0, 19.0, 13.0, 11.0, 43.0, 26.0, 7.0, 53.0, 19.0, 18.0, 9.0, 5.0, 8.0, 33.0, 17.0, 2.0, 11.0, 22.0, 10.0, 8.0, 8.0, 10.0, 3.0, 3.0, 8.0, 6.0, 1.0, 6.0, 36.0, 41.0, 23.0, 22.0, 5.0, 4.0, 1.0, 17.0, 19.0, 68.0, 3.0, 14.0, 28.0, 16.0, 10.0, 34.0, 8.0, 7.0, 18.0, 14.0, 2.0, 10.0, 44.0, 2.0, 56.0, 11.0, 12.0, 19.0, 6.0, 37.0, 29.0, 9.0, 4.0, 93.0, 29.0, 27.0, 4.0, 1.0, 16.0, 20.0, 9.0, 7.0, 22.0, 5.0, 31.0, 7.0, 11.0, 9.0, 50.0, 12.0, 111.0, 12.0, 8.0, 11.0, 14.0, 13.0, 16.0, 20.0, 20.0, 15.0, 38.0, 33.0, 17.0, 10.0, 19.0, 8.0, 20.0, 86.0, 4.0, 34.0, 5.0, 22.0, 25.0, 17.0, 5.0, 21.0, 25.0, 10.0, 30.0, 1.0, 16.0, 4.0, 8.0, 4.0, 32.0, 4.0, 20.0, 31.0, 15.0, 69.0, 33.0, 9.0, 5.0, 56.0, 66.0, 7.0, 11.0, 4.0, 56.0, 8.0, 44.0, 17.0, 61.0, 22.0, 16.0, 27.0, 4.0, 9.0, 8.0, 62.0, 19.0, 10.0, 3.0, 33.0, 1.0, 18.0, 2.0, 34.0, 6.0, 27.0, 53.0, 9.0, 28.0, 28.0, 1.0, 10.0, 67.0, 6.0, 15.0, 9.0, 41.0, 1.0, 1.0, 15.0, 10.0, 23.0, 111.0, 30.0, 25.0, 13.0, 17.0, 25.0, 21.0, 51.0, 4.0, 5.0, 7.0, 2.0, 35.0, 18.0, 97.0, 17.0, 16.0, 54.0, 8.0, 27.0, 14.0, 7.0, 22.0, 19.0, 9.0, 32.0, 81.0, 46.0, 25.0, 33.0, 60.0, 2.0, 18.0, 5.0, 20.0, 22.0, 48.0, 3.0, 58.0, 7.0, 7.0, 1.0, 6.0, 35.0, 12.0, 38.0, 1.0, 16.0, 1.0, 10.0, 22.0, 7.0, 5.0, 48.0, 7.0, 12.0, 11.0, 15.0, 9.0, 22.0, 48.0, 20.0, 22.0, 19.0, 11.0, 1.0, 7.0, 36.0, 47.0, 11.0, 5.0, 8.0, 18.0, 8.0, 24.0, 3.0, 9.0, 2.0, 131.0, 22.0, 15.0, 23.0, 8.0, 1.0, 20.0, 5.0, 11.0, 5.0, 69.0, 18.0, 11.0, 5.0, 12.0, 15.0, 9.0, 133.0, 21.0, 31.0, 16.0, 9.0, 68.0, 14.0, 6.0, 13.0, 48.0, 11.0, 30.0, 22.0, 29.0, 14.0, 6.0, 1.0, 13.0, 16.0, 25.0, 20.0, 19.0, 2.0, 21.0, 17.0, 1.0, 4.0, 30.0, 7.0, 18.0, 26.0, 4.0, 12.0, 53.0, 52.0, 1.0, 17.0, 23.0, 14.0, 25.0, 5.0, 17.0, 53.0, 6.0, 14.0, 3.0, 18.0, 3.0, 2.0, 19.0, 3.0, 59.0, 23.0, 32.0, 10.0, 8.0, 3.0, 14.0, 27.0, 68.0, 32.0, 18.0, 12.0, 67.0, 16.0, 16.0, 23.0, 11.0, 17.0, 4.0, 9.0, 7.0, 23.0, 7.0, 33.0, 22.0, 23.0, 17.0, 20.0, 24.0, 21.0, 94.0, 5.0, 136.0, 22.0, 30.0, 46.0, 9.0, 30.0, 37.0, 52.0, 29.0, 26.0, 24.0, 20.0, 3.0, 3.0, 13.0, 18.0, 21.0, 3.0, 20.0, 3.0, 4.0, 28.0, 6.0, 20.0, 7.0, 53.0, 6.0, 5.0, 18.0, 1.0, 48.0, 4.0, 13.0, 21.0, 4.0, 1.0, 19.0, 37.0, 37.0, 10.0, 6.0, 14.0, 51.0, 21.0, 38.0, 24.0, 26.0, 38.0, 49.0, 28.0, 67.0, 3.0, 26.0, 40.0, 20.0, 15.0, 4.0, 10.0, 12.0, 24.0, 5.0, 9.0, 8.0, 13.0, 48.0, 10.0, 39.0, 48.0, 1.0, 18.0, 37.0, 13.0, 9.0, 14.0, 3.0, 119.0, 1.0, 62.0, 11.0, 7.0, 17.0, 42.0, 66.0, 6.0, 35.0, 9.0, 44.0, 30.0, 14.0, 19.0, 15.0, 30.0, 11.0, 39.0, 25.0, 3.0, 14.0, 14.0, 40.0, 29.0, 34.0, 14.0, 22.0, 5.0, 19.0, 10.0, 2.0, 25.0, 5.0, 3.0, 30.0, 67.0, 6.0, 29.0, 11.0, 47.0, 46.0, 72.0, 17.0, 39.0, 7.0, 78.0, 7.0, 46.0, 40.0, 28.0, 5.0, 9.0, 17.0, 3.0, 30.0, 18.0, 51.0, 9.0, 8.0, 12.0, 28.0, 5.0, 23.0, 48.0, 7.0, 10.0, 13.0, 4.0, 27.0, 38.0, 7.0, 16.0, 1.0, 20.0, 2.0, 10.0, 21.0, 1.0, 20.0, 8.0, 53.0, 22.0, 18.0, 11.0, 1.0, 23.0, 1.0, 51.0, 18.0, 11.0, 8.0, 38.0, 16.0, 28.0, 22.0, 10.0, 12.0, 17.0, 39.0, 69.0, 18.0, 1.0, 26.0, 9.0, 34.0, 16.0, 6.0, 11.0, 39.0, 40.0, 23.0, 17.0, 7.0, 28.0, 11.0, 16.0, 15.0, 6.0, 89.0, 12.0, 3.0, 15.0, 52.0, 34.0, 12.0, 8.0, 1.0, 16.0, 19.0, 4.0, 16.0, 9.0, 5.0, 20.0, 12.0, 34.0, 20.0, 30.0, 2.0, 11.0, 23.0, 3.0, 11.0, 20.0, 36.0, 2.0, 8.0, 17.0, 5.0, 17.0, 28.0, 30.0, 36.0, 9.0, 2.0, 6.0, 3.0, 5.0, 23.0, 21.0, 48.0, 2.0, 5.0, 17.0, 11.0, 48.0, 10.0, 14.0, 15.0, 11.0, 40.0, 3.0, 10.0, 84.0, 55.0, 38.0, 1.0, 9.0, 9.0, 61.0, 13.0, 22.0, 27.0, 9.0, 6.0, 63.0, 2.0, 46.0, 22.0, 25.0, 37.0, 26.0, 28.0, 14.0, 2.0, 24.0, 7.0, 57.0, 9.0, 3.0, 3.0, 4.0, 20.0, 5.0, 7.0, 10.0, 43.0, 1.0, 9.0, 13.0, 12.0, 9.0, 17.0, 7.0, 7.0, 14.0, 6.0, 3.0, 5.0, 18.0, 42.0, 97.0, 42.0, 31.0, 14.0, 33.0, 12.0, 7.0, 12.0, 13.0, 25.0, 45.0, 3.0, 19.0, 10.0, 40.0, 20.0, 62.0, 13.0, 4.0, 23.0, 2.0, 13.0, 34.0, 6.0, 2.0, 21.0, 7.0, 2.0, 2.0, 24.0, 20.0, 75.0, 14.0, 1.0, 9.0, 6.0, 51.0, 30.0, 49.0, 3.0, 55.0, 14.0, 18.0, 6.0, 13.0, 6.0, 7.0, 1.0, 23.0, 51.0, 37.0, 2.0, 3.0, 6.0, 8.0, 37.0, 53.0, 32.0, 10.0, 13.0, 1.0, 18.0, 4.0, 7.0, 74.0, 16.0, 1.0, 82.0, 57.0, 5.0, 18.0, 11.0, 4.0, 24.0, 8.0, 6.0, 28.0, 9.0, 5.0, 23.0, 8.0, 36.0, 8.0, 7.0, 7.0, 105.0, 7.0, 10.0, 9.0, 13.0, 5.0, 9.0, 22.0, 8.0, 3.0, 8.0, 61.0, 48.0, 4.0, 31.0, 46.0, 15.0, 10.0, 6.0, 12.0, 1.0, 7.0, 8.0, 14.0, 39.0, 41.0, 11.0, 25.0, 8.0, 5.0, 7.0, 53.0, 42.0, 21.0, 17.0, 1.0, 14.0, 21.0, 35.0, 10.0, 11.0, 84.0, 4.0, 41.0, 8.0, 56.0, 10.0, 9.0, 26.0, 29.0, 11.0, 9.0, 21.0, 40.0, 25.0, 9.0, 10.0, 22.0, 109.0, 5.0, 29.0, 24.0, 13.0, 10.0, 12.0, 4.0, 8.0, 3.0, 17.0, 22.0, 9.0, 12.0, 9.0, 8.0, 13.0, 11.0, 20.0, 4.0, 37.0, 4.0, 11.0, 9.0, 26.0, 3.0, 17.0, 76.0, 23.0, 55.0, 12.0, 10.0, 1.0, 15.0, 8.0, 24.0, 15.0, 8.0, 11.0, 20.0, 10.0, 25.0, 6.0, 26.0, 3.0, 41.0, 39.0, 4.0, 4.0, 8.0, 24.0, 18.0, 35.0, 8.0, 33.0, 65.0, 21.0, 9.0, 4.0, 17.0, 16.0, 30.0, 21.0, 48.0, 9.0, 8.0, 4.0, 4.0, 5.0, 11.0, 14.0, 7.0, 35.0, 10.0, 29.0, 1.0, 19.0, 10.0, 18.0, 7.0, 31.0, 7.0, 1.0, 23.0, 12.0, 19.0, 4.0, 24.0, 18.0, 2.0, 47.0, 23.0, 5.0, 10.0, 19.0, 5.0, 11.0, 20.0, 15.0, 31.0, 9.0, 22.0, 8.0, 10.0, 3.0, 23.0, 6.0, 86.0, 45.0, 32.0, 7.0, 14.0, 84.0, 23.0, 12.0, 39.0, 8.0, 8.0, 20.0, 17.0, 18.0, 21.0, 23.0, 2.0, 15.0, 4.0, 17.0, 10.0, 11.0, 9.0, 6.0, 10.0, 29.0, 1.0, 8.0, 7.0, 22.0, 53.0, 20.0, 3.0, 1.0, 1.0, 89.0, 26.0, 3.0, 7.0, 12.0, 14.0, 7.0, 17.0, 18.0, 74.0, 9.0, 34.0, 14.0, 18.0, 2.0, 27.0, 7.0, 5.0, 26.0, 16.0, 41.0, 38.0, 11.0, 5.0, 1.0, 31.0, 18.0, 40.0, 24.0, 28.0, 13.0, 4.0, 67.0, 11.0, 16.0, 10.0, 27.0, 39.0, 32.0, 4.0, 17.0, 6.0, 5.0, 50.0, 8.0, 53.0, 39.0, 36.0, 10.0, 12.0, 3.0, 12.0, 61.0, 6.0, 31.0, 3.0, 16.0, 55.0, 6.0, 6.0, 22.0, 18.0, 15.0, 11.0, 5.0, 7.0, 15.0, 18.0, 3.0, 35.0, 3.0, 28.0, 12.0, 7.0, 1.0, 50.0, 13.0, 26.0, 26.0, 4.0, 5.0, 16.0, 5.0, 9.0, 26.0, 18.0, 8.0, 20.0, 18.0, 2.0, 65.0, 26.0, 18.0, 126.0, 19.0, 59.0, 3.0, 15.0, 7.0, 2.0, 13.0, 17.0, 9.0, 7.0, 31.0, 21.0, 12.0, 10.0, 17.0, 5.0, 32.0, 128.0, 64.0, 29.0, 3.0, 12.0, 33.0, 8.0, 23.0, 107.0, 16.0, 20.0, 51.0, 7.0, 11.0, 14.0, 26.0, 20.0, 10.0, 21.0, 13.0, 56.0, 3.0, 23.0, 29.0, 84.0, 45.0, 26.0, 37.0, 31.0, 20.0, 16.0, 14.0, 9.0, 40.0, 17.0, 62.0, 15.0, 12.0, 13.0, 3.0, 11.0, 14.0, 9.0, 51.0, 3.0, 9.0, 21.0, 22.0, 17.0, 4.0, 58.0, 48.0, 14.0, 8.0, 10.0, 5.0, 8.0, 7.0, 2.0, 59.0, 41.0, 25.0, 7.0, 19.0, 15.0, 3.0, 61.0, 49.0, 27.0, 8.0, 4.0, 25.0, 21.0, 13.0, 6.0, 23.0, 25.0, 96.0, 20.0, 19.0, 5.0, 32.0, 28.0, 16.0, 8.0, 11.0, 19.0, 74.0, 61.0, 20.0, 1.0, 42.0, 17.0, 28.0, 9.0, 102.0, 27.0, 18.0, 8.0, 1.0, 12.0, 3.0, 6.0, 23.0, 16.0, 21.0, 4.0, 2.0, 22.0, 8.0, 5.0, 21.0, 4.0, 28.0, 28.0, 16.0, 8.0, 12.0, 30.0, 6.0, 10.0, 23.0, 14.0, 23.0, 66.0, 14.0, 29.0, 32.0, 50.0, 10.0, 2.0, 13.0, 27.0, 1.0, 20.0, 18.0, 4.0, 16.0, 8.0, 59.0, 5.0, 19.0, 8.0, 11.0, 30.0, 13.0, 8.0, 1.0, 3.0, 19.0, 56.0, 15.0, 9.0, 18.0, 38.0, 9.0, 6.0, 8.0, 6.0, 3.0, 1.0, 49.0, 25.0, 29.0, 46.0, 37.0, 7.0, 10.0, 8.0, 8.0, 30.0, 9.0, 1.0, 6.0, 13.0, 22.0, 1.0, 36.0, 10.0, 50.0, 17.0, 33.0, 46.0, 3.0, 108.0, 2.0, 28.0, 3.0, 19.0, 23.0, 10.0, 2.0, 27.0, 21.0, 48.0, 1.0, 6.0, 39.0, 72.0, 5.0, 13.0, 20.0, 34.0, 6.0, 20.0, 31.0, 15.0, 4.0, 27.0, 1.0, 9.0, 27.0, 82.0, 1.0, 51.0, 20.0, 38.0, 36.0, 11.0, 3.0, 4.0, 15.0, 21.0, 90.0, 18.0, 7.0, 17.0, 15.0, 28.0, 12.0, 9.0, 26.0, 3.0, 14.0, 45.0, 66.0, 22.0, 10.0, 38.0, 32.0, 21.0, 1.0, 32.0, 5.0, 21.0, 22.0, 54.0, 23.0, 30.0, 13.0, 22.0, 28.0, 6.0, 43.0, 18.0, 22.0, 14.0, 43.0, 30.0, 31.0, 4.0, 4.0, 89.0, 40.0, 66.0, 28.0, 5.0, 71.0, 2.0, 49.0, 21.0, 31.0, 13.0, 18.0, 6.0, 3.0, 18.0, 2.0, 10.0, 37.0, 2.0, 1.0, 24.0, 13.0, 6.0, 9.0, 25.0, 64.0, 11.0, 7.0, 5.0, 13.0, 28.0, 90.0, 65.0, 17.0, 14.0, 4.0, 2.0, 17.0, 10.0, 3.0, 16.0, 33.0, 30.0, 4.0, 17.0, 49.0, 12.0, 25.0, 2.0, 30.0, 71.0, 29.0, 5.0, 11.0, 1.0, 11.0, 69.0, 5.0, 4.0, 53.0, 4.0, 21.0, 11.0, 10.0, 9.0, 6.0, 29.0, 18.0, 8.0, 4.0, 11.0, 19.0, 20.0, 31.0, 16.0, 16.0, 51.0, 10.0, 26.0, 15.0, 7.0, 9.0, 3.0, 33.0, 17.0, 3.0, 9.0, 17.0, 25.0, 19.0, 3.0, 12.0, 9.0, 31.0, 5.0, 7.0, 36.0, 7.0, 13.0, 15.0, 3.0, 36.0, 35.0, 40.0, 26.0, 10.0, 12.0, 10.0, 60.0, 25.0, 1.0, 9.0, 39.0, 6.0, 51.0, 4.0, 4.0, 17.0, 42.0, 15.0, 20.0, 28.0, 7.0, 50.0, 30.0, 42.0, 7.0, 5.0, 16.0, 55.0, 3.0, 5.0, 39.0, 51.0, 8.0, 23.0, 7.0, 11.0, 12.0, 24.0, 30.0, 9.0, 40.0, 8.0, 12.0, 10.0, 16.0, 27.0, 51.0, 7.0, 13.0, 6.0, 50.0, 32.0, 58.0, 13.0, 29.0, 10.0, 1.0, 22.0, 5.0, 9.0, 1.0, 20.0, 38.0, 22.0, 57.0, 17.0, 1.0, 14.0, 19.0, 53.0, 1.0, 2.0, 25.0, 6.0, 49.0, 6.0, 59.0, 5.0, 14.0, 16.0, 52.0, 13.0, 23.0, 17.0, 43.0, 2.0, 76.0, 31.0, 27.0, 69.0, 1.0, 1.0, 5.0, 67.0, 11.0, 12.0, 10.0, 11.0, 46.0, 17.0, 6.0, 20.0, 13.0, 16.0, 7.0, 17.0, 53.0, 68.0, 33.0, 11.0, 27.0, 40.0, 14.0, 22.0, 24.0, 18.0, 19.0, 8.0, 10.0, 33.0, 13.0, 10.0, 24.0, 58.0, 16.0, 15.0, 1.0, 4.0, 15.0, 9.0, 2.0, 11.0, 14.0, 19.0, 4.0, 4.0, 11.0, 12.0, 19.0, 4.0, 2.0, 13.0, 71.0, 2.0, 110.0, 25.0, 11.0, 4.0, 11.0, 13.0, 1.0, 13.0, 2.0, 5.0, 26.0, 26.0, 1.0, 2.0, 71.0, 20.0, 2.0, 1.0, 67.0, 18.0, 24.0, 31.0, 24.0, 17.0, 27.0, 38.0, 30.0, 23.0, 12.0, 4.0, 6.0, 49.0, 91.0, 11.0, 25.0, 61.0, 16.0, 4.0, 8.0, 12.0, 5.0, 17.0, 26.0, 7.0, 30.0, 11.0, 94.0, 12.0, 7.0, 13.0, 12.0, 8.0, 30.0, 18.0, 3.0, 23.0, 83.0, 28.0, 42.0, 11.0, 14.0, 1.0, 30.0, 37.0, 5.0, 3.0, 8.0, 25.0, 28.0, 2.0, 15.0, 12.0, 29.0, 9.0, 5.0, 72.0, 2.0, 25.0, 9.0, 9.0, 14.0, 9.0, 60.0, 16.0, 37.0, 5.0, 1.0, 22.0, 10.0, 19.0, 42.0, 43.0, 2.0, 6.0, 1.0, 10.0, 16.0, 8.0, 4.0, 10.0, 86.0, 14.0, 8.0, 12.0, 5.0, 29.0, 19.0, 23.0, 27.0, 7.0, 6.0, 17.0, 27.0, 2.0, 37.0, 11.0, 40.0, 3.0, 1.0, 11.0, 39.0, 4.0, 3.0, 13.0, 4.0, 4.0, 3.0, 3.0, 12.0, 9.0, 36.0, 46.0, 31.0, 9.0, 8.0, 13.0, 1.0, 28.0, 15.0, 7.0, 33.0, 57.0, 22.0, 22.0, 16.0, 1.0, 18.0, 8.0, 30.0, 9.0, 12.0, 54.0, 56.0, 16.0, 24.0, 48.0, 7.0, 12.0, 17.0, 14.0, 2.0, 16.0, 21.0, 23.0, 7.0, 9.0, 47.0, 7.0, 3.0, 49.0, 9.0, 28.0, 15.0, 25.0, 24.0, 20.0, 22.0, 44.0, 29.0, 16.0, 77.0, 39.0, 45.0, 37.0, 19.0, 52.0, 15.0, 57.0, 16.0, 21.0, 22.0, 11.0, 15.0, 10.0, 5.0, 10.0, 48.0, 70.0, 14.0, 5.0, 10.0, 15.0, 13.0, 49.0, 1.0, 45.0, 2.0, 14.0, 34.0, 1.0, 10.0, 61.0, 7.0, 64.0, 35.0, 18.0, 24.0, 62.0, 17.0, 21.0, 10.0, 56.0, 7.0, 10.0, 6.0, 7.0, 3.0, 1.0, 20.0, 10.0, 43.0, 37.0, 31.0, 12.0, 50.0, 3.0, 1.0, 19.0, 2.0, 89.0, 10.0, 20.0, 12.0, 46.0, 11.0, 12.0, 23.0, 18.0, 1.0, 12.0, 2.0, 31.0, 4.0, 14.0, 19.0, 16.0, 22.0, 12.0, 63.0, 6.0, 4.0, 18.0, 38.0, 61.0, 4.0, 43.0, 73.0, 13.0, 9.0, 29.0, 7.0, 33.0, 14.0, 18.0, 34.0, 30.0, 5.0, 35.0, 12.0, 25.0, 5.0, 21.0, 10.0, 98.0, 17.0, 2.0, 16.0, 25.0, 47.0, 12.0, 33.0, 3.0, 8.0, 4.0, 13.0, 26.0, 51.0, 17.0, 29.0, 15.0, 11.0, 10.0, 5.0, 17.0, 1.0, 31.0, 23.0, 49.0, 20.0, 50.0, 18.0, 9.0, 26.0, 4.0, 56.0, 71.0, 14.0, 15.0, 15.0, 18.0, 29.0, 17.0, 57.0, 13.0, 13.0, 19.0, 13.0, 2.0, 35.0, 3.0, 4.0, 18.0, 18.0, 17.0, 7.0, 11.0, 22.0, 39.0, 11.0, 18.0, 37.0, 20.0, 17.0, 25.0, 10.0, 13.0, 15.0, 3.0, 16.0, 4.0, 19.0, 18.0, 5.0, 28.0, 8.0, 27.0, 7.0, 25.0, 4.0, 83.0, 16.0, 57.0, 1.0, 2.0, 32.0, 13.0, 8.0, 29.0, 4.0, 76.0, 35.0, 24.0, 3.0, 39.0, 1.0, 55.0, 26.0, 22.0, 48.0, 1.0, 18.0, 7.0, 10.0, 3.0, 43.0, 5.0, 4.0, 16.0, 18.0, 19.0, 7.0, 11.0, 5.0, 43.0, 1.0, 13.0, 9.0, 2.0, 5.0, 9.0, 18.0, 27.0, 56.0, 2.0, 17.0, 24.0, 16.0, 17.0, 12.0, 71.0, 25.0, 23.0, 6.0, 1.0, 18.0, 3.0, 8.0, 34.0, 14.0, 18.0, 71.0, 5.0, 10.0, 2.0, 24.0, 7.0, 2.0, 74.0, 29.0, 22.0, 10.0, 8.0, 6.0, 30.0, 22.0, 46.0, 20.0, 102.0, 26.0, 9.0, 20.0, 4.0, 28.0, 2.0, 4.0, 14.0, 16.0, 38.0, 21.0, 56.0, 16.0, 64.0, 24.0, 11.0, 17.0, 19.0, 9.0, 30.0, 38.0, 14.0, 16.0, 16.0, 7.0, 25.0, 38.0, 20.0, 22.0, 7.0, 3.0, 13.0, 5.0, 33.0, 42.0, 23.0, 27.0, 42.0, 4.0, 2.0, 10.0, 41.0, 13.0, 66.0, 22.0, 11.0, 29.0, 38.0, 16.0, 9.0, 4.0, 9.0, 12.0, 31.0, 1.0, 3.0, 11.0, 17.0, 13.0, 7.0, 40.0, 3.0, 4.0, 9.0, 31.0, 6.0, 22.0, 12.0, 27.0, 20.0, 46.0, 38.0, 47.0, 13.0, 15.0, 3.0, 7.0, 6.0, 16.0, 40.0, 40.0, 1.0, 7.0, 9.0, 7.0, 33.0, 11.0, 6.0, 12.0, 92.0, 64.0, 27.0, 9.0, 10.0, 5.0, 3.0, 38.0, 64.0, 26.0, 13.0, 81.0, 3.0, 47.0, 9.0, 77.0, 20.0, 12.0, 7.0, 11.0, 1.0, 11.0, 70.0, 126.0, 11.0, 28.0, 1.0, 3.0, 8.0, 19.0, 37.0, 4.0, 7.0, 51.0, 8.0, 10.0, 43.0, 22.0, 10.0, 8.0, 11.0, 39.0, 1.0, 33.0, 13.0, 2.0, 37.0, 13.0, 6.0, 29.0, 7.0, 3.0, 11.0, 8.0, 1.0, 27.0, 1.0, 9.0, 13.0, 12.0, 1.0, 48.0, 4.0, 53.0, 3.0, 92.0, 14.0, 21.0, 10.0, 11.0, 2.0, 47.0, 12.0, 14.0, 7.0, 51.0, 47.0, 14.0, 17.0, 15.0, 30.0, 21.0, 9.0, 15.0, 9.0, 9.0, 5.0, 7.0, 48.0, 11.0, 18.0, 1.0, 8.0, 1.0, 7.0, 17.0, 28.0, 50.0, 5.0, 25.0, 91.0, 12.0, 30.0, 25.0, 15.0, 30.0, 14.0, 52.0, 14.0, 2.0, 30.0, 11.0, 2.0, 9.0, 11.0, 6.0, 7.0, 59.0, 21.0, 22.0, 28.0, 5.0, 19.0, 3.0, 53.0, 8.0, 20.0, 3.0, 2.0, 5.0, 42.0, 75.0, 45.0, 17.0, 2.0, 62.0, 36.0, 1.0, 50.0, 15.0, 5.0, 15.0, 37.0, 5.0, 76.0, 37.0, 23.0, 15.0, 45.0, 18.0, 1.0, 2.0, 43.0, 16.0, 7.0, 38.0, 30.0, 10.0, 23.0, 12.0, 11.0, 7.0, 11.0, 4.0, 6.0, 8.0, 64.0, 24.0, 52.0, 93.0, 33.0, 5.0, 22.0, 2.0, 32.0, 34.0, 2.0, 43.0, 25.0, 8.0, 47.0, 4.0, 7.0, 5.0, 27.0, 16.0, 9.0, 41.0, 19.0, 24.0, 36.0, 15.0, 21.0, 13.0, 6.0, 6.0, 23.0, 15.0, 20.0, 39.0, 13.0, 17.0, 9.0, 13.0, 79.0, 4.0, 7.0, 36.0, 12.0, 5.0, 21.0, 12.0, 49.0, 71.0, 6.0, 51.0, 5.0, 15.0, 47.0, 1.0, 8.0, 4.0, 21.0, 32.0, 15.0, 3.0, 53.0, 9.0, 35.0, 14.0, 48.0, 18.0, 49.0, 13.0, 19.0, 12.0, 15.0, 9.0, 17.0, 59.0, 50.0, 57.0, 23.0, 32.0, 46.0, 13.0, 11.0, 9.0, 3.0, 27.0, 26.0, 1.0, 5.0, 11.0, 70.0, 90.0, 11.0, 14.0, 7.0, 15.0, 1.0, 100.0, 9.0, 3.0, 11.0, 42.0, 80.0, 6.0, 10.0, 29.0, 8.0, 17.0, 4.0, 46.0, 58.0, 35.0, 38.0, 11.0, 12.0, 86.0, 5.0, 19.0, 7.0, 41.0, 35.0, 18.0, 19.0, 15.0, 39.0, 60.0, 3.0, 53.0, 32.0, 19.0, 8.0, 64.0, 19.0, 10.0, 78.0, 11.0, 18.0, 38.0, 1.0, 29.0, 16.0, 26.0, 11.0, 28.0, 9.0, 1.0, 15.0, 6.0, 14.0, 18.0, 7.0, 14.0, 57.0, 1.0, 2.0, 26.0, 34.0, 18.0, 8.0, 5.0, 36.0, 12.0, 5.0, 12.0, 21.0, 19.0, 4.0, 8.0, 18.0, 22.0, 66.0, 9.0, 20.0, 13.0, 76.0, 5.0, 1.0, 10.0, 4.0, 34.0, 10.0, 16.0, 18.0, 38.0, 28.0, 2.0, 8.0, 11.0, 6.0, 2.0, 5.0, 11.0, 40.0, 44.0, 7.0, 56.0, 11.0, 39.0, 12.0, 7.0, 13.0, 13.0, 10.0, 6.0, 7.0, 57.0, 17.0, 12.0, 23.0, 9.0, 29.0, 11.0, 33.0, 14.0, 4.0, 3.0, 4.0, 14.0, 23.0, 18.0, 22.0, 32.0, 26.0, 10.0, 14.0, 8.0, 1.0, 13.0, 23.0, 14.0, 48.0, 1.0, 29.0, 18.0, 10.0, 18.0, 43.0, 60.0, 9.0, 17.0, 5.0, 15.0, 89.0, 24.0, 16.0, 6.0, 12.0, 28.0, 4.0, 38.0, 44.0, 18.0, 9.0, 15.0, 7.0, 18.0, 9.0, 36.0, 27.0, 5.0, 47.0, 13.0, 44.0, 12.0, 9.0, 14.0, 42.0, 29.0, 10.0, 20.0, 13.0, 5.0, 5.0, 13.0, 44.0, 23.0, 81.0, 8.0, 10.0, 49.0, 10.0, 11.0, 15.0, 10.0, 13.0, 11.0, 15.0, 19.0, 8.0, 18.0, 1.0, 13.0, 15.0, 65.0, 5.0, 32.0, 10.0, 10.0, 8.0, 39.0, 5.0, 56.0, 16.0, 22.0, 21.0, 9.0, 10.0, 9.0, 3.0, 29.0, 2.0, 23.0, 96.0, 24.0, 70.0, 60.0, 24.0, 28.0, 3.0, 2.0, 6.0, 38.0, 9.0, 42.0, 2.0, 3.0, 3.0, 18.0, 6.0, 19.0, 15.0, 6.0, 109.0, 1.0, 20.0, 13.0, 14.0, 11.0, 8.0, 17.0, 4.0, 55.0, 24.0, 2.0, 38.0, 3.0, 24.0, 11.0, 11.0, 20.0, 10.0, 78.0, 56.0, 4.0, 21.0, 1.0, 31.0, 127.0, 6.0, 26.0, 1.0, 44.0, 30.0, 4.0, 42.0, 11.0, 6.0, 54.0, 30.0, 22.0, 19.0, 11.0, 25.0, 14.0, 6.0, 10.0, 38.0, 21.0, 7.0, 22.0, 8.0, 20.0, 24.0, 49.0, 38.0, 10.0, 1.0, 1.0, 31.0, 14.0, 53.0, 4.0, 3.0, 28.0, 6.0, 60.0, 17.0, 19.0, 9.0, 1.0, 51.0, 96.0, 5.0, 2.0, 9.0, 11.0, 21.0, 6.0, 30.0, 8.0, 25.0, 2.0, 32.0, 29.0, 50.0, 8.0, 3.0, 5.0, 22.0, 4.0, 13.0, 6.0, 4.0, 9.0, 2.0, 35.0, 12.0, 26.0, 7.0, 21.0, 79.0, 8.0, 24.0, 12.0, 31.0, 1.0, 8.0, 69.0, 19.0, 24.0, 12.0, 12.0, 13.0, 19.0, 26.0, 24.0, 23.0, 11.0, 7.0, 1.0, 13.0, 13.0, 2.0, 21.0, 14.0, 28.0, 13.0, 11.0, 7.0, 7.0, 10.0, 13.0, 56.0, 27.0, 6.0, 54.0, 44.0, 48.0, 1.0, 10.0, 31.0, 27.0, 13.0, 6.0, 61.0, 6.0, 14.0, 37.0, 7.0, 17.0, 14.0, 1.0, 14.0, 1.0, 12.0, 15.0, 28.0, 7.0, 18.0, 51.0, 20.0, 27.0, 10.0, 121.0, 26.0, 9.0, 33.0, 8.0, 49.0, 5.0, 4.0, 10.0, 13.0, 10.0, 35.0, 3.0, 1.0, 27.0, 24.0, 6.0, 12.0, 13.0, 3.0, 39.0, 49.0, 14.0, 13.0, 7.0, 25.0, 10.0, 49.0, 9.0, 21.0, 26.0, 2.0, 7.0, 2.0, 3.0, 14.0, 25.0, 2.0, 13.0, 7.0, 37.0, 24.0, 4.0, 51.0, 57.0, 10.0, 9.0, 11.0, 15.0, 13.0, 4.0, 20.0, 32.0, 7.0, 26.0, 11.0, 16.0, 14.0, 2.0, 4.0, 31.0, 9.0, 15.0, 36.0, 11.0, 15.0, 37.0, 15.0, 35.0, 12.0, 31.0, 16.0, 4.0, 7.0, 14.0, 19.0, 54.0, 35.0, 14.0, 15.0, 11.0, 11.0, 28.0, 9.0, 41.0, 13.0, 17.0, 18.0, 19.0] 

MGT times
 [20.0, 41.0, 2.0, 17.0, 11.0, 22.0, 69.0, 38.0, 40.0, 33.0, 14.0, 21.0, 26.0, 8.0, 49.0, 27.0, 1.0, 18.0, 19.0, 11.0, 22.0, 19.0, 7.0, 29.0, 59.0, 4.0, 116.0, 12.0, 15.0, 46.0, 45.0, 67.0, 26.0, 15.0, 26.0, 39.0, 31.0, 35.0, 17.0, 31.0, 32.0, 14.0, 21.0, 24.0, 2.0, 11.0, 11.0, 4.0, 52.0, 64.0, 23.0, 3.0, 29.0, 18.0, 35.0, 18.0, 15.0, 7.0, 33.0, 9.0, 19.0, 38.0, 26.0, 42.0, 3.0, 9.0, 40.0, 9.0, 11.0, 25.0, 24.0, 12.0, 14.0, 4.0, 3.0, 100.0, 10.0, 16.0, 12.0, 35.0, 19.0, 10.0, 13.0, 5.0, 22.0, 17.0, 40.0, 49.0, 24.0, 16.0, 16.0, 18.0, 6.0, 27.0, 10.0, 2.0, 1.0, 28.0, 14.0, 59.0, 25.0, 7.0, 63.0, 21.0, 13.0, 48.0, 107.0, 14.0, 26.0, 29.0, 12.0, 15.0, 4.0, 8.0, 43.0, 15.0, 18.0, 49.0, 15.0, 19.0, 23.0, 1.0, 9.0, 37.0, 24.0, 28.0, 65.0, 7.0, 5.0, 12.0, 13.0, 35.0, 93.0, 1.0, 8.0, 9.0, 4.0, 7.0, 24.0, 7.0, 15.0, 43.0, 4.0, 19.0, 9.0, 9.0, 13.0, 46.0, 1.0, 13.0, 17.0, 18.0, 6.0, 12.0, 1.0, 12.0, 43.0, 3.0, 27.0, 52.0, 43.0, 21.0, 30.0, 2.0, 88.0, 11.0, 57.0, 45.0, 31.0, 9.0, 16.0, 47.0, 22.0, 55.0, 15.0, 10.0, 31.0, 20.0, 34.0, 5.0, 7.0, 18.0, 7.0, 16.0, 14.0, 10.0, 35.0, 45.0, 1.0, 39.0, 1.0, 1.0, 11.0, 13.0, 16.0, 8.0, 25.0, 6.0, 13.0, 27.0, 29.0, 11.0, 91.0, 18.0, 5.0, 7.0, 1.0, 20.0, 9.0, 40.0, 2.0, 10.0, 18.0, 32.0, 36.0, 28.0, 26.0, 4.0, 26.0, 9.0, 33.0, 64.0, 13.0, 20.0, 18.0, 18.0, 8.0, 20.0, 9.0, 19.0, 53.0, 17.0, 16.0, 1.0, 2.0, 19.0, 10.0, 8.0, 48.0, 5.0, 4.0, 7.0, 1.0, 43.0, 16.0, 6.0, 80.0, 13.0, 29.0, 17.0, 6.0, 3.0, 11.0, 13.0, 9.0, 53.0, 2.0, 35.0, 19.0, 24.0, 8.0, 32.0, 70.0, 16.0, 1.0, 12.0, 22.0, 18.0, 2.0, 12.0, 15.0, 48.0, 33.0, 5.0, 12.0, 9.0, 13.0, 16.0, 5.0, 14.0, 22.0, 16.0, 15.0, 22.0, 9.0, 4.0, 4.0, 14.0, 11.0, 131.0, 12.0, 20.0, 5.0, 1.0, 13.0, 61.0, 7.0, 11.0, 42.0, 3.0, 9.0, 8.0, 2.0, 75.0, 9.0, 7.0, 16.0, 35.0, 12.0, 9.0, 5.0, 5.0, 11.0, 9.0, 15.0, 8.0, 11.0, 17.0, 12.0, 6.0, 14.0, 13.0, 6.0, 6.0, 19.0, 13.0, 11.0, 43.0, 26.0, 7.0, 53.0, 19.0, 18.0, 9.0, 5.0, 8.0, 33.0, 17.0, 2.0, 11.0, 22.0, 10.0, 8.0, 8.0, 10.0, 3.0, 3.0, 8.0, 6.0, 1.0, 6.0, 36.0, 41.0, 23.0, 22.0, 5.0, 4.0, 1.0, 17.0, 19.0, 68.0, 3.0, 14.0, 28.0, 16.0, 10.0, 34.0, 8.0, 7.0, 18.0, 14.0, 2.0, 10.0, 44.0, 2.0, 56.0, 11.0, 12.0, 19.0, 6.0, 37.0, 29.0, 9.0, 4.0, 93.0, 29.0, 27.0, 4.0, 1.0, 16.0, 20.0, 9.0, 7.0, 22.0, 5.0, 31.0, 7.0, 11.0, 9.0, 50.0, 12.0, 111.0, 12.0, 8.0, 11.0, 14.0, 13.0, 16.0, 20.0, 20.0, 15.0, 38.0, 33.0, 17.0, 10.0, 19.0, 8.0, 20.0, 86.0, 4.0, 34.0, 5.0, 22.0, 25.0, 17.0, 5.0, 21.0, 25.0, 10.0, 30.0, 1.0, 16.0, 4.0, 8.0, 4.0, 32.0, 4.0, 20.0, 31.0, 15.0, 69.0, 33.0, 9.0, 5.0, 56.0, 66.0, 7.0, 11.0, 4.0, 56.0, 8.0, 44.0, 17.0, 61.0, 22.0, 16.0, 27.0, 4.0, 9.0, 8.0, 62.0, 19.0, 10.0, 3.0, 33.0, 1.0, 18.0, 2.0, 34.0, 6.0, 27.0, 53.0, 9.0, 28.0, 28.0, 1.0, 10.0, 67.0, 6.0, 15.0, 9.0, 41.0, 1.0, 1.0, 15.0, 10.0, 23.0, 111.0, 30.0, 25.0, 13.0, 17.0, 25.0, 21.0, 51.0, 4.0, 5.0, 7.0, 2.0, 35.0, 18.0, 97.0, 17.0, 16.0, 54.0, 8.0, 25.0, 14.0, 7.0, 22.0, 19.0, 9.0, 32.0, 81.0, 46.0, 25.0, 33.0, 60.0, 2.0, 18.0, 5.0, 20.0, 22.0, 48.0, 3.0, 58.0, 7.0, 7.0, 1.0, 6.0, 35.0, 12.0, 38.0, 1.0, 16.0, 1.0, 10.0, 22.0, 7.0, 5.0, 48.0, 7.0, 12.0, 11.0, 15.0, 9.0, 22.0, 48.0, 20.0, 22.0, 19.0, 11.0, 1.0, 7.0, 36.0, 47.0, 11.0, 5.0, 8.0, 18.0, 8.0, 24.0, 3.0, 9.0, 2.0, 131.0, 22.0, 15.0, 23.0, 8.0, 1.0, 20.0, 5.0, 11.0, 5.0, 69.0, 18.0, 11.0, 5.0, 12.0, 15.0, 9.0, 133.0, 21.0, 31.0, 16.0, 9.0, 68.0, 14.0, 6.0, 13.0, 48.0, 11.0, 30.0, 22.0, 29.0, 14.0, 6.0, 1.0, 13.0, 16.0, 25.0, 20.0, 19.0, 2.0, 21.0, 17.0, 1.0, 4.0, 30.0, 7.0, 18.0, 4.0, 12.0, 53.0, 52.0, 1.0, 17.0, 23.0, 14.0, 25.0, 5.0, 17.0, 53.0, 6.0, 14.0, 3.0, 18.0, 3.0, 2.0, 19.0, 3.0, 59.0, 23.0, 32.0, 10.0, 8.0, 3.0, 14.0, 27.0, 68.0, 32.0, 18.0, 12.0, 67.0, 16.0, 16.0, 23.0, 11.0, 17.0, 4.0, 9.0, 7.0, 23.0, 7.0, 33.0, 22.0, 23.0, 17.0, 20.0, 24.0, 21.0, 45.0, 5.0, 136.0, 22.0, 30.0, 46.0, 9.0, 30.0, 37.0, 52.0, 29.0, 26.0, 24.0, 20.0, 3.0, 3.0, 13.0, 18.0, 21.0, 3.0, 20.0, 3.0, 4.0, 28.0, 6.0, 20.0, 7.0, 53.0, 6.0, 5.0, 18.0, 1.0, 48.0, 4.0, 13.0, 21.0, 4.0, 1.0, 19.0, 37.0, 37.0, 10.0, 6.0, 14.0, 35.0, 21.0, 38.0, 24.0, 26.0, 38.0, 49.0, 28.0, 67.0, 3.0, 26.0, 40.0, 20.0, 15.0, 4.0, 10.0, 12.0, 24.0, 5.0, 9.0, 8.0, 13.0, 48.0, 10.0, 39.0, 48.0, 1.0, 18.0, 37.0, 13.0, 9.0, 14.0, 3.0, 43.0, 1.0, 62.0, 11.0, 7.0, 17.0, 42.0, 66.0, 6.0, 35.0, 9.0, 44.0, 30.0, 14.0, 19.0, 15.0, 30.0, 11.0, 39.0, 25.0, 3.0, 14.0, 14.0, 40.0, 29.0, 34.0, 14.0, 22.0, 5.0, 19.0, 10.0, 2.0, 25.0, 5.0, 3.0, 30.0, 67.0, 6.0, 29.0, 11.0, 47.0, 46.0, 72.0, 17.0, 39.0, 7.0, 78.0, 7.0, 46.0, 40.0, 28.0, 5.0, 9.0, 17.0, 3.0, 30.0, 18.0, 51.0, 9.0, 8.0, 12.0, 28.0, 5.0, 23.0, 48.0, 7.0, 10.0, 13.0, 4.0, 27.0, 38.0, 7.0, 16.0, 1.0, 20.0, 2.0, 10.0, 21.0, 1.0, 20.0, 8.0, 53.0, 22.0, 18.0, 11.0, 1.0, 23.0, 1.0, 51.0, 18.0, 11.0, 8.0, 38.0, 16.0, 28.0, 22.0, 10.0, 12.0, 17.0, 39.0, 69.0, 18.0, 1.0, 26.0, 9.0, 34.0, 16.0, 6.0, 11.0, 39.0, 40.0, 23.0, 17.0, 7.0, 28.0, 11.0, 16.0, 15.0, 6.0, 89.0, 12.0, 3.0, 15.0, 52.0, 34.0, 12.0, 8.0, 1.0, 16.0, 19.0, 4.0, 16.0, 9.0, 5.0, 20.0, 12.0, 34.0, 20.0, 30.0, 2.0, 11.0, 23.0, 3.0, 11.0, 20.0, 36.0, 2.0, 8.0, 17.0, 5.0, 17.0, 28.0, 30.0, 36.0, 9.0, 2.0, 6.0, 3.0, 5.0, 23.0, 21.0, 48.0, 2.0, 5.0, 17.0, 11.0, 48.0, 10.0, 14.0, 15.0, 11.0, 40.0, 3.0, 10.0, 84.0, 55.0, 38.0, 1.0, 9.0, 9.0, 61.0, 13.0, 22.0, 27.0, 9.0, 6.0, 63.0, 2.0, 46.0, 22.0, 25.0, 37.0, 26.0, 28.0, 14.0, 2.0, 17.0, 7.0, 57.0, 9.0, 3.0, 3.0, 4.0, 20.0, 5.0, 7.0, 10.0, 43.0, 1.0, 9.0, 13.0, 12.0, 9.0, 17.0, 7.0, 7.0, 14.0, 6.0, 3.0, 5.0, 18.0, 42.0, 97.0, 42.0, 31.0, 14.0, 33.0, 12.0, 7.0, 12.0, 13.0, 25.0, 45.0, 3.0, 19.0, 10.0, 40.0, 20.0, 62.0, 13.0, 4.0, 23.0, 2.0, 13.0, 34.0, 6.0, 2.0, 21.0, 7.0, 2.0, 2.0, 24.0, 20.0, 75.0, 14.0, 1.0, 9.0, 6.0, 51.0, 30.0, 49.0, 3.0, 55.0, 14.0, 18.0, 6.0, 13.0, 6.0, 7.0, 1.0, 23.0, 51.0, 37.0, 2.0, 3.0, 6.0, 8.0, 37.0, 53.0, 32.0, 10.0, 13.0, 1.0, 18.0, 4.0, 7.0, 74.0, 16.0, 1.0, 82.0, 57.0, 5.0, 17.0, 11.0, 4.0, 24.0, 8.0, 6.0, 28.0, 9.0, 5.0, 23.0, 8.0, 36.0, 8.0, 7.0, 7.0, 105.0, 7.0, 10.0, 9.0, 13.0, 5.0, 9.0, 22.0, 8.0, 3.0, 8.0, 61.0, 48.0, 4.0, 31.0, 46.0, 15.0, 10.0, 6.0, 12.0, 1.0, 7.0, 8.0, 14.0, 39.0, 41.0, 11.0, 25.0, 8.0, 5.0, 7.0, 53.0, 42.0, 21.0, 17.0, 1.0, 14.0, 21.0, 35.0, 10.0, 11.0, 50.0, 4.0, 41.0, 8.0, 56.0, 10.0, 9.0, 26.0, 29.0, 11.0, 9.0, 21.0, 40.0, 25.0, 9.0, 10.0, 22.0, 109.0, 5.0, 28.0, 24.0, 13.0, 10.0, 12.0, 4.0, 8.0, 3.0, 17.0, 22.0, 9.0, 12.0, 9.0, 8.0, 13.0, 11.0, 20.0, 4.0, 37.0, 4.0, 11.0, 9.0, 26.0, 3.0, 17.0, 76.0, 23.0, 55.0, 12.0, 10.0, 1.0, 15.0, 8.0, 24.0, 15.0, 8.0, 11.0, 20.0, 10.0, 25.0, 6.0, 26.0, 3.0, 41.0, 39.0, 4.0, 4.0, 8.0, 24.0, 18.0, 35.0, 8.0, 33.0, 65.0, 21.0, 9.0, 4.0, 17.0, 16.0, 30.0, 21.0, 48.0, 9.0, 8.0, 4.0, 4.0, 5.0, 11.0, 14.0, 7.0, 35.0, 10.0, 29.0, 1.0, 19.0, 10.0, 18.0, 7.0, 31.0, 7.0, 1.0, 23.0, 12.0, 19.0, 4.0, 18.0, 2.0, 47.0, 23.0, 5.0, 10.0, 19.0, 5.0, 11.0, 20.0, 15.0, 31.0, 9.0, 22.0, 8.0, 10.0, 3.0, 23.0, 6.0, 86.0, 45.0, 32.0, 7.0, 14.0, 84.0, 23.0, 12.0, 39.0, 8.0, 8.0, 20.0, 17.0, 18.0, 21.0, 23.0, 2.0, 15.0, 4.0, 17.0, 10.0, 11.0, 9.0, 6.0, 10.0, 29.0, 1.0, 8.0, 7.0, 22.0, 53.0, 20.0, 3.0, 1.0, 1.0, 89.0, 26.0, 3.0, 7.0, 12.0, 14.0, 7.0, 17.0, 18.0, 74.0, 9.0, 34.0, 14.0, 18.0, 2.0, 27.0, 7.0, 5.0, 26.0, 16.0, 41.0, 38.0, 11.0, 5.0, 1.0, 31.0, 18.0, 40.0, 24.0, 28.0, 13.0, 4.0, 67.0, 11.0, 16.0, 10.0, 27.0, 39.0, 32.0, 4.0, 17.0, 6.0, 5.0, 50.0, 8.0, 53.0, 39.0, 36.0, 10.0, 12.0, 3.0, 12.0, 61.0, 6.0, 31.0, 3.0, 16.0, 55.0, 6.0, 6.0, 22.0, 18.0, 15.0, 11.0, 5.0, 7.0, 15.0, 18.0, 3.0, 35.0, 3.0, 28.0, 12.0, 7.0, 1.0, 49.0, 13.0, 26.0, 26.0, 4.0, 5.0, 16.0, 5.0, 9.0, 26.0, 18.0, 8.0, 20.0, 18.0, 2.0, 65.0, 26.0, 18.0, 126.0, 19.0, 59.0, 3.0, 15.0, 7.0, 2.0, 13.0, 17.0, 9.0, 7.0, 31.0, 21.0, 12.0, 10.0, 17.0, 5.0, 32.0, 128.0, 64.0, 29.0, 3.0, 12.0, 33.0, 8.0, 23.0, 107.0, 16.0, 20.0, 51.0, 7.0, 11.0, 14.0, 26.0, 20.0, 10.0, 21.0, 13.0, 56.0, 3.0, 23.0, 29.0, 84.0, 45.0, 26.0, 37.0, 31.0, 20.0, 16.0, 14.0, 9.0, 40.0, 17.0, 62.0, 15.0, 12.0, 13.0, 3.0, 11.0, 14.0, 9.0, 51.0, 3.0, 9.0, 21.0, 22.0, 17.0, 4.0, 58.0, 48.0, 14.0, 8.0, 10.0, 5.0, 8.0, 7.0, 2.0, 59.0, 41.0, 25.0, 7.0, 19.0, 15.0, 3.0, 61.0, 49.0, 27.0, 8.0, 4.0, 25.0, 21.0, 13.0, 6.0, 23.0, 25.0, 96.0, 20.0, 19.0, 5.0, 32.0, 28.0, 16.0, 8.0, 11.0, 19.0, 74.0, 61.0, 20.0, 1.0, 42.0, 17.0, 28.0, 9.0, 102.0, 27.0, 18.0, 8.0, 1.0, 12.0, 3.0, 6.0, 23.0, 16.0, 21.0, 4.0, 2.0, 22.0, 8.0, 5.0, 21.0, 4.0, 28.0, 28.0, 16.0, 8.0, 12.0, 30.0, 6.0, 10.0, 23.0, 14.0, 23.0, 66.0, 14.0, 21.0, 32.0, 50.0, 10.0, 2.0, 13.0, 27.0, 1.0, 20.0, 18.0, 4.0, 16.0, 8.0, 59.0, 5.0, 19.0, 8.0, 11.0, 30.0, 13.0, 8.0, 1.0, 3.0, 19.0, 56.0, 15.0, 9.0, 18.0, 38.0, 9.0, 6.0, 8.0, 6.0, 3.0, 1.0, 49.0, 25.0, 29.0, 46.0, 37.0, 7.0, 10.0, 8.0, 8.0, 30.0, 9.0, 1.0, 6.0, 13.0, 22.0, 1.0, 36.0, 10.0, 50.0, 17.0, 33.0, 46.0, 3.0, 108.0, 2.0, 28.0, 3.0, 19.0, 23.0, 10.0, 2.0, 27.0, 21.0, 48.0, 1.0, 6.0, 39.0, 72.0, 5.0, 13.0, 20.0, 34.0, 6.0, 20.0, 31.0, 15.0, 4.0, 27.0, 1.0, 9.0, 27.0, 82.0, 1.0, 51.0, 20.0, 38.0, 36.0, 11.0, 3.0, 4.0, 15.0, 21.0, 90.0, 18.0, 7.0, 17.0, 15.0, 28.0, 12.0, 9.0, 26.0, 3.0, 14.0, 45.0, 66.0, 22.0, 10.0, 38.0, 32.0, 21.0, 1.0, 32.0, 5.0, 21.0, 22.0, 54.0, 23.0, 30.0, 13.0, 22.0, 28.0, 6.0, 43.0, 18.0, 22.0, 14.0, 43.0, 30.0, 31.0, 4.0, 4.0, 88.0, 40.0, 66.0, 28.0, 5.0, 71.0, 2.0, 49.0, 21.0, 31.0, 13.0, 18.0, 6.0, 3.0, 18.0, 2.0, 10.0, 37.0, 2.0, 1.0, 24.0, 13.0, 6.0, 9.0, 25.0, 64.0, 11.0, 7.0, 5.0, 13.0, 28.0, 90.0, 65.0, 17.0, 14.0, 4.0, 2.0, 17.0, 10.0, 3.0, 16.0, 33.0, 30.0, 4.0, 17.0, 18.0, 12.0, 25.0, 2.0, 30.0, 71.0, 29.0, 5.0, 11.0, 1.0, 11.0, 69.0, 5.0, 4.0, 53.0, 4.0, 21.0, 11.0, 10.0, 9.0, 6.0, 29.0, 18.0, 8.0, 4.0, 11.0, 19.0, 20.0, 31.0, 16.0, 16.0, 51.0, 10.0, 26.0, 15.0, 7.0, 9.0, 3.0, 33.0, 17.0, 3.0, 9.0, 17.0, 25.0, 19.0, 3.0, 12.0, 9.0, 31.0, 5.0, 7.0, 36.0, 7.0, 13.0, 15.0, 3.0, 36.0, 35.0, 40.0, 26.0, 10.0, 12.0, 10.0, 60.0, 25.0, 1.0, 9.0, 39.0, 6.0, 51.0, 4.0, 4.0, 17.0, 42.0, 15.0, 20.0, 28.0, 7.0, 50.0, 30.0, 42.0, 7.0, 5.0, 16.0, 55.0, 3.0, 5.0, 39.0, 51.0, 8.0, 23.0, 7.0, 11.0, 12.0, 24.0, 30.0, 9.0, 40.0, 8.0, 12.0, 10.0, 16.0, 27.0, 51.0, 7.0, 13.0, 6.0, 50.0, 32.0, 58.0, 13.0, 29.0, 10.0, 1.0, 22.0, 5.0, 9.0, 1.0, 20.0, 38.0, 22.0, 57.0, 17.0, 1.0, 14.0, 19.0, 53.0, 1.0, 2.0, 25.0, 6.0, 49.0, 6.0, 59.0, 5.0, 14.0, 16.0, 52.0, 13.0, 23.0, 17.0, 43.0, 2.0, 76.0, 31.0, 27.0, 69.0, 1.0, 1.0, 5.0, 67.0, 11.0, 12.0, 10.0, 11.0, 46.0, 17.0, 6.0, 20.0, 13.0, 16.0, 7.0, 17.0, 53.0, 68.0, 33.0, 11.0, 27.0, 40.0, 14.0, 22.0, 24.0, 18.0, 19.0, 8.0, 10.0, 33.0, 13.0, 10.0, 24.0, 58.0, 16.0, 15.0, 1.0, 4.0, 15.0, 9.0, 2.0, 11.0, 14.0, 19.0, 4.0, 4.0, 11.0, 12.0, 19.0, 4.0, 2.0, 13.0, 71.0, 2.0, 110.0, 25.0, 11.0, 4.0, 11.0, 13.0, 1.0, 13.0, 2.0, 5.0, 26.0, 26.0, 1.0, 2.0, 71.0, 20.0, 2.0, 1.0, 67.0, 18.0, 24.0, 31.0, 24.0, 17.0, 27.0, 38.0, 30.0, 23.0, 12.0, 4.0, 6.0, 49.0, 91.0, 11.0, 25.0, 61.0, 16.0, 4.0, 8.0, 12.0, 5.0, 17.0, 26.0, 7.0, 30.0, 11.0, 94.0, 12.0, 7.0, 13.0, 12.0, 8.0, 30.0, 18.0, 3.0, 23.0, 83.0, 28.0, 42.0, 11.0, 14.0, 1.0, 30.0, 37.0, 5.0, 3.0, 8.0, 25.0, 28.0, 2.0, 15.0, 12.0, 29.0, 9.0, 5.0, 72.0, 2.0, 25.0, 9.0, 9.0, 14.0, 9.0, 60.0, 16.0, 37.0, 5.0, 1.0, 22.0, 10.0, 19.0, 42.0, 43.0, 2.0, 6.0, 1.0, 10.0, 16.0, 8.0, 4.0, 10.0, 86.0, 14.0, 8.0, 12.0, 5.0, 29.0, 19.0, 23.0, 27.0, 7.0, 6.0, 17.0, 27.0, 2.0, 37.0, 11.0, 40.0, 3.0, 1.0, 11.0, 39.0, 4.0, 3.0, 13.0, 4.0, 4.0, 3.0, 3.0, 12.0, 9.0, 36.0, 46.0, 31.0, 9.0, 8.0, 13.0, 1.0, 28.0, 15.0, 7.0, 33.0, 57.0, 22.0, 22.0, 16.0, 1.0, 18.0, 8.0, 30.0, 9.0, 12.0, 54.0, 56.0, 16.0, 24.0, 48.0, 7.0, 12.0, 17.0, 14.0, 2.0, 16.0, 21.0, 23.0, 7.0, 9.0, 47.0, 7.0, 3.0, 49.0, 9.0, 28.0, 15.0, 25.0, 24.0, 20.0, 22.0, 44.0, 29.0, 16.0, 77.0, 39.0, 45.0, 37.0, 19.0, 52.0, 15.0, 57.0, 16.0, 21.0, 22.0, 11.0, 15.0, 10.0, 5.0, 10.0, 48.0, 70.0, 14.0, 5.0, 10.0, 15.0, 13.0, 49.0, 1.0, 45.0, 2.0, 14.0, 34.0, 1.0, 10.0, 61.0, 7.0, 64.0, 35.0, 18.0, 24.0, 62.0, 17.0, 21.0, 10.0, 56.0, 7.0, 10.0, 6.0, 7.0, 3.0, 1.0, 20.0, 10.0, 43.0, 37.0, 31.0, 12.0, 50.0, 3.0, 1.0, 19.0, 2.0, 89.0, 10.0, 20.0, 12.0, 46.0, 11.0, 12.0, 23.0, 18.0, 1.0, 12.0, 2.0, 31.0, 4.0, 14.0, 19.0, 16.0, 22.0, 12.0, 63.0, 6.0, 4.0, 18.0, 38.0, 61.0, 4.0, 43.0, 73.0, 13.0, 9.0, 29.0, 7.0, 33.0, 14.0, 18.0, 34.0, 30.0, 5.0, 35.0, 12.0, 25.0, 5.0, 21.0, 10.0, 98.0, 17.0, 2.0, 16.0, 25.0, 47.0, 12.0, 33.0, 3.0, 8.0, 4.0, 13.0, 26.0, 51.0, 17.0, 29.0, 15.0, 11.0, 10.0, 5.0, 17.0, 1.0, 31.0, 23.0, 49.0, 20.0, 50.0, 18.0, 9.0, 26.0, 4.0, 56.0, 71.0, 14.0, 15.0, 15.0, 18.0, 29.0, 17.0, 57.0, 13.0, 13.0, 19.0, 13.0, 2.0, 35.0, 3.0, 4.0, 18.0, 18.0, 17.0, 7.0, 11.0, 22.0, 39.0, 11.0, 18.0, 37.0, 20.0, 17.0, 25.0, 10.0, 13.0, 15.0, 3.0, 16.0, 4.0, 19.0, 18.0, 5.0, 28.0, 8.0, 27.0, 7.0, 25.0, 4.0, 83.0, 16.0, 57.0, 1.0, 2.0, 32.0, 13.0, 8.0, 29.0, 4.0, 76.0, 35.0, 24.0, 3.0, 39.0, 1.0, 55.0, 26.0, 22.0, 46.0, 1.0, 18.0, 7.0, 10.0, 3.0, 43.0, 5.0, 4.0, 16.0, 18.0, 19.0, 7.0, 11.0, 5.0, 43.0, 1.0, 13.0, 9.0, 2.0, 5.0, 9.0, 18.0, 27.0, 56.0, 2.0, 17.0, 24.0, 16.0, 17.0, 12.0, 71.0, 25.0, 23.0, 6.0, 1.0, 18.0, 3.0, 8.0, 34.0, 14.0, 18.0, 71.0, 5.0, 10.0, 2.0, 24.0, 7.0, 2.0, 74.0, 29.0, 22.0, 10.0, 8.0, 6.0, 30.0, 22.0, 46.0, 20.0, 102.0, 26.0, 9.0, 20.0, 4.0, 28.0, 2.0, 4.0, 14.0, 16.0, 38.0, 21.0, 56.0, 16.0, 64.0, 24.0, 11.0, 17.0, 19.0, 9.0, 30.0, 38.0, 14.0, 16.0, 16.0, 7.0, 25.0, 38.0, 20.0, 22.0, 7.0, 3.0, 13.0, 5.0, 33.0, 42.0, 23.0, 27.0, 42.0, 4.0, 2.0, 10.0, 41.0, 13.0, 66.0, 22.0, 11.0, 29.0, 38.0, 16.0, 9.0, 4.0, 9.0, 12.0, 31.0, 1.0, 3.0, 11.0, 17.0, 13.0, 7.0, 40.0, 3.0, 4.0, 9.0, 31.0, 6.0, 22.0, 12.0, 27.0, 20.0, 46.0, 38.0, 47.0, 13.0, 15.0, 3.0, 7.0, 6.0, 16.0, 40.0, 40.0, 1.0, 7.0, 9.0, 7.0, 33.0, 11.0, 6.0, 12.0, 92.0, 64.0, 27.0, 9.0, 10.0, 5.0, 3.0, 38.0, 64.0, 26.0, 13.0, 81.0, 3.0, 47.0, 9.0, 77.0, 20.0, 12.0, 7.0, 11.0, 1.0, 11.0, 70.0, 126.0, 11.0, 28.0, 1.0, 3.0, 8.0, 19.0, 37.0, 4.0, 7.0, 51.0, 8.0, 10.0, 43.0, 22.0, 10.0, 8.0, 11.0, 39.0, 1.0, 33.0, 13.0, 2.0, 37.0, 13.0, 6.0, 29.0, 7.0, 3.0, 11.0, 8.0, 1.0, 27.0, 1.0, 9.0, 13.0, 12.0, 1.0, 48.0, 4.0, 53.0, 3.0, 92.0, 14.0, 21.0, 10.0, 11.0, 2.0, 47.0, 12.0, 14.0, 7.0, 51.0, 47.0, 14.0, 17.0, 15.0, 30.0, 21.0, 9.0, 15.0, 9.0, 9.0, 5.0, 7.0, 48.0, 11.0, 18.0, 1.0, 8.0, 1.0, 7.0, 17.0, 28.0, 50.0, 5.0, 25.0, 91.0, 12.0, 30.0, 25.0, 15.0, 30.0, 14.0, 52.0, 14.0, 2.0, 30.0, 11.0, 2.0, 9.0, 11.0, 6.0, 7.0, 59.0, 21.0, 22.0, 28.0, 5.0, 19.0, 3.0, 53.0, 8.0, 20.0, 3.0, 2.0, 5.0, 42.0, 75.0, 45.0, 17.0, 2.0, 62.0, 36.0, 1.0, 50.0, 15.0, 5.0, 15.0, 37.0, 5.0, 76.0, 37.0, 23.0, 15.0, 45.0, 18.0, 1.0, 2.0, 43.0, 16.0, 7.0, 38.0, 30.0, 10.0, 23.0, 12.0, 11.0, 7.0, 11.0, 4.0, 6.0, 8.0, 64.0, 24.0, 52.0, 93.0, 33.0, 5.0, 22.0, 2.0, 32.0, 34.0, 2.0, 43.0, 25.0, 8.0, 47.0, 4.0, 7.0, 5.0, 27.0, 16.0, 9.0, 41.0, 19.0, 24.0, 36.0, 15.0, 21.0, 13.0, 6.0, 6.0, 23.0, 15.0, 20.0, 39.0, 13.0, 17.0, 9.0, 13.0, 79.0, 4.0, 7.0, 36.0, 12.0, 5.0, 21.0, 12.0, 49.0, 71.0, 6.0, 51.0, 5.0, 15.0, 47.0, 1.0, 8.0, 4.0, 21.0, 32.0, 15.0, 3.0, 53.0, 9.0, 35.0, 14.0, 48.0, 18.0, 49.0, 13.0, 19.0, 12.0, 15.0, 9.0, 17.0, 59.0, 50.0, 57.0, 23.0, 32.0, 46.0, 13.0, 11.0, 9.0, 3.0, 27.0, 26.0, 1.0, 5.0, 11.0, 70.0, 90.0, 11.0, 14.0, 7.0, 15.0, 1.0, 100.0, 9.0, 3.0, 11.0, 42.0, 80.0, 6.0, 10.0, 29.0, 8.0, 17.0, 4.0, 46.0, 58.0, 35.0, 38.0, 11.0, 12.0, 86.0, 5.0, 19.0, 7.0, 41.0, 35.0, 18.0, 19.0, 15.0, 39.0, 60.0, 3.0, 53.0, 32.0, 19.0, 8.0, 64.0, 19.0, 10.0, 78.0, 11.0, 18.0, 38.0, 1.0, 29.0, 16.0, 26.0, 11.0, 28.0, 9.0, 1.0, 15.0, 6.0, 14.0, 18.0, 7.0, 14.0, 57.0, 1.0, 2.0, 26.0, 34.0, 18.0, 8.0, 5.0, 36.0, 12.0, 5.0, 12.0, 21.0, 19.0, 4.0, 8.0, 18.0, 22.0, 66.0, 9.0, 20.0, 13.0, 76.0, 5.0, 1.0, 10.0, 4.0, 34.0, 10.0, 16.0, 18.0, 38.0, 28.0, 2.0, 8.0, 11.0, 6.0, 2.0, 5.0, 11.0, 40.0, 44.0, 7.0, 56.0, 11.0, 39.0, 12.0, 7.0, 13.0, 13.0, 10.0, 6.0, 7.0, 57.0, 17.0, 12.0, 23.0, 9.0, 29.0, 11.0, 33.0, 14.0, 4.0, 3.0, 4.0, 14.0, 23.0, 18.0, 22.0, 32.0, 26.0, 10.0, 14.0, 8.0, 1.0, 13.0, 23.0, 14.0, 48.0, 1.0, 29.0, 18.0, 10.0, 18.0, 43.0, 60.0, 9.0, 17.0, 5.0, 15.0, 89.0, 24.0, 16.0, 6.0, 12.0, 28.0, 4.0, 38.0, 44.0, 18.0, 9.0, 15.0, 7.0, 18.0, 9.0, 36.0, 27.0, 5.0, 47.0, 13.0, 44.0, 12.0, 9.0, 14.0, 42.0, 29.0, 10.0, 20.0, 13.0, 5.0, 5.0, 13.0, 44.0, 23.0, 81.0, 8.0, 10.0, 49.0, 10.0, 11.0, 15.0, 10.0, 13.0, 11.0, 15.0, 19.0, 8.0, 18.0, 1.0, 13.0, 15.0, 65.0, 5.0, 32.0, 10.0, 10.0, 8.0, 39.0, 5.0, 56.0, 16.0, 22.0, 21.0, 9.0, 10.0, 9.0, 3.0, 29.0, 2.0, 23.0, 96.0, 24.0, 70.0, 60.0, 24.0, 28.0, 3.0, 2.0, 6.0, 38.0, 9.0, 42.0, 2.0, 3.0, 3.0, 18.0, 6.0, 19.0, 15.0, 6.0, 109.0, 1.0, 20.0, 13.0, 14.0, 11.0, 8.0, 17.0, 4.0, 55.0, 24.0, 2.0, 38.0, 3.0, 24.0, 11.0, 11.0, 20.0, 10.0, 78.0, 56.0, 4.0, 21.0, 1.0, 31.0, 127.0, 6.0, 26.0, 1.0, 44.0, 30.0, 4.0, 42.0, 11.0, 6.0, 54.0, 30.0, 22.0, 19.0, 11.0, 25.0, 14.0, 6.0, 10.0, 38.0, 21.0, 7.0, 22.0, 8.0, 20.0, 24.0, 49.0, 38.0, 10.0, 1.0, 1.0, 31.0, 14.0, 53.0, 4.0, 3.0, 28.0, 6.0, 60.0, 17.0, 19.0, 9.0, 1.0, 51.0, 96.0, 5.0, 2.0, 9.0, 11.0, 21.0, 6.0, 30.0, 8.0, 25.0, 2.0, 32.0, 29.0, 50.0, 8.0, 3.0, 5.0, 22.0, 4.0, 13.0, 6.0, 4.0, 9.0, 2.0, 35.0, 12.0, 26.0, 7.0, 21.0, 79.0, 8.0, 24.0, 12.0, 31.0, 1.0, 8.0, 69.0, 19.0, 24.0, 12.0, 12.0, 13.0, 19.0, 26.0, 24.0, 23.0, 11.0, 7.0, 1.0, 13.0, 13.0, 2.0, 21.0, 14.0, 28.0, 13.0, 11.0, 7.0, 7.0, 10.0, 13.0, 56.0, 27.0, 6.0, 54.0, 44.0, 48.0, 1.0, 10.0, 31.0, 27.0, 13.0, 6.0, 61.0, 6.0, 14.0, 37.0, 7.0, 17.0, 14.0, 1.0, 14.0, 1.0, 12.0, 15.0, 28.0, 7.0, 18.0, 51.0, 20.0, 27.0, 10.0, 121.0, 26.0, 9.0, 33.0, 8.0, 49.0, 5.0, 4.0, 10.0, 13.0, 10.0, 35.0, 3.0, 1.0, 27.0, 21.0, 6.0, 12.0, 13.0, 3.0, 39.0, 49.0, 14.0, 13.0, 7.0, 25.0, 10.0, 49.0, 9.0, 21.0, 26.0, 2.0, 7.0, 2.0, 3.0, 14.0, 25.0, 2.0, 13.0, 7.0, 37.0, 24.0, 4.0, 51.0, 57.0, 10.0, 9.0, 11.0, 15.0, 13.0, 4.0, 20.0, 32.0, 7.0, 19.0, 11.0, 16.0, 14.0, 2.0, 4.0, 31.0, 9.0, 15.0, 36.0, 11.0, 15.0, 37.0, 15.0, 35.0, 12.0, 31.0, 16.0, 4.0, 7.0, 14.0, 19.0, 54.0, 35.0, 14.0, 15.0, 11.0, 11.0, 28.0, 9.0, 41.0, 13.0, 17.0, 18.0, 19.0] 

SGT times
 [4.0, 11.0, 37.0, 29.0, 2.0, 7.0, 29.0, 16.0, 54.0, 7.0, 1.0, 14.0, 1.0, 2.0, 1.0, 6.0, 1.0, 7.0, 2.0, 3.0, 7.0]
