avgTJ:  18.320486111111112
stdDvTJ:  18.14179481771694
avgTJ without 0:  19.312957540263543
stdDvTJ without 0:  18.104882143542937
maxTJ:  26.321428571428573
minTJ:  11.666666666666666

avgTT:  26.859021183345508
stdDvTT:  24.883656105754852
avgTT without 0:  26.859021183345508
stdDvTT without 0:  24.883656105754852
maxTT:  47.333333333333336
minTT:  16.083333333333332

avgTotT:  27.961707103186203
stdDvTotT:  26.815652366077817
avgTotT without 0:  28.443948855188818
stdDvTotT without 0:  26.79111711180561
maxTotT:  37.075
minTotT:  21.558823529411764

avgMGT:  18.320486111111112
stdDvMGT:  18.14179481771694
avgMGT without 0:  19.312957540263543
stdDvMGT without 0:  18.104882143542937
maxMGT:  26.321428571428573
minMGT:  11.666666666666666

avgSGT:  26.859021183345508
stdDvSGT:  24.883656105754852
avgSGT without 0:  26.859021183345508
stdDvSGT without 0:  24.883656105754852
maxSGT:  47.333333333333336
minSGT:  16.083333333333332

free lanes %:  34.15432801822323 %, number of free traverse:  2399 num of traverse 7024
number of times in traffic %:  19.49031890660592 %, numero di volte nel traffico:  1369 num of traverse 7024
not free passage %:  66.30125284738041 %, number of not free passage:  4657 num of traverse 7024
junction times
 [33.0, 16.0, 38.0, 28.0, 7.0, 2.0, 41.0, 1.0, 27.0, 4.0, 57.0, 17.0, 9.0, 8.0, 31.0, 23.0, 10.0, 21.0, 9.0, 1.0, 1.0, 2.0, 36.0, 2.0, 16.0, 6.0, 3.0, 1.0, 17.0, 74.0, 54.0, 41.0, 6.0, 17.0, 8.0, 1.0, 6.0, 19.0, 26.0, 10.0, 2.0, 35.0, 10.0, 14.0, 19.0, 16.0, 7.0, 3.0, 3.0, 5.0, 7.0, 1.0, 9.0, 20.0, 23.0, 23.0, 8.0, 27.0, 34.0, 10.0, 8.0, 2.0, 31.0, 9.0, 27.0, 8.0, 18.0, 66.0, 4.0, 22.0, 8.0, 14.0, 7.0, 49.0, 23.0, 57.0, 40.0, 7.0, 2.0, 12.0, 19.0, 24.0, 13.0, 19.0, 10.0, 2.0, 21.0, 91.0, 16.0, 12.0, 24.0, 13.0, 3.0, 35.0, 27.0, 6.0, 34.0, 37.0, 4.0, 3.0, 5.0, 14.0, 11.0, 1.0, 27.0, 17.0, 3.0, 11.0, 19.0, 8.0, 20.0, 29.0, 26.0, 7.0, 19.0, 21.0, 38.0, 16.0, 16.0, 3.0, 6.0, 32.0, 10.0, 11.0, 8.0, 42.0, 23.0, 28.0, 7.0, 60.0, 57.0, 28.0, 7.0, 8.0, 11.0, 17.0, 8.0, 8.0, 3.0, 1.0, 41.0, 24.0, 25.0, 9.0, 7.0, 3.0, 7.0, 66.0, 9.0, 47.0, 7.0, 51.0, 1.0, 6.0, 13.0, 1.0, 27.0, 10.0, 8.0, 27.0, 10.0, 34.0, 22.0, 9.0, 8.0, 23.0, 8.0, 8.0, 17.0, 11.0, 17.0, 17.0, 30.0, 12.0, 14.0, 15.0, 10.0, 10.0, 21.0, 17.0, 19.0, 4.0, 69.0, 3.0, 42.0, 54.0, 7.0, 1.0, 9.0, 4.0, 11.0, 25.0, 25.0, 15.0, 14.0, 14.0, 11.0, 6.0, 61.0, 14.0, 4.0, 41.0, 7.0, 35.0, 32.0, 71.0, 20.0, 31.0, 9.0, 11.0, 5.0, 9.0, 10.0, 8.0, 12.0, 32.0, 9.0, 1.0, 29.0, 57.0, 13.0, 9.0, 20.0, 2.0, 10.0, 10.0, 8.0, 20.0, 23.0, 27.0, 37.0, 13.0, 25.0, 35.0, 40.0, 23.0, 43.0, 42.0, 23.0, 15.0, 14.0, 98.0, 23.0, 1.0, 31.0, 3.0, 19.0, 11.0, 18.0, 12.0, 11.0, 2.0, 37.0, 8.0, 23.0, 8.0, 31.0, 27.0, 30.0, 2.0, 1.0, 31.0, 7.0, 9.0, 20.0, 19.0, 6.0, 48.0, 31.0, 14.0, 7.0, 29.0, 2.0, 5.0, 5.0, 8.0, 1.0, 53.0, 31.0, 68.0, 4.0, 70.0, 20.0, 29.0, 6.0, 32.0, 23.0, 23.0, 29.0, 31.0, 4.0, 3.0, 34.0, 10.0, 10.0, 35.0, 34.0, 2.0, 1.0, 44.0, 31.0, 1.0, 10.0, 47.0, 39.0, 11.0, 10.0, 7.0, 3.0, 2.0, 47.0, 10.0, 8.0, 22.0, 35.0, 18.0, 7.0, 24.0, 53.0, 6.0, 3.0, 25.0, 4.0, 12.0, 3.0, 9.0, 3.0, 45.0, 9.0, 4.0, 13.0, 18.0, 16.0, 4.0, 18.0, 9.0, 26.0, 21.0, 15.0, 11.0, 9.0, 15.0, 37.0, 4.0, 97.0, 2.0, 5.0, 38.0, 70.0, 19.0, 7.0, 30.0, 2.0, 48.0, 9.0, 22.0, 9.0, 4.0, 78.0, 3.0, 4.0, 10.0, 29.0, 46.0, 17.0, 55.0, 20.0, 3.0, 18.0, 5.0, 53.0, 10.0, 11.0, 11.0, 54.0, 14.0, 36.0, 7.0, 3.0, 41.0, 6.0, 9.0, 35.0, 25.0, 14.0, 19.0, 1.0, 1.0, 10.0, 10.0, 6.0, 31.0, 45.0, 8.0, 5.0, 63.0, 4.0, 4.0, 5.0, 21.0, 2.0, 7.0, 5.0, 10.0, 95.0, 2.0, 10.0, 3.0, 8.0, 8.0, 22.0, 53.0, 24.0, 24.0, 24.0, 8.0, 3.0, 78.0, 74.0, 33.0, 1.0, 7.0, 10.0, 17.0, 21.0, 22.0, 61.0, 2.0, 86.0, 10.0, 3.0, 11.0, 17.0, 28.0, 4.0, 18.0, 21.0, 8.0, 20.0, 14.0, 7.0, 17.0, 19.0, 1.0, 9.0, 9.0, 10.0, 1.0, 22.0, 22.0, 27.0, 22.0, 22.0, 18.0, 35.0, 12.0, 51.0, 3.0, 8.0, 2.0, 21.0, 55.0, 26.0, 4.0, 4.0, 30.0, 15.0, 1.0, 15.0, 27.0, 32.0, 1.0, 9.0, 4.0, 8.0, 23.0, 58.0, 2.0, 10.0, 27.0, 7.0, 5.0, 3.0, 19.0, 18.0, 1.0, 11.0, 2.0, 9.0, 78.0, 1.0, 29.0, 35.0, 19.0, 26.0, 3.0, 9.0, 4.0, 20.0, 4.0, 61.0, 48.0, 2.0, 9.0, 18.0, 12.0, 28.0, 4.0, 9.0, 47.0, 7.0, 7.0, 5.0, 20.0, 4.0, 10.0, 116.0, 10.0, 8.0, 2.0, 32.0, 2.0, 1.0, 86.0, 2.0, 1.0, 8.0, 3.0, 15.0, 58.0, 54.0, 10.0, 3.0, 2.0, 19.0, 2.0, 10.0, 3.0, 23.0, 17.0, 5.0, 44.0, 3.0, 43.0, 90.0, 7.0, 15.0, 15.0, 12.0, 26.0, 20.0, 17.0, 4.0, 1.0, 3.0, 2.0, 1.0, 27.0, 6.0, 1.0, 1.0, 4.0, 7.0, 23.0, 50.0, 2.0, 19.0, 39.0, 9.0, 56.0, 27.0, 30.0, 10.0, 14.0, 13.0, 9.0, 34.0, 7.0, 30.0, 10.0, 16.0, 28.0, 31.0, 4.0, 11.0, 40.0, 12.0, 40.0, 2.0, 12.0, 9.0, 8.0, 13.0, 4.0, 22.0, 32.0, 31.0, 15.0, 22.0, 14.0, 6.0, 13.0, 9.0, 6.0, 39.0, 9.0, 9.0, 5.0, 39.0, 9.0, 9.0, 3.0, 2.0, 32.0, 11.0, 2.0, 12.0, 5.0, 12.0, 59.0, 9.0, 43.0, 2.0, 9.0, 5.0, 27.0, 8.0, 22.0, 7.0, 2.0, 24.0, 4.0, 16.0, 9.0, 1.0, 25.0, 22.0, 9.0, 18.0, 10.0, 9.0, 1.0, 51.0, 6.0, 15.0, 1.0, 29.0, 39.0, 14.0, 20.0, 28.0, 45.0, 9.0, 24.0, 12.0, 2.0, 3.0, 74.0, 12.0, 40.0, 8.0, 29.0, 43.0, 21.0, 2.0, 4.0, 5.0, 18.0, 6.0, 13.0, 27.0, 45.0, 8.0, 44.0, 11.0, 12.0, 33.0, 41.0, 15.0, 7.0, 10.0, 35.0, 4.0, 9.0, 1.0, 73.0, 27.0, 13.0, 15.0, 1.0, 7.0, 41.0, 3.0, 10.0, 7.0, 18.0, 9.0, 1.0, 45.0, 1.0, 29.0, 21.0, 10.0, 41.0, 22.0, 9.0, 4.0, 21.0, 6.0, 11.0, 4.0, 49.0, 8.0, 36.0, 4.0, 2.0, 5.0, 20.0, 4.0, 46.0, 3.0, 7.0, 2.0, 16.0, 2.0, 4.0, 18.0, 18.0, 44.0, 5.0, 19.0, 3.0, 22.0, 3.0, 20.0, 30.0, 9.0, 30.0, 10.0, 13.0, 17.0, 71.0, 1.0, 42.0, 24.0, 3.0, 10.0, 31.0, 73.0, 51.0, 16.0, 1.0, 3.0, 3.0, 5.0, 8.0, 14.0, 23.0, 12.0, 19.0, 28.0, 4.0, 3.0, 55.0, 9.0, 2.0, 27.0, 57.0, 4.0, 28.0, 24.0, 12.0, 7.0, 31.0, 40.0, 6.0, 19.0, 33.0, 31.0, 29.0, 7.0, 11.0, 7.0, 30.0, 10.0, 1.0, 27.0, 2.0, 12.0, 8.0, 10.0, 2.0, 9.0, 4.0, 8.0, 13.0, 13.0, 20.0, 24.0, 25.0, 8.0, 22.0, 29.0, 20.0, 8.0, 19.0, 22.0, 13.0, 22.0, 4.0, 3.0, 42.0, 6.0, 4.0, 1.0, 7.0, 2.0, 1.0, 33.0, 99.0, 31.0, 14.0, 75.0, 46.0, 8.0, 5.0, 27.0, 24.0, 9.0, 58.0, 14.0, 17.0, 8.0, 20.0, 3.0, 6.0, 6.0, 9.0, 9.0, 14.0, 5.0, 8.0, 11.0, 31.0, 27.0, 5.0, 7.0, 11.0, 44.0, 46.0, 3.0, 36.0, 3.0, 19.0, 9.0, 37.0, 35.0, 41.0, 27.0, 20.0, 40.0, 15.0, 21.0, 19.0, 53.0, 28.0, 3.0, 1.0, 9.0, 4.0, 4.0, 6.0, 3.0, 56.0, 44.0, 7.0, 15.0, 8.0, 3.0, 15.0, 13.0, 65.0, 47.0, 7.0, 11.0, 8.0, 29.0, 19.0, 9.0, 7.0, 43.0, 18.0, 5.0, 30.0, 1.0, 14.0, 32.0, 14.0, 12.0, 4.0, 16.0, 5.0, 21.0, 77.0, 20.0, 4.0, 9.0, 31.0, 2.0, 21.0, 5.0, 55.0, 5.0, 16.0, 40.0, 11.0, 8.0, 1.0, 27.0, 4.0, 43.0, 9.0, 2.0, 24.0, 56.0, 40.0, 28.0, 8.0, 8.0, 12.0, 17.0, 4.0, 5.0, 3.0, 64.0, 7.0, 23.0, 17.0, 56.0, 55.0, 42.0, 13.0, 1.0, 37.0, 16.0, 37.0, 29.0, 10.0, 1.0, 1.0, 1.0, 39.0, 3.0, 10.0, 25.0, 51.0, 6.0, 40.0, 10.0, 19.0, 11.0, 3.0, 4.0, 4.0, 24.0, 27.0, 36.0, 3.0, 42.0, 11.0, 76.0, 4.0, 6.0, 15.0, 1.0, 28.0, 3.0, 9.0, 54.0, 68.0, 4.0, 22.0, 13.0, 8.0, 34.0, 5.0, 21.0, 10.0, 46.0, 21.0, 17.0, 32.0, 21.0, 12.0, 11.0, 24.0, 10.0, 2.0, 18.0, 21.0, 28.0, 14.0, 25.0, 4.0, 34.0, 31.0, 21.0, 24.0, 97.0, 21.0, 9.0, 11.0, 12.0, 8.0, 36.0, 46.0, 32.0, 8.0, 1.0, 39.0, 8.0, 2.0, 12.0, 9.0, 8.0, 11.0, 30.0, 18.0, 2.0, 48.0, 28.0, 19.0, 8.0, 43.0, 12.0, 20.0, 12.0, 30.0, 3.0, 52.0, 9.0, 11.0, 35.0, 4.0, 9.0, 16.0, 13.0, 8.0, 8.0, 13.0, 31.0, 8.0, 26.0, 7.0, 42.0, 39.0, 11.0, 142.0, 34.0, 63.0, 38.0, 10.0, 3.0, 8.0, 21.0, 17.0, 6.0, 57.0, 32.0, 19.0, 8.0, 6.0, 22.0, 26.0, 19.0, 10.0, 23.0, 22.0, 6.0, 9.0, 26.0, 10.0, 2.0, 11.0, 83.0, 3.0, 22.0, 24.0, 45.0, 31.0, 1.0, 20.0, 56.0, 4.0, 6.0, 3.0, 3.0, 10.0, 10.0, 21.0, 3.0, 8.0, 26.0, 6.0, 26.0, 7.0, 9.0, 3.0, 7.0, 32.0, 30.0, 20.0, 9.0, 27.0, 5.0, 20.0, 4.0, 25.0, 10.0, 33.0, 27.0, 6.0, 4.0, 4.0, 46.0, 2.0, 2.0, 22.0, 52.0, 16.0, 1.0, 53.0, 30.0, 47.0, 11.0, 72.0, 1.0, 29.0, 63.0, 1.0, 13.0, 27.0, 26.0, 10.0, 32.0, 10.0, 9.0, 57.0, 9.0, 11.0, 15.0, 6.0, 18.0, 10.0, 6.0, 9.0, 14.0, 12.0, 72.0, 38.0, 8.0, 3.0, 2.0, 16.0, 18.0, 44.0, 15.0, 20.0, 7.0, 26.0, 22.0, 10.0, 45.0, 21.0, 9.0, 6.0, 7.0, 16.0, 6.0, 11.0, 5.0, 4.0, 58.0, 9.0, 13.0, 12.0, 13.0, 4.0, 17.0, 3.0, 8.0, 93.0, 1.0, 28.0, 24.0, 38.0, 35.0, 15.0, 53.0, 59.0, 36.0, 14.0, 25.0, 28.0, 2.0, 29.0, 72.0, 2.0, 20.0, 8.0, 57.0, 6.0, 38.0, 4.0, 57.0, 6.0, 8.0, 22.0, 7.0, 81.0, 10.0, 33.0, 26.0, 7.0, 11.0, 36.0, 9.0, 26.0, 6.0, 15.0, 10.0, 20.0, 66.0, 2.0, 29.0, 9.0, 42.0, 38.0, 2.0, 16.0, 45.0, 4.0, 11.0, 3.0, 8.0, 5.0, 4.0, 22.0, 15.0, 13.0, 2.0, 10.0, 25.0, 8.0, 17.0, 10.0, 7.0, 5.0, 42.0, 2.0, 14.0, 9.0, 15.0, 58.0, 5.0, 39.0, 15.0, 2.0, 31.0, 32.0, 11.0, 9.0, 7.0, 5.0, 8.0, 10.0, 15.0, 19.0, 31.0, 25.0, 14.0, 10.0, 41.0, 18.0, 42.0, 5.0, 22.0, 8.0, 11.0, 6.0, 1.0, 7.0, 34.0, 4.0, 50.0, 16.0, 9.0, 64.0, 5.0, 37.0, 22.0, 59.0, 25.0, 18.0, 32.0, 1.0, 10.0, 2.0, 2.0, 11.0, 9.0, 6.0, 15.0, 30.0, 11.0, 17.0, 20.0, 17.0, 7.0, 6.0, 65.0, 3.0, 13.0, 28.0, 2.0, 30.0, 21.0, 27.0, 42.0, 75.0, 4.0, 7.0, 8.0, 8.0, 73.0, 33.0, 2.0, 4.0, 51.0, 22.0, 12.0, 8.0, 4.0, 1.0, 95.0, 22.0, 13.0, 14.0, 20.0, 10.0, 39.0, 41.0, 1.0, 23.0, 6.0, 23.0, 1.0, 27.0, 10.0, 17.0, 1.0, 12.0, 34.0, 22.0, 27.0, 20.0, 18.0, 33.0, 2.0, 16.0, 25.0, 23.0, 10.0, 22.0, 72.0, 13.0, 13.0, 13.0, 12.0, 10.0, 16.0, 31.0, 41.0, 10.0, 3.0, 10.0, 8.0, 10.0, 3.0, 37.0, 39.0, 8.0, 31.0, 17.0, 11.0, 1.0, 12.0, 1.0, 30.0, 11.0, 18.0, 14.0, 24.0, 10.0, 8.0, 10.0, 29.0, 41.0, 5.0, 17.0, 36.0, 31.0, 42.0, 23.0, 39.0, 48.0, 24.0, 35.0, 60.0, 3.0, 29.0, 1.0, 16.0, 59.0, 3.0, 2.0, 8.0, 45.0, 7.0, 6.0, 10.0, 1.0, 40.0, 4.0, 4.0, 51.0, 35.0, 4.0, 43.0, 53.0, 24.0, 18.0, 5.0, 19.0, 2.0, 8.0, 2.0, 86.0, 30.0, 20.0, 20.0, 10.0, 39.0, 20.0, 34.0, 10.0, 49.0, 34.0, 6.0, 52.0, 4.0, 25.0, 5.0, 40.0, 21.0, 2.0, 11.0, 4.0, 10.0, 35.0, 29.0, 9.0, 8.0, 34.0, 15.0, 43.0, 21.0, 10.0, 10.0, 11.0, 12.0, 14.0, 35.0, 1.0, 12.0, 11.0, 2.0, 4.0, 39.0, 17.0, 19.0, 35.0, 9.0, 14.0, 6.0, 47.0, 3.0, 1.0, 6.0, 65.0, 1.0, 18.0, 51.0, 42.0, 10.0, 20.0, 2.0, 4.0, 54.0, 18.0, 8.0, 2.0, 20.0, 16.0, 3.0, 28.0, 113.0, 2.0, 20.0, 4.0, 18.0, 32.0, 54.0, 18.0, 51.0, 19.0, 3.0, 7.0, 3.0, 18.0, 27.0, 10.0, 21.0, 1.0, 12.0, 25.0, 12.0, 49.0, 3.0, 11.0, 4.0, 3.0, 5.0, 22.0, 3.0, 30.0, 46.0, 15.0, 16.0, 80.0, 5.0, 11.0, 18.0, 3.0, 41.0, 4.0, 3.0, 3.0, 12.0, 22.0, 11.0, 7.0, 11.0, 9.0, 3.0, 63.0, 6.0, 30.0, 1.0, 37.0, 84.0, 36.0, 40.0, 10.0, 22.0, 6.0, 35.0, 52.0, 9.0, 9.0, 5.0, 24.0, 3.0, 34.0, 11.0, 21.0, 17.0, 7.0, 12.0, 7.0, 64.0, 11.0, 25.0, 2.0, 8.0, 18.0, 1.0, 4.0, 9.0, 9.0, 29.0, 11.0, 6.0, 11.0, 2.0, 17.0, 10.0, 15.0, 15.0, 15.0, 56.0, 1.0, 5.0, 10.0, 4.0, 7.0, 18.0, 10.0, 17.0, 13.0, 58.0, 24.0, 24.0, 18.0, 40.0, 3.0, 10.0, 1.0, 33.0, 6.0, 4.0, 6.0, 24.0, 50.0, 26.0, 1.0, 13.0, 16.0, 12.0, 45.0, 9.0, 18.0, 1.0, 45.0, 29.0, 4.0, 47.0, 1.0, 9.0, 3.0, 7.0, 33.0, 2.0, 11.0, 12.0, 4.0, 2.0, 29.0, 3.0, 16.0, 16.0, 25.0, 32.0, 27.0, 16.0, 24.0, 15.0, 2.0, 19.0, 9.0, 3.0, 9.0, 39.0, 6.0, 11.0, 42.0, 18.0, 1.0, 2.0, 15.0, 9.0, 48.0, 9.0, 5.0, 12.0, 82.0, 14.0, 20.0, 28.0, 18.0, 4.0, 5.0, 34.0, 20.0, 3.0, 21.0, 14.0, 7.0, 3.0, 10.0, 9.0, 12.0, 1.0, 41.0, 5.0, 10.0, 18.0, 9.0, 3.0, 1.0, 10.0, 4.0, 24.0, 13.0, 64.0, 16.0, 13.0, 31.0, 4.0, 58.0, 6.0, 44.0, 26.0, 22.0, 10.0, 13.0, 8.0, 1.0, 93.0, 24.0, 16.0, 40.0, 10.0, 3.0, 67.0, 14.0, 17.0, 28.0, 15.0, 14.0, 4.0, 20.0, 16.0, 23.0, 1.0, 6.0, 11.0, 9.0, 9.0, 22.0, 26.0, 20.0, 28.0, 17.0, 17.0, 21.0, 5.0, 8.0, 11.0, 26.0, 3.0, 29.0, 19.0, 2.0, 26.0, 3.0, 17.0, 20.0, 19.0, 7.0, 12.0, 10.0, 10.0, 7.0, 23.0, 68.0, 13.0, 14.0, 40.0, 27.0, 7.0, 6.0, 11.0, 15.0, 10.0, 22.0, 4.0, 16.0, 9.0, 30.0, 25.0, 7.0, 9.0, 8.0, 2.0, 5.0, 77.0, 62.0, 8.0, 43.0, 30.0, 30.0, 40.0, 12.0, 1.0, 5.0, 35.0, 10.0, 18.0, 4.0, 9.0, 3.0, 19.0, 7.0, 8.0, 22.0, 10.0, 18.0, 3.0, 29.0, 9.0, 12.0, 5.0, 18.0, 11.0, 13.0, 21.0, 1.0, 19.0, 2.0, 4.0, 1.0, 4.0, 37.0, 57.0, 20.0, 22.0, 11.0, 6.0, 5.0, 13.0, 17.0, 22.0, 93.0, 20.0, 31.0, 96.0, 6.0, 1.0, 10.0, 11.0, 20.0, 25.0, 97.0, 4.0, 1.0, 5.0, 52.0, 15.0, 26.0, 9.0, 62.0, 9.0, 51.0, 7.0, 11.0, 3.0, 10.0, 15.0, 9.0, 6.0, 5.0, 19.0, 26.0, 16.0, 11.0, 9.0, 4.0, 2.0, 9.0, 3.0, 2.0, 3.0, 53.0, 11.0, 24.0, 30.0, 42.0, 17.0, 11.0, 2.0, 39.0, 44.0, 14.0, 21.0, 11.0, 13.0, 3.0, 36.0, 60.0, 4.0, 55.0, 16.0, 27.0, 15.0, 11.0, 20.0, 25.0, 27.0, 5.0, 9.0, 10.0, 5.0, 25.0, 29.0, 3.0, 8.0, 2.0, 14.0, 47.0, 8.0, 3.0, 10.0, 13.0, 12.0, 9.0, 36.0, 19.0, 21.0, 16.0, 60.0, 28.0, 2.0, 29.0, 16.0, 22.0, 8.0, 9.0, 19.0, 11.0, 38.0, 59.0, 20.0, 36.0, 23.0, 4.0, 49.0, 27.0, 3.0, 1.0, 5.0, 56.0, 38.0, 6.0, 56.0, 9.0, 28.0, 8.0, 19.0, 12.0, 18.0, 6.0, 15.0, 4.0, 9.0, 22.0, 7.0, 5.0, 16.0, 4.0, 22.0, 7.0, 13.0, 23.0, 9.0, 11.0, 21.0, 21.0, 3.0, 1.0, 15.0, 21.0, 6.0, 33.0, 7.0, 4.0, 19.0, 4.0, 18.0, 32.0, 8.0, 12.0, 27.0, 20.0, 54.0, 4.0, 8.0, 42.0, 44.0, 11.0, 53.0, 35.0, 17.0, 31.0, 11.0, 6.0, 12.0, 20.0, 21.0, 18.0, 37.0, 25.0, 3.0, 14.0, 20.0, 14.0, 5.0, 12.0, 38.0, 96.0, 37.0, 16.0, 4.0, 41.0, 8.0, 4.0, 43.0, 7.0, 3.0, 14.0, 21.0, 27.0, 22.0, 32.0, 1.0, 10.0, 9.0, 13.0, 21.0, 18.0, 30.0, 8.0, 11.0, 15.0, 31.0, 28.0, 1.0, 24.0, 1.0, 23.0, 12.0, 7.0, 5.0, 31.0, 31.0, 24.0, 33.0, 1.0, 20.0, 49.0, 9.0, 26.0, 4.0, 18.0, 4.0, 21.0, 22.0, 34.0, 17.0, 27.0, 3.0, 16.0, 8.0, 3.0, 10.0, 12.0, 52.0, 45.0, 32.0, 31.0, 44.0, 7.0, 43.0, 1.0, 1.0, 18.0, 19.0, 5.0, 25.0, 9.0, 4.0, 10.0, 54.0, 15.0, 3.0, 6.0, 20.0, 18.0, 3.0, 27.0, 14.0, 5.0, 65.0, 9.0, 6.0, 13.0, 55.0, 6.0, 15.0, 21.0, 37.0, 69.0, 17.0, 6.0, 15.0, 5.0, 12.0, 11.0, 8.0, 4.0, 10.0, 51.0, 11.0, 4.0, 4.0, 22.0, 26.0, 4.0, 4.0, 13.0, 34.0, 2.0, 32.0, 19.0, 1.0, 4.0, 9.0, 37.0, 1.0, 21.0, 11.0, 4.0, 23.0, 40.0, 8.0, 22.0, 8.0, 18.0, 3.0, 9.0, 3.0, 16.0, 12.0, 4.0, 16.0, 1.0, 19.0, 32.0, 11.0, 22.0, 8.0, 36.0, 5.0, 5.0, 27.0, 29.0, 3.0, 12.0, 3.0, 37.0, 10.0, 22.0, 19.0, 11.0, 4.0, 4.0, 7.0, 48.0, 13.0, 37.0, 4.0, 9.0, 3.0, 4.0, 3.0, 32.0, 20.0, 53.0, 9.0, 17.0, 7.0, 15.0, 2.0, 7.0, 28.0, 31.0, 70.0, 15.0, 6.0, 3.0, 62.0, 1.0, 28.0, 3.0, 19.0, 29.0, 2.0, 3.0, 12.0, 32.0, 5.0, 6.0, 7.0, 17.0, 27.0, 29.0, 20.0, 6.0, 8.0, 15.0, 3.0, 10.0, 19.0, 3.0, 15.0, 6.0, 9.0, 4.0, 11.0, 37.0, 25.0, 5.0, 2.0, 15.0, 19.0, 42.0, 4.0, 34.0, 15.0, 19.0, 24.0, 26.0, 3.0, 8.0, 9.0, 13.0, 10.0, 8.0, 4.0, 9.0, 13.0, 12.0, 21.0, 1.0, 17.0, 23.0, 1.0, 10.0, 8.0, 35.0, 12.0, 5.0, 10.0, 4.0, 9.0, 5.0, 44.0, 12.0, 11.0, 19.0, 5.0, 30.0, 7.0, 17.0, 20.0, 20.0, 40.0, 15.0, 4.0, 15.0, 29.0, 1.0, 36.0, 13.0, 7.0, 35.0, 6.0, 10.0, 56.0, 23.0, 31.0, 21.0, 66.0, 14.0, 22.0, 41.0, 45.0, 13.0, 10.0, 8.0, 29.0, 21.0, 25.0, 11.0, 6.0, 38.0, 31.0, 1.0, 2.0, 5.0, 51.0, 2.0, 18.0, 9.0, 25.0, 35.0, 2.0, 56.0, 6.0, 4.0, 2.0, 41.0, 31.0, 1.0, 17.0, 3.0, 86.0, 19.0, 34.0, 4.0, 22.0, 21.0, 29.0, 2.0, 11.0, 16.0, 11.0, 11.0, 25.0, 6.0, 12.0, 23.0, 10.0, 9.0, 1.0, 36.0, 20.0, 39.0, 13.0, 11.0, 46.0, 4.0, 22.0, 62.0, 28.0, 7.0, 26.0, 18.0, 8.0, 3.0, 11.0, 16.0, 5.0, 8.0, 30.0, 3.0, 34.0, 14.0, 4.0, 1.0, 24.0, 29.0, 5.0, 45.0, 6.0, 80.0, 10.0, 79.0, 62.0, 7.0, 33.0, 10.0, 8.0, 41.0, 17.0, 7.0, 5.0, 8.0, 88.0, 4.0, 26.0, 19.0, 9.0, 3.0, 41.0, 8.0, 9.0, 27.0, 23.0, 1.0, 13.0, 35.0, 30.0, 9.0, 18.0, 23.0, 23.0, 16.0, 4.0, 24.0, 1.0, 29.0, 16.0, 14.0, 41.0, 55.0, 5.0, 9.0, 5.0, 10.0, 22.0, 23.0, 18.0, 1.0, 46.0, 25.0, 6.0, 19.0, 9.0, 6.0, 11.0, 18.0, 34.0, 8.0, 15.0, 17.0, 21.0, 31.0, 19.0, 16.0, 17.0, 18.0, 2.0, 9.0, 31.0, 20.0, 3.0, 42.0, 37.0, 14.0, 41.0, 14.0, 33.0, 31.0, 71.0, 4.0, 34.0, 4.0, 7.0, 17.0, 21.0, 4.0, 46.0, 3.0, 7.0, 16.0, 44.0, 9.0, 20.0, 8.0, 2.0, 2.0, 26.0, 48.0, 4.0, 1.0, 2.0, 9.0, 10.0, 37.0, 9.0, 12.0, 2.0, 2.0, 39.0, 19.0, 42.0, 13.0, 23.0, 20.0, 8.0, 7.0, 13.0, 34.0, 120.0, 22.0, 11.0, 34.0, 1.0, 10.0, 2.0, 64.0, 57.0, 3.0, 2.0, 22.0, 31.0, 8.0, 69.0, 7.0, 14.0, 4.0, 20.0, 15.0, 35.0, 16.0, 20.0, 7.0, 1.0, 1.0, 12.0, 17.0, 11.0, 3.0, 3.0, 6.0, 19.0, 6.0, 6.0, 8.0, 4.0, 21.0, 8.0, 106.0, 2.0, 1.0, 3.0, 2.0, 21.0, 8.0, 43.0, 20.0, 16.0, 4.0, 9.0, 34.0, 73.0, 23.0, 94.0, 9.0, 20.0, 85.0, 20.0, 42.0, 11.0, 48.0, 23.0, 17.0, 35.0, 11.0, 9.0, 8.0, 10.0, 5.0, 5.0, 16.0, 10.0, 9.0, 8.0, 8.0, 2.0, 29.0, 3.0, 31.0, 9.0, 23.0, 5.0, 12.0, 14.0, 76.0, 8.0, 16.0, 8.0, 104.0, 12.0, 38.0, 6.0, 38.0, 7.0, 23.0, 3.0, 2.0, 9.0, 143.0, 5.0, 3.0, 29.0, 38.0, 22.0, 4.0, 5.0, 10.0, 21.0, 19.0, 36.0, 11.0, 19.0, 27.0, 7.0, 14.0, 18.0, 57.0, 4.0, 45.0, 8.0, 8.0, 33.0, 43.0, 9.0, 15.0, 7.0, 43.0, 59.0, 41.0, 15.0, 30.0, 15.0, 8.0, 13.0, 12.0, 16.0, 20.0, 7.0, 57.0, 22.0, 6.0, 75.0, 24.0, 2.0, 19.0, 27.0, 50.0, 1.0, 59.0, 17.0, 47.0, 25.0, 4.0, 31.0, 9.0, 7.0, 24.0, 17.0, 55.0, 10.0, 30.0, 8.0, 20.0, 32.0, 8.0, 78.0, 1.0, 44.0, 31.0, 44.0, 43.0, 9.0, 37.0, 4.0, 17.0, 26.0, 48.0, 3.0, 7.0, 1.0, 2.0, 2.0, 5.0, 43.0, 17.0, 10.0, 76.0, 19.0, 22.0, 4.0, 26.0, 19.0, 11.0, 7.0, 51.0, 1.0, 34.0, 38.0, 16.0, 29.0, 34.0, 26.0, 9.0, 3.0, 29.0, 9.0, 63.0, 39.0, 30.0, 21.0, 4.0, 37.0, 6.0, 2.0, 22.0, 52.0, 20.0, 28.0, 11.0, 38.0, 44.0, 32.0, 100.0, 19.0, 8.0, 55.0, 12.0, 37.0, 18.0, 6.0, 15.0, 3.0, 3.0, 10.0, 8.0, 31.0, 33.0] 

traffic times
 [28.0, 72.0, 16.0, 34.0, 11.0, 11.0, 3.0, 3.0, 50.0, 18.0, 15.0, 14.0, 1.0, 11.0, 16.0, 9.0, 19.0, 6.0, 4.0, 3.0, 15.0, 9.0, 53.0, 10.0, 9.0, 29.0, 20.0, 12.0, 30.0, 48.0, 22.0, 10.0, 2.0, 39.0, 22.0, 92.0, 4.0, 7.0, 38.0, 25.0, 9.0, 17.0, 7.0, 10.0, 20.0, 27.0, 98.0, 27.0, 6.0, 13.0, 36.0, 22.0, 3.0, 39.0, 3.0, 29.0, 107.0, 32.0, 17.0, 8.0, 7.0, 10.0, 38.0, 19.0, 9.0, 34.0, 38.0, 9.0, 22.0, 25.0, 1.0, 6.0, 85.0, 26.0, 10.0, 75.0, 21.0, 1.0, 9.0, 23.0, 13.0, 1.0, 18.0, 31.0, 8.0, 38.0, 19.0, 14.0, 8.0, 66.0, 33.0, 20.0, 22.0, 43.0, 32.0, 92.0, 39.0, 46.0, 3.0, 60.0, 22.0, 19.0, 6.0, 6.0, 36.0, 32.0, 2.0, 18.0, 47.0, 2.0, 35.0, 18.0, 39.0, 17.0, 4.0, 38.0, 12.0, 7.0, 20.0, 47.0, 7.0, 30.0, 73.0, 10.0, 35.0, 29.0, 2.0, 27.0, 26.0, 29.0, 6.0, 15.0, 24.0, 47.0, 7.0, 32.0, 24.0, 34.0, 32.0, 5.0, 10.0, 15.0, 25.0, 2.0, 10.0, 32.0, 37.0, 108.0, 11.0, 11.0, 21.0, 18.0, 29.0, 14.0, 16.0, 102.0, 20.0, 16.0, 13.0, 24.0, 33.0, 27.0, 11.0, 14.0, 53.0, 67.0, 5.0, 3.0, 21.0, 7.0, 2.0, 53.0, 12.0, 7.0, 6.0, 39.0, 29.0, 42.0, 41.0, 16.0, 20.0, 5.0, 13.0, 31.0, 40.0, 2.0, 59.0, 7.0, 44.0, 55.0, 3.0, 1.0, 20.0, 11.0, 12.0, 90.0, 7.0, 47.0, 69.0, 28.0, 8.0, 20.0, 5.0, 4.0, 14.0, 26.0, 3.0, 1.0, 3.0, 1.0, 48.0, 39.0, 52.0, 27.0, 8.0, 43.0, 12.0, 39.0, 52.0, 24.0, 10.0, 18.0, 9.0, 9.0, 40.0, 17.0, 6.0, 70.0, 53.0, 59.0, 30.0, 5.0, 127.0, 58.0, 51.0, 57.0, 11.0, 37.0, 34.0, 31.0, 33.0, 21.0, 11.0, 51.0, 1.0, 21.0, 15.0, 40.0, 57.0, 33.0, 46.0, 33.0, 26.0, 10.0, 38.0, 3.0, 14.0, 9.0, 4.0, 6.0, 11.0, 8.0, 31.0, 116.0, 92.0, 14.0, 20.0, 53.0, 66.0, 44.0, 34.0, 111.0, 40.0, 24.0, 1.0, 15.0, 14.0, 12.0, 5.0, 45.0, 15.0, 43.0, 13.0, 67.0, 58.0, 27.0, 33.0, 56.0, 27.0, 50.0, 6.0, 74.0, 47.0, 42.0, 17.0, 16.0, 16.0, 3.0, 4.0, 24.0, 10.0, 42.0, 37.0, 60.0, 24.0, 30.0, 6.0, 27.0, 67.0, 4.0, 66.0, 64.0, 40.0, 11.0, 33.0, 1.0, 5.0, 7.0, 14.0, 57.0, 39.0, 26.0, 2.0, 29.0, 32.0, 12.0, 78.0, 12.0, 6.0, 20.0, 19.0, 10.0, 111.0, 29.0, 7.0, 19.0, 8.0, 85.0, 11.0, 27.0, 34.0, 16.0, 28.0, 1.0, 24.0, 35.0, 92.0, 17.0, 11.0, 15.0, 13.0, 8.0, 35.0, 82.0, 26.0, 10.0, 9.0, 6.0, 7.0, 11.0, 103.0, 118.0, 22.0, 100.0, 22.0, 46.0, 9.0, 18.0, 13.0, 60.0, 29.0, 14.0, 6.0, 14.0, 5.0, 79.0, 8.0, 13.0, 10.0, 1.0, 33.0, 30.0, 49.0, 2.0, 83.0, 1.0, 1.0, 8.0, 19.0, 36.0, 37.0, 34.0, 27.0, 3.0, 45.0, 44.0, 10.0, 22.0, 14.0, 56.0, 74.0, 15.0, 20.0, 27.0, 49.0, 3.0, 5.0, 9.0, 10.0, 17.0, 96.0, 11.0, 11.0, 16.0, 68.0, 25.0, 8.0, 10.0, 58.0, 17.0, 43.0, 18.0, 1.0, 70.0, 45.0, 102.0, 76.0, 28.0, 9.0, 2.0, 14.0, 24.0, 31.0, 3.0, 60.0, 10.0, 38.0, 3.0, 48.0, 18.0, 2.0, 6.0, 147.0, 7.0, 46.0, 5.0, 22.0, 19.0, 7.0, 22.0, 7.0, 2.0, 47.0, 36.0, 121.0, 67.0, 31.0, 17.0, 5.0, 5.0, 16.0, 37.0, 36.0, 24.0, 31.0, 8.0, 71.0, 27.0, 55.0, 27.0, 8.0, 3.0, 88.0, 19.0, 38.0, 30.0, 23.0, 21.0, 28.0, 7.0, 15.0, 11.0, 47.0, 23.0, 27.0, 1.0, 10.0, 64.0, 32.0, 26.0, 20.0, 19.0, 87.0, 1.0, 1.0, 11.0, 10.0, 36.0, 17.0, 11.0, 9.0, 122.0, 2.0, 21.0, 34.0, 13.0, 15.0, 3.0, 15.0, 5.0, 32.0, 54.0, 16.0, 64.0, 35.0, 9.0, 20.0, 7.0, 5.0, 4.0, 8.0, 15.0, 10.0, 14.0, 2.0, 5.0, 2.0, 58.0, 91.0, 6.0, 23.0, 15.0, 5.0, 1.0, 73.0, 38.0, 7.0, 44.0, 2.0, 6.0, 2.0, 26.0, 26.0, 8.0, 10.0, 10.0, 45.0, 2.0, 19.0, 17.0, 26.0, 28.0, 8.0, 52.0, 12.0, 11.0, 17.0, 3.0, 1.0, 10.0, 16.0, 10.0, 14.0, 1.0, 20.0, 5.0, 84.0, 63.0, 42.0, 25.0, 1.0, 7.0, 8.0, 117.0, 6.0, 91.0, 31.0, 19.0, 20.0, 9.0, 58.0, 92.0, 3.0, 12.0, 15.0, 1.0, 23.0, 14.0, 6.0, 12.0, 26.0, 7.0, 16.0, 11.0, 22.0, 32.0, 5.0, 17.0, 24.0, 36.0, 67.0, 24.0, 69.0, 71.0, 17.0, 13.0, 30.0, 21.0, 13.0, 9.0, 73.0, 39.0, 56.0, 10.0, 48.0, 31.0, 47.0, 24.0, 40.0, 27.0, 4.0, 20.0, 14.0, 10.0, 36.0, 32.0, 6.0, 20.0, 9.0, 13.0, 50.0, 8.0, 1.0, 29.0, 58.0, 12.0, 15.0, 4.0, 10.0, 20.0, 32.0, 53.0, 13.0, 56.0, 28.0, 13.0, 44.0, 6.0, 1.0, 1.0, 26.0, 74.0, 49.0, 3.0, 128.0, 11.0, 19.0, 15.0, 80.0, 15.0, 8.0, 4.0, 19.0, 30.0, 15.0, 5.0, 50.0, 21.0, 28.0, 35.0, 28.0, 57.0, 64.0, 64.0, 15.0, 1.0, 50.0, 6.0, 37.0, 43.0, 39.0, 40.0, 5.0, 14.0, 17.0, 88.0, 26.0, 53.0, 68.0, 76.0, 23.0, 24.0, 92.0, 4.0, 22.0, 6.0, 37.0, 17.0, 12.0, 21.0, 17.0, 40.0, 25.0, 8.0, 3.0, 6.0, 14.0, 41.0, 42.0, 13.0, 9.0, 15.0, 13.0, 84.0, 5.0, 58.0, 21.0, 17.0, 30.0, 25.0, 18.0, 31.0, 32.0, 24.0, 43.0, 2.0, 16.0, 22.0, 12.0, 9.0, 32.0, 15.0, 18.0, 48.0, 7.0, 10.0, 61.0, 23.0, 11.0, 22.0, 1.0, 12.0, 36.0, 18.0, 6.0, 15.0, 12.0, 24.0, 51.0, 22.0, 16.0, 103.0, 10.0, 38.0, 10.0, 6.0, 116.0, 18.0, 10.0, 28.0, 31.0, 7.0, 60.0, 1.0, 28.0, 1.0, 18.0, 24.0, 1.0, 26.0, 3.0, 13.0, 20.0, 6.0, 7.0, 19.0, 12.0, 7.0, 66.0, 7.0, 11.0, 15.0, 30.0, 11.0, 47.0, 2.0, 60.0, 18.0, 30.0, 16.0, 33.0, 15.0, 29.0, 57.0, 2.0, 28.0, 32.0, 102.0, 40.0, 32.0, 76.0, 43.0, 25.0, 12.0, 28.0, 79.0, 13.0, 57.0, 26.0, 18.0, 2.0, 72.0, 81.0, 9.0, 4.0, 35.0, 13.0, 2.0, 12.0, 34.0, 28.0, 48.0, 9.0, 47.0, 16.0, 60.0, 8.0, 57.0, 46.0, 42.0, 11.0, 64.0, 15.0, 11.0, 14.0, 14.0, 31.0, 53.0, 13.0, 57.0, 48.0, 5.0, 15.0, 65.0, 24.0, 28.0, 53.0, 60.0, 11.0, 16.0, 7.0, 5.0, 14.0, 29.0, 16.0, 34.0, 28.0, 12.0, 47.0, 2.0, 2.0, 6.0, 23.0, 7.0, 28.0, 5.0, 134.0, 10.0, 49.0, 64.0, 26.0, 22.0, 39.0, 16.0, 38.0, 51.0, 27.0, 151.0, 27.0, 2.0, 21.0, 3.0, 7.0, 9.0, 48.0, 26.0, 7.0, 12.0, 43.0, 66.0, 47.0, 63.0, 3.0, 53.0, 55.0, 4.0, 28.0, 20.0, 44.0, 13.0, 25.0, 26.0, 54.0, 17.0, 16.0, 9.0, 28.0, 4.0, 6.0, 25.0, 88.0, 22.0, 35.0, 24.0, 8.0, 11.0, 7.0, 2.0, 4.0, 1.0, 19.0, 42.0, 18.0, 4.0, 33.0, 20.0, 85.0, 14.0, 9.0, 20.0, 8.0, 50.0, 4.0, 9.0, 17.0, 62.0, 13.0, 40.0, 19.0, 50.0, 41.0, 4.0, 86.0, 19.0, 12.0, 42.0, 46.0, 3.0, 18.0, 24.0, 3.0, 12.0, 2.0, 3.0, 11.0, 32.0, 18.0, 39.0, 9.0, 33.0, 64.0, 54.0, 1.0, 1.0, 1.0, 125.0, 23.0, 19.0, 30.0, 7.0, 2.0, 44.0, 2.0, 1.0, 70.0, 36.0, 84.0, 55.0, 24.0, 13.0, 6.0, 26.0, 12.0, 6.0, 19.0, 8.0, 3.0, 33.0, 29.0, 3.0, 9.0, 10.0, 24.0, 7.0, 32.0, 70.0, 31.0, 10.0, 10.0, 24.0, 6.0, 43.0, 14.0, 3.0, 9.0, 10.0, 13.0, 2.0, 91.0, 36.0, 10.0, 2.0, 10.0, 48.0, 65.0, 13.0, 10.0, 39.0, 41.0, 5.0, 13.0, 9.0, 33.0, 76.0, 48.0, 27.0, 15.0, 31.0, 54.0, 11.0, 8.0, 11.0, 18.0, 11.0, 9.0, 18.0, 15.0, 38.0, 4.0, 102.0, 51.0, 1.0, 31.0, 101.0, 22.0, 8.0, 2.0, 47.0, 20.0, 39.0, 12.0, 10.0, 14.0, 17.0, 33.0, 30.0, 1.0, 9.0, 21.0, 7.0, 28.0, 4.0, 12.0, 49.0, 45.0, 7.0, 96.0, 23.0, 1.0, 19.0, 1.0, 3.0, 51.0, 33.0, 57.0, 116.0, 46.0, 56.0, 3.0, 15.0, 11.0, 38.0, 11.0, 83.0, 39.0, 60.0, 2.0, 11.0, 4.0, 2.0, 6.0, 15.0, 30.0, 44.0, 15.0, 157.0, 21.0, 4.0, 1.0, 3.0, 19.0, 3.0, 31.0, 29.0, 4.0, 19.0, 11.0, 4.0, 30.0, 72.0, 44.0, 73.0, 19.0, 14.0, 33.0, 13.0, 6.0, 96.0, 29.0, 47.0, 20.0, 5.0, 6.0, 47.0, 11.0, 31.0, 26.0, 8.0, 33.0, 1.0, 43.0, 15.0, 43.0, 32.0, 7.0, 10.0, 10.0, 11.0, 21.0, 74.0, 21.0, 31.0, 1.0, 20.0, 16.0, 10.0, 4.0, 19.0, 27.0, 63.0, 36.0, 10.0, 52.0, 8.0, 11.0, 84.0, 1.0, 10.0, 13.0, 5.0, 5.0, 8.0, 12.0, 13.0, 21.0, 25.0, 11.0, 7.0, 105.0, 26.0, 33.0, 6.0, 13.0, 18.0, 93.0, 54.0, 9.0, 25.0, 6.0, 4.0, 48.0, 60.0, 53.0, 24.0, 1.0, 21.0, 5.0, 7.0, 9.0, 18.0, 1.0, 55.0, 7.0, 27.0, 36.0, 5.0, 35.0, 42.0, 84.0, 83.0, 2.0, 11.0, 34.0, 16.0, 49.0, 2.0, 11.0, 45.0, 12.0, 13.0, 32.0, 32.0, 40.0, 40.0, 19.0, 65.0, 24.0, 34.0, 6.0, 1.0, 4.0, 45.0, 24.0, 111.0, 20.0, 35.0, 15.0, 27.0, 39.0, 4.0, 38.0, 1.0, 26.0, 38.0, 12.0, 70.0, 19.0, 11.0, 27.0, 39.0, 3.0, 4.0, 37.0, 16.0, 4.0, 4.0, 6.0, 49.0, 15.0, 2.0, 91.0, 33.0, 10.0, 79.0, 4.0, 23.0, 1.0, 8.0, 22.0, 10.0, 29.0, 39.0, 2.0, 12.0, 1.0, 23.0, 83.0, 12.0, 21.0, 90.0, 1.0, 22.0, 30.0, 29.0, 31.0, 1.0, 9.0, 43.0, 38.0, 42.0, 17.0, 20.0, 43.0, 24.0, 28.0, 2.0, 6.0, 7.0, 4.0, 17.0, 13.0, 9.0, 4.0, 2.0, 33.0, 12.0, 34.0, 17.0, 49.0, 6.0, 1.0, 7.0, 25.0, 36.0, 14.0, 18.0, 100.0, 8.0, 104.0, 19.0, 12.0, 25.0, 12.0, 110.0, 15.0, 21.0, 59.0, 4.0, 15.0, 8.0, 25.0, 21.0, 19.0, 49.0, 30.0, 3.0, 8.0, 73.0, 5.0, 6.0, 50.0, 2.0, 18.0, 37.0, 58.0, 16.0, 25.0, 28.0, 8.0, 78.0, 23.0, 64.0, 1.0, 25.0, 20.0, 91.0, 5.0, 10.0, 7.0, 45.0, 15.0, 59.0, 56.0, 37.0, 22.0, 60.0, 48.0, 16.0, 19.0, 40.0, 22.0, 12.0, 17.0, 3.0, 6.0, 19.0, 25.0, 5.0, 21.0] 

total times
 [69.0, 77.0, 16.0, 38.0, 52.0, 39.0, 18.0, 13.0, 41.0, 1.0, 27.0, 4.0, 6.0, 57.0, 3.0, 17.0, 9.0, 66.0, 31.0, 23.0, 10.0, 20.0, 45.0, 16.0, 19.0, 1.0, 1.0, 14.0, 2.0, 16.0, 36.0, 2.0, 16.0, 6.0, 11.0, 19.0, 9.0, 1.0, 17.0, 74.0, 54.0, 54.0, 6.0, 6.0, 17.0, 8.0, 1.0, 6.0, 19.0, 26.0, 10.0, 2.0, 35.0, 34.0, 14.0, 19.0, 16.0, 7.0, 3.0, 14.0, 53.0, 3.0, 5.0, 24.0, 13.0, 1.0, 9.0, 49.0, 23.0, 66.0, 8.0, 27.0, 34.0, 39.0, 8.0, 2.0, 31.0, 9.0, 27.0, 30.0, 18.0, 96.0, 4.0, 79.0, 8.0, 23.0, 33.0, 7.0, 9.0, 49.0, 40.0, 53.0, 57.0, 40.0, 7.0, 2.0, 113.0, 19.0, 28.0, 13.0, 35.0, 10.0, 40.0, 21.0, 91.0, 16.0, 12.0, 24.0, 13.0, 3.0, 35.0, 27.0, 6.0, 34.0, 25.0, 9.0, 64.0, 11.0, 12.0, 30.0, 27.0, 3.0, 5.0, 14.0, 11.0, 1.0, 98.0, 62.0, 10.0, 17.0, 3.0, 33.0, 19.0, 44.0, 20.0, 57.0, 26.0, 4.0, 7.0, 39.0, 19.0, 33.0, 38.0, 16.0, 16.0, 29.0, 3.0, 6.0, 115.0, 37.0, 59.0, 10.0, 11.0, 8.0, 42.0, 40.0, 15.0, 28.0, 7.0, 60.0, 13.0, 57.0, 28.0, 45.0, 8.0, 23.0, 11.0, 17.0, 16.0, 8.0, 8.0, 3.0, 1.0, 41.0, 38.0, 24.0, 63.0, 28.0, 30.0, 7.0, 3.0, 7.0, 100.0, 17.0, 47.0, 22.0, 136.0, 27.0, 26.0, 78.0, 13.0, 22.0, 38.0, 13.0, 32.0, 33.0, 8.0, 27.0, 10.0, 35.0, 49.0, 9.0, 8.0, 23.0, 31.0, 8.0, 12.0, 43.0, 8.0, 45.0, 11.0, 36.0, 17.0, 12.0, 30.0, 78.0, 33.0, 14.0, 15.0, 10.0, 10.0, 22.0, 51.0, 47.0, 17.0, 19.0, 36.0, 69.0, 3.0, 134.0, 102.0, 53.0, 1.0, 21.0, 67.0, 4.0, 11.0, 25.0, 24.0, 53.0, 15.0, 20.0, 14.0, 11.0, 6.0, 61.0, 15.0, 36.0, 14.0, 4.0, 41.0, 32.0, 17.0, 35.0, 32.0, 20.0, 127.0, 6.0, 55.0, 49.0, 9.0, 43.0, 11.0, 5.0, 23.0, 7.0, 9.0, 10.0, 8.0, 12.0, 32.0, 9.0, 1.0, 46.0, 19.0, 15.0, 29.0, 20.0, 104.0, 13.0, 16.0, 50.0, 85.0, 10.0, 10.0, 18.0, 20.0, 23.0, 71.0, 75.0, 6.0, 13.0, 25.0, 35.0, 76.0, 23.0, 43.0, 42.0, 49.0, 15.0, 37.0, 14.0, 98.0, 23.0, 9.0, 25.0, 26.0, 52.0, 31.0, 11.0, 3.0, 19.0, 11.0, 50.0, 12.0, 11.0, 26.0, 81.0, 32.0, 8.0, 23.0, 23.0, 50.0, 27.0, 55.0, 2.0, 34.0, 42.0, 7.0, 9.0, 39.0, 51.0, 6.0, 48.0, 76.0, 14.0, 7.0, 29.0, 2.0, 5.0, 5.0, 8.0, 116.0, 53.0, 51.0, 13.0, 89.0, 22.0, 70.0, 53.0, 43.0, 22.0, 32.0, 134.0, 23.0, 29.0, 31.0, 25.0, 18.0, 17.0, 34.0, 37.0, 34.0, 27.0, 13.0, 33.0, 61.0, 67.0, 10.0, 35.0, 34.0, 7.0, 13.0, 44.0, 31.0, 31.0, 9.0, 10.0, 47.0, 39.0, 11.0, 11.0, 10.0, 7.0, 57.0, 3.0, 19.0, 54.0, 10.0, 10.0, 47.0, 60.0, 35.0, 18.0, 7.0, 24.0, 103.0, 6.0, 3.0, 66.0, 20.0, 12.0, 3.0, 9.0, 3.0, 23.0, 45.0, 9.0, 9.0, 32.0, 18.0, 31.0, 16.0, 44.0, 18.0, 9.0, 26.0, 21.0, 15.0, 11.0, 9.0, 15.0, 37.0, 6.0, 165.0, 9.0, 5.0, 91.0, 63.0, 70.0, 22.0, 7.0, 5.0, 56.0, 11.0, 14.0, 48.0, 108.0, 38.0, 9.0, 50.0, 4.0, 78.0, 73.0, 31.0, 12.0, 4.0, 20.0, 10.0, 29.0, 46.0, 30.0, 55.0, 20.0, 8.0, 17.0, 3.0, 18.0, 5.0, 53.0, 10.0, 46.0, 9.0, 11.0, 54.0, 14.0, 9.0, 36.0, 7.0, 3.0, 4.0, 49.0, 41.0, 6.0, 9.0, 83.0, 77.0, 14.0, 29.0, 27.0, 1.0, 47.0, 1.0, 13.0, 59.0, 10.0, 6.0, 92.0, 45.0, 8.0, 5.0, 63.0, 37.0, 4.0, 5.0, 21.0, 2.0, 7.0, 5.0, 10.0, 95.0, 22.0, 36.0, 3.0, 8.0, 17.0, 17.0, 22.0, 53.0, 24.0, 72.0, 24.0, 8.0, 19.0, 9.0, 3.0, 70.0, 56.0, 63.0, 34.0, 78.0, 74.0, 9.0, 33.0, 127.0, 59.0, 7.0, 10.0, 17.0, 21.0, 73.0, 57.0, 61.0, 22.0, 45.0, 126.0, 10.0, 34.0, 34.0, 40.0, 17.0, 28.0, 4.0, 38.0, 21.0, 8.0, 59.0, 29.0, 14.0, 7.0, 17.0, 20.0, 31.0, 1.0, 9.0, 9.0, 34.0, 1.0, 22.0, 62.0, 27.0, 57.0, 60.0, 22.0, 18.0, 35.0, 12.0, 103.0, 3.0, 33.0, 42.0, 2.0, 39.0, 55.0, 45.0, 38.0, 4.0, 4.0, 51.0, 33.0, 1.0, 15.0, 27.0, 32.0, 1.0, 9.0, 8.0, 16.0, 8.0, 15.0, 23.0, 58.0, 2.0, 10.0, 44.0, 38.0, 5.0, 120.0, 3.0, 19.0, 97.0, 18.0, 21.0, 23.0, 53.0, 76.0, 11.0, 2.0, 48.0, 9.0, 122.0, 112.0, 78.0, 35.0, 19.0, 58.0, 3.0, 9.0, 4.0, 20.0, 5.0, 85.0, 48.0, 2.0, 18.0, 9.0, 36.0, 12.0, 9.0, 82.0, 19.0, 9.0, 95.0, 7.0, 29.0, 71.0, 68.0, 29.0, 37.0, 67.0, 20.0, 31.0, 69.0, 116.0, 10.0, 24.0, 2.0, 106.0, 2.0, 52.0, 43.0, 86.0, 2.0, 20.0, 1.0, 8.0, 3.0, 15.0, 17.0, 74.0, 54.0, 10.0, 3.0, 2.0, 19.0, 7.0, 6.0, 34.0, 13.0, 23.0, 67.0, 5.0, 44.0, 3.0, 43.0, 137.0, 60.0, 7.0, 24.0, 15.0, 15.0, 12.0, 26.0, 20.0, 52.0, 4.0, 16.0, 30.0, 3.0, 2.0, 1.0, 27.0, 82.0, 14.0, 67.0, 4.0, 78.0, 23.0, 50.0, 2.0, 19.0, 45.0, 13.0, 82.0, 9.0, 56.0, 27.0, 1.0, 35.0, 10.0, 29.0, 13.0, 9.0, 34.0, 7.0, 53.0, 10.0, 57.0, 41.0, 29.0, 9.0, 16.0, 28.0, 68.0, 4.0, 49.0, 52.0, 12.0, 82.0, 16.0, 40.0, 18.0, 12.0, 29.0, 8.0, 13.0, 23.0, 41.0, 32.0, 31.0, 111.0, 15.0, 22.0, 14.0, 35.0, 11.0, 13.0, 24.0, 9.0, 6.0, 12.0, 39.0, 9.0, 9.0, 5.0, 39.0, 103.0, 9.0, 3.0, 11.0, 29.0, 32.0, 54.0, 17.0, 2.0, 47.0, 6.0, 12.0, 59.0, 9.0, 26.0, 87.0, 94.0, 25.0, 9.0, 5.0, 15.0, 51.0, 18.0, 8.0, 8.0, 22.0, 7.0, 38.0, 2.0, 24.0, 91.0, 4.0, 42.0, 9.0, 1.0, 25.0, 22.0, 9.0, 18.0, 22.0, 8.0, 18.0, 10.0, 9.0, 1.0, 11.0, 51.0, 6.0, 15.0, 1.0, 29.0, 59.0, 14.0, 20.0, 109.0, 28.0, 45.0, 9.0, 118.0, 24.0, 12.0, 24.0, 2.0, 103.0, 29.0, 74.0, 58.0, 59.0, 8.0, 47.0, 43.0, 40.0, 2.0, 4.0, 5.0, 87.0, 6.0, 36.0, 13.0, 27.0, 22.0, 45.0, 8.0, 44.0, 11.0, 12.0, 48.0, 41.0, 15.0, 30.0, 10.0, 7.0, 86.0, 43.0, 17.0, 13.0, 10.0, 1.0, 73.0, 27.0, 13.0, 57.0, 1.0, 7.0, 41.0, 3.0, 10.0, 7.0, 18.0, 9.0, 33.0, 51.0, 12.0, 136.0, 8.0, 1.0, 5.0, 8.0, 57.0, 21.0, 46.0, 41.0, 22.0, 42.0, 9.0, 47.0, 56.0, 6.0, 11.0, 13.0, 4.0, 45.0, 44.0, 49.0, 8.0, 12.0, 36.0, 26.0, 18.0, 2.0, 5.0, 20.0, 60.0, 46.0, 3.0, 7.0, 2.0, 16.0, 74.0, 2.0, 19.0, 18.0, 18.0, 44.0, 5.0, 19.0, 3.0, 51.0, 3.0, 20.0, 30.0, 9.0, 30.0, 31.0, 67.0, 13.0, 17.0, 3.0, 71.0, 1.0, 7.0, 12.0, 11.0, 19.0, 42.0, 24.0, 3.0, 99.0, 15.0, 11.0, 32.0, 31.0, 68.0, 105.0, 51.0, 8.0, 16.0, 14.0, 1.0, 3.0, 3.0, 5.0, 74.0, 21.0, 63.0, 23.0, 41.0, 20.0, 98.0, 59.0, 3.0, 164.0, 84.0, 46.0, 2.0, 19.0, 27.0, 2.0, 57.0, 18.0, 28.0, 24.0, 12.0, 7.0, 31.0, 64.0, 6.0, 19.0, 73.0, 44.0, 29.0, 7.0, 11.0, 7.0, 30.0, 10.0, 71.0, 27.0, 23.0, 2.0, 59.0, 8.0, 23.0, 50.0, 9.0, 4.0, 8.0, 40.0, 13.0, 31.0, 6.0, 24.0, 182.0, 8.0, 22.0, 10.0, 40.0, 20.0, 8.0, 19.0, 68.0, 13.0, 22.0, 4.0, 3.0, 9.0, 42.0, 6.0, 32.0, 19.0, 17.0, 7.0, 22.0, 2.0, 12.0, 3.0, 33.0, 99.0, 31.0, 14.0, 48.0, 38.0, 75.0, 46.0, 8.0, 5.0, 123.0, 27.0, 24.0, 9.0, 76.0, 89.0, 39.0, 17.0, 8.0, 7.0, 13.0, 20.0, 3.0, 6.0, 6.0, 16.0, 9.0, 39.0, 52.0, 14.0, 5.0, 8.0, 11.0, 63.0, 27.0, 5.0, 7.0, 11.0, 44.0, 77.0, 3.0, 15.0, 36.0, 3.0, 19.0, 80.0, 37.0, 68.0, 55.0, 41.0, 64.0, 20.0, 48.0, 15.0, 21.0, 32.0, 53.0, 89.0, 28.0, 3.0, 1.0, 9.0, 4.0, 23.0, 4.0, 6.0, 3.0, 56.0, 44.0, 7.0, 15.0, 40.0, 8.0, 3.0, 15.0, 13.0, 65.0, 47.0, 7.0, 50.0, 39.0, 29.0, 40.0, 9.0, 7.0, 43.0, 55.0, 9.0, 5.0, 30.0, 16.0, 33.0, 32.0, 14.0, 12.0, 51.0, 16.0, 5.0, 44.0, 110.0, 4.0, 20.0, 14.0, 9.0, 31.0, 2.0, 21.0, 67.0, 5.0, 55.0, 34.0, 5.0, 16.0, 40.0, 11.0, 8.0, 1.0, 27.0, 4.0, 69.0, 37.0, 21.0, 95.0, 2.0, 24.0, 66.0, 50.0, 28.0, 17.0, 18.0, 8.0, 54.0, 21.0, 28.0, 4.0, 5.0, 13.0, 122.0, 5.0, 21.0, 64.0, 36.0, 7.0, 46.0, 17.0, 56.0, 55.0, 42.0, 13.0, 15.0, 1.0, 11.0, 37.0, 41.0, 37.0, 34.0, 34.0, 10.0, 55.0, 1.0, 20.0, 1.0, 39.0, 3.0, 70.0, 35.0, 10.0, 25.0, 13.0, 28.0, 11.0, 51.0, 6.0, 40.0, 10.0, 19.0, 24.0, 3.0, 4.0, 4.0, 24.0, 27.0, 36.0, 12.0, 3.0, 42.0, 11.0, 76.0, 10.0, 19.0, 4.0, 6.0, 17.0, 15.0, 1.0, 28.0, 3.0, 9.0, 54.0, 91.0, 4.0, 22.0, 13.0, 19.0, 34.0, 9.0, 5.0, 21.0, 2.0, 67.0, 101.0, 62.0, 23.0, 45.0, 9.0, 10.0, 73.0, 17.0, 41.0, 32.0, 11.0, 21.0, 62.0, 11.0, 24.0, 22.0, 2.0, 18.0, 21.0, 6.0, 30.0, 14.0, 61.0, 4.0, 34.0, 31.0, 21.0, 24.0, 97.0, 26.0, 21.0, 16.0, 9.0, 21.0, 12.0, 14.0, 8.0, 36.0, 99.0, 7.0, 51.0, 8.0, 19.0, 1.0, 39.0, 8.0, 2.0, 12.0, 43.0, 8.0, 49.0, 30.0, 26.0, 2.0, 110.0, 28.0, 39.0, 19.0, 24.0, 43.0, 12.0, 20.0, 25.0, 31.0, 3.0, 52.0, 17.0, 33.0, 30.0, 35.0, 18.0, 5.0, 37.0, 12.0, 16.0, 13.0, 100.0, 8.0, 84.0, 73.0, 34.0, 5.0, 8.0, 11.0, 12.0, 26.0, 117.0, 7.0, 14.0, 42.0, 39.0, 112.0, 142.0, 34.0, 63.0, 38.0, 10.0, 3.0, 8.0, 52.0, 45.0, 6.0, 57.0, 32.0, 19.0, 8.0, 6.0, 22.0, 53.0, 19.0, 10.0, 23.0, 22.0, 6.0, 9.0, 26.0, 10.0, 15.0, 2.0, 64.0, 103.0, 86.0, 15.0, 18.0, 22.0, 2.0, 24.0, 77.0, 31.0, 1.0, 17.0, 9.0, 20.0, 56.0, 16.0, 30.0, 4.0, 6.0, 3.0, 3.0, 10.0, 7.0, 10.0, 37.0, 3.0, 8.0, 26.0, 6.0, 26.0, 13.0, 22.0, 7.0, 9.0, 37.0, 3.0, 12.0, 7.0, 32.0, 55.0, 20.0, 9.0, 27.0, 5.0, 65.0, 76.0, 28.0, 103.0, 10.0, 33.0, 73.0, 51.0, 6.0, 23.0, 4.0, 85.0, 2.0, 2.0, 22.0, 73.0, 16.0, 16.0, 13.0, 79.0, 1.0, 53.0, 30.0, 47.0, 11.0, 72.0, 47.0, 1.0, 94.0, 80.0, 1.0, 13.0, 75.0, 26.0, 10.0, 32.0, 10.0, 9.0, 57.0, 9.0, 51.0, 15.0, 6.0, 47.0, 31.0, 40.0, 54.0, 23.0, 6.0, 29.0, 14.0, 31.0, 82.0, 38.0, 51.0, 3.0, 2.0, 16.0, 18.0, 85.0, 8.0, 26.0, 15.0, 38.0, 7.0, 26.0, 22.0, 10.0, 45.0, 34.0, 54.0, 12.0, 9.0, 5.0, 6.0, 7.0, 16.0, 6.0, 49.0, 5.0, 62.0, 58.0, 9.0, 13.0, 33.0, 28.0, 8.0, 36.0, 3.0, 28.0, 135.0, 1.0, 28.0, 24.0, 55.0, 13.0, 38.0, 101.0, 15.0, 53.0, 96.0, 36.0, 14.0, 25.0, 28.0, 2.0, 42.0, 116.0, 2.0, 20.0, 14.0, 8.0, 57.0, 6.0, 1.0, 38.0, 4.0, 57.0, 6.0, 8.0, 22.0, 7.0, 92.0, 36.0, 33.0, 26.0, 78.0, 63.0, 7.0, 11.0, 36.0, 128.0, 9.0, 26.0, 6.0, 15.0, 28.0, 20.0, 66.0, 2.0, 29.0, 9.0, 42.0, 38.0, 25.0, 17.0, 88.0, 16.0, 45.0, 23.0, 4.0, 11.0, 3.0, 8.0, 8.0, 5.0, 8.0, 49.0, 15.0, 52.0, 2.0, 10.0, 25.0, 30.0, 17.0, 10.0, 7.0, 5.0, 47.0, 50.0, 2.0, 14.0, 9.0, 15.0, 58.0, 33.0, 28.0, 39.0, 56.0, 30.0, 88.0, 65.0, 32.0, 11.0, 9.0, 7.0, 65.0, 5.0, 18.0, 17.0, 53.0, 25.0, 15.0, 37.0, 49.0, 19.0, 31.0, 48.0, 42.0, 25.0, 14.0, 10.0, 41.0, 18.0, 42.0, 5.0, 22.0, 8.0, 11.0, 6.0, 6.0, 14.0, 7.0, 34.0, 29.0, 50.0, 16.0, 9.0, 64.0, 95.0, 5.0, 72.0, 57.0, 22.0, 59.0, 75.0, 25.0, 18.0, 32.0, 76.0, 31.0, 43.0, 102.0, 14.0, 24.0, 25.0, 9.0, 6.0, 61.0, 30.0, 11.0, 17.0, 20.0, 17.0, 17.0, 7.0, 12.0, 23.0, 6.0, 65.0, 3.0, 21.0, 40.0, 47.0, 44.0, 2.0, 33.0, 21.0, 27.0, 42.0, 10.0, 89.0, 4.0, 7.0, 8.0, 45.0, 8.0, 73.0, 44.0, 15.0, 50.0, 2.0, 19.0, 17.0, 135.0, 22.0, 12.0, 8.0, 9.0, 59.0, 95.0, 22.0, 13.0, 44.0, 20.0, 10.0, 39.0, 41.0, 1.0, 23.0, 6.0, 49.0, 1.0, 27.0, 10.0, 55.0, 25.0, 1.0, 12.0, 34.0, 22.0, 22.0, 27.0, 20.0, 18.0, 33.0, 42.0, 33.0, 26.0, 68.0, 25.0, 23.0, 10.0, 22.0, 72.0, 15.0, 16.0, 13.0, 13.0, 24.0, 30.0, 10.0, 16.0, 31.0, 41.0, 10.0, 3.0, 10.0, 8.0, 10.0, 20.0, 37.0, 39.0, 40.0, 8.0, 31.0, 17.0, 11.0, 16.0, 12.0, 1.0, 87.0, 11.0, 33.0, 14.0, 34.0, 65.0, 10.0, 40.0, 10.0, 29.0, 15.0, 41.0, 5.0, 17.0, 29.0, 36.0, 41.0, 12.0, 42.0, 23.0, 39.0, 48.0, 24.0, 35.0, 60.0, 3.0, 29.0, 1.0, 16.0, 95.0, 3.0, 2.0, 8.0, 45.0, 7.0, 6.0, 10.0, 18.0, 6.0, 1.0, 40.0, 4.0, 4.0, 17.0, 51.0, 15.0, 35.0, 26.0, 62.0, 65.0, 53.0, 24.0, 18.0, 5.0, 19.0, 19.0, 2.0, 120.0, 2.0, 96.0, 68.0, 20.0, 20.0, 14.0, 10.0, 39.0, 20.0, 34.0, 10.0, 49.0, 34.0, 6.0, 52.0, 10.0, 116.0, 49.0, 5.0, 40.0, 21.0, 2.0, 13.0, 49.0, 4.0, 10.0, 35.0, 69.0, 15.0, 78.0, 8.0, 6.0, 71.0, 15.0, 43.0, 21.0, 5.0, 38.0, 44.0, 11.0, 12.0, 15.0, 35.0, 1.0, 12.0, 30.0, 11.0, 2.0, 7.0, 19.0, 24.0, 10.0, 39.0, 17.0, 36.0, 35.0, 9.0, 14.0, 6.0, 47.0, 19.0, 3.0, 22.0, 6.0, 81.0, 68.0, 8.0, 1.0, 29.0, 66.0, 30.0, 13.0, 89.0, 12.0, 20.0, 2.0, 64.0, 54.0, 18.0, 8.0, 2.0, 20.0, 16.0, 3.0, 28.0, 140.0, 2.0, 50.0, 20.0, 18.0, 73.0, 77.0, 18.0, 51.0, 19.0, 37.0, 3.0, 72.0, 5.0, 55.0, 27.0, 10.0, 21.0, 1.0, 12.0, 25.0, 35.0, 12.0, 159.0, 3.0, 41.0, 11.0, 4.0, 3.0, 45.0, 76.0, 33.0, 3.0, 30.0, 99.0, 15.0, 16.0, 114.0, 24.0, 11.0, 18.0, 3.0, 30.0, 41.0, 4.0, 3.0, 3.0, 12.0, 22.0, 11.0, 7.0, 11.0, 9.0, 3.0, 142.0, 6.0, 30.0, 17.0, 1.0, 37.0, 149.0, 36.0, 34.0, 40.0, 10.0, 22.0, 33.0, 6.0, 35.0, 52.0, 9.0, 9.0, 5.0, 24.0, 80.0, 3.0, 34.0, 99.0, 21.0, 13.0, 17.0, 12.0, 39.0, 7.0, 34.0, 7.0, 64.0, 13.0, 46.0, 43.0, 2.0, 36.0, 48.0, 27.0, 1.0, 4.0, 64.0, 9.0, 16.0, 29.0, 11.0, 6.0, 11.0, 70.0, 32.0, 10.0, 15.0, 61.0, 50.0, 15.0, 15.0, 56.0, 1.0, 5.0, 10.0, 4.0, 7.0, 42.0, 18.0, 17.0, 67.0, 10.0, 17.0, 13.0, 58.0, 24.0, 24.0, 42.0, 40.0, 15.0, 3.0, 10.0, 1.0, 33.0, 6.0, 18.0, 6.0, 24.0, 50.0, 26.0, 14.0, 1.0, 13.0, 16.0, 31.0, 53.0, 12.0, 21.0, 65.0, 51.0, 5.0, 45.0, 9.0, 18.0, 1.0, 45.0, 53.0, 4.0, 120.0, 1.0, 33.0, 3.0, 32.0, 53.0, 76.0, 52.0, 2.0, 34.0, 12.0, 11.0, 14.0, 24.0, 29.0, 29.0, 3.0, 18.0, 16.0, 37.0, 16.0, 25.0, 70.0, 27.0, 16.0, 45.0, 47.0, 15.0, 9.0, 4.0, 19.0, 9.0, 3.0, 10.0, 28.0, 9.0, 39.0, 13.0, 32.0, 11.0, 42.0, 9.0, 160.0, 1.0, 2.0, 15.0, 9.0, 14.0, 49.0, 48.0, 9.0, 5.0, 12.0, 146.0, 14.0, 46.0, 23.0, 28.0, 18.0, 39.0, 4.0, 5.0, 34.0, 20.0, 26.0, 21.0, 14.0, 53.0, 61.0, 10.0, 9.0, 47.0, 162.0, 41.0, 5.0, 10.0, 18.0, 9.0, 3.0, 1.0, 29.0, 10.0, 4.0, 36.0, 13.0, 90.0, 16.0, 9.0, 15.0, 13.0, 47.0, 4.0, 58.0, 6.0, 100.0, 61.0, 22.0, 9.0, 10.0, 13.0, 8.0, 1.0, 93.0, 36.0, 16.0, 40.0, 53.0, 3.0, 67.0, 14.0, 69.0, 17.0, 28.0, 15.0, 61.0, 67.0, 20.0, 29.0, 23.0, 63.0, 6.0, 11.0, 64.0, 23.0, 22.0, 63.0, 20.0, 57.0, 61.0, 17.0, 21.0, 5.0, 8.0, 11.0, 26.0, 3.0, 29.0, 17.0, 19.0, 2.0, 26.0, 3.0, 17.0, 20.0, 19.0, 29.0, 26.0, 7.0, 12.0, 10.0, 10.0, 7.0, 23.0, 68.0, 13.0, 14.0, 104.0, 52.0, 7.0, 26.0, 12.0, 30.0, 10.0, 11.0, 15.0, 10.0, 10.0, 28.0, 22.0, 4.0, 91.0, 16.0, 9.0, 30.0, 25.0, 29.0, 40.0, 28.0, 9.0, 8.0, 2.0, 10.0, 5.0, 17.0, 77.0, 78.0, 19.0, 43.0, 30.0, 30.0, 40.0, 25.0, 11.0, 5.0, 35.0, 10.0, 18.0, 42.0, 4.0, 9.0, 3.0, 37.0, 11.0, 41.0, 8.0, 23.0, 22.0, 105.0, 18.0, 18.0, 3.0, 29.0, 9.0, 16.0, 40.0, 10.0, 5.0, 18.0, 11.0, 70.0, 21.0, 1.0, 19.0, 14.0, 4.0, 1.0, 4.0, 37.0, 75.0, 20.0, 20.0, 22.0, 11.0, 6.0, 5.0, 13.0, 17.0, 22.0, 93.0, 66.0, 20.0, 31.0, 96.0, 48.0, 6.0, 1.0, 10.0, 11.0, 20.0, 54.0, 61.0, 25.0, 4.0, 192.0, 19.0, 4.0, 1.0, 5.0, 52.0, 15.0, 16.0, 48.0, 80.0, 12.0, 22.0, 28.0, 62.0, 9.0, 7.0, 16.0, 51.0, 7.0, 11.0, 5.0, 9.0, 10.0, 11.0, 15.0, 9.0, 6.0, 5.0, 19.0, 26.0, 48.0, 23.0, 11.0, 9.0, 4.0, 2.0, 9.0, 3.0, 2.0, 42.0, 62.0, 11.0, 24.0, 30.0, 42.0, 17.0, 44.0, 2.0, 93.0, 71.0, 98.0, 14.0, 21.0, 11.0, 13.0, 3.0, 36.0, 60.0, 4.0, 55.0, 16.0, 27.0, 15.0, 11.0, 20.0, 25.0, 27.0, 5.0, 9.0, 20.0, 5.0, 25.0, 29.0, 3.0, 8.0, 12.0, 23.0, 47.0, 142.0, 3.0, 10.0, 13.0, 27.0, 23.0, 50.0, 9.0, 2.0, 61.0, 6.0, 36.0, 5.0, 96.0, 21.0, 36.0, 16.0, 84.0, 60.0, 90.0, 34.0, 17.0, 10.0, 29.0, 51.0, 41.0, 8.0, 9.0, 34.0, 11.0, 19.0, 54.0, 59.0, 20.0, 36.0, 26.0, 4.0, 49.0, 27.0, 3.0, 1.0, 5.0, 89.0, 76.0, 6.0, 67.0, 26.0, 28.0, 13.0, 32.0, 11.0, 40.0, 19.0, 79.0, 12.0, 18.0, 37.0, 15.0, 12.0, 14.0, 9.0, 22.0, 24.0, 9.0, 46.0, 7.0, 5.0, 16.0, 4.0, 45.0, 7.0, 25.0, 39.0, 19.0, 11.0, 21.0, 21.0, 3.0, 16.0, 1.0, 15.0, 21.0, 6.0, 33.0, 7.0, 4.0, 19.0, 6.0, 99.0, 39.0, 18.0, 32.0, 8.0, 29.0, 27.0, 22.0, 54.0, 4.0, 18.0, 90.0, 67.0, 44.0, 16.0, 29.0, 53.0, 35.0, 17.0, 31.0, 60.0, 6.0, 12.0, 70.0, 26.0, 18.0, 37.0, 47.0, 3.0, 10.0, 36.0, 14.0, 20.0, 83.0, 49.0, 34.0, 14.0, 5.0, 35.0, 38.0, 96.0, 35.0, 54.0, 37.0, 16.0, 4.0, 41.0, 8.0, 14.0, 4.0, 58.0, 7.0, 3.0, 14.0, 21.0, 15.0, 27.0, 22.0, 19.0, 32.0, 1.0, 10.0, 9.0, 11.0, 13.0, 15.0, 21.0, 25.0, 18.0, 45.0, 46.0, 11.0, 28.0, 106.0, 90.0, 38.0, 1.0, 24.0, 31.0, 1.0, 23.0, 122.0, 7.0, 5.0, 31.0, 53.0, 24.0, 11.0, 6.0, 49.0, 62.0, 40.0, 39.0, 59.0, 9.0, 26.0, 4.0, 41.0, 4.0, 21.0, 39.0, 34.0, 17.0, 27.0, 36.0, 16.0, 8.0, 33.0, 10.0, 12.0, 61.0, 45.0, 32.0, 13.0, 31.0, 44.0, 30.0, 7.0, 43.0, 13.0, 32.0, 14.0, 20.0, 74.0, 19.0, 50.0, 25.0, 9.0, 4.0, 11.0, 10.0, 54.0, 121.0, 3.0, 6.0, 20.0, 18.0, 3.0, 57.0, 14.0, 5.0, 65.0, 9.0, 6.0, 5.0, 20.0, 13.0, 55.0, 16.0, 15.0, 24.0, 88.0, 69.0, 17.0, 6.0, 33.0, 15.0, 5.0, 77.0, 11.0, 8.0, 121.0, 4.0, 10.0, 51.0, 11.0, 4.0, 48.0, 4.0, 87.0, 29.0, 4.0, 24.0, 13.0, 13.0, 34.0, 2.0, 32.0, 64.0, 20.0, 87.0, 9.0, 76.0, 60.0, 6.0, 20.0, 7.0, 21.0, 11.0, 4.0, 35.0, 40.0, 8.0, 22.0, 8.0, 18.0, 3.0, 9.0, 3.0, 22.0, 12.0, 19.0, 16.0, 1.0, 57.0, 48.0, 32.0, 11.0, 22.0, 8.0, 19.0, 36.0, 5.0, 5.0, 27.0, 159.0, 58.0, 8.0, 4.0, 3.0, 39.0, 3.0, 37.0, 10.0, 22.0, 19.0, 23.0, 35.0, 33.0, 4.0, 11.0, 48.0, 40.0, 37.0, 4.0, 14.0, 9.0, 3.0, 8.0, 3.0, 32.0, 20.0, 53.0, 9.0, 17.0, 7.0, 15.0, 2.0, 34.0, 86.0, 28.0, 75.0, 70.0, 94.0, 30.0, 14.0, 3.0, 105.0, 1.0, 28.0, 3.0, 40.0, 10.0, 100.0, 32.0, 29.0, 56.0, 23.0, 12.0, 37.0, 11.0, 6.0, 62.0, 36.0, 27.0, 29.0, 61.0, 6.0, 26.0, 24.0, 15.0, 3.0, 10.0, 52.0, 3.0, 15.0, 6.0, 9.0, 5.0, 11.0, 37.0, 25.0, 5.0, 2.0, 15.0, 19.0, 94.0, 19.0, 34.0, 15.0, 19.0, 24.0, 47.0, 67.0, 3.0, 8.0, 9.0, 26.0, 10.0, 8.0, 14.0, 14.0, 29.0, 13.0, 12.0, 52.0, 83.0, 27.0, 17.0, 23.0, 1.0, 10.0, 31.0, 8.0, 36.0, 12.0, 5.0, 10.0, 4.0, 38.0, 5.0, 44.0, 12.0, 16.0, 17.0, 25.0, 19.0, 5.0, 30.0, 26.0, 7.0, 17.0, 20.0, 20.0, 40.0, 15.0, 4.0, 15.0, 29.0, 1.0, 36.0, 48.0, 70.0, 39.0, 35.0, 6.0, 12.0, 68.0, 73.0, 11.0, 23.0, 31.0, 85.0, 32.0, 14.0, 66.0, 24.0, 14.0, 22.0, 60.0, 45.0, 13.0, 10.0, 13.0, 8.0, 37.0, 15.0, 21.0, 25.0, 15.0, 11.0, 6.0, 38.0, 31.0, 1.0, 30.0, 5.0, 26.0, 11.0, 51.0, 17.0, 18.0, 9.0, 25.0, 35.0, 2.0, 170.0, 34.0, 6.0, 37.0, 2.0, 41.0, 31.0, 1.0, 31.0, 3.0, 86.0, 19.0, 34.0, 17.0, 22.0, 21.0, 29.0, 2.0, 11.0, 16.0, 11.0, 38.0, 93.0, 25.0, 6.0, 56.0, 29.0, 29.0, 29.0, 24.0, 9.0, 57.0, 1.0, 105.0, 20.0, 39.0, 13.0, 11.0, 108.0, 34.0, 22.0, 62.0, 28.0, 7.0, 5.0, 54.0, 23.0, 23.0, 3.0, 11.0, 16.0, 13.0, 5.0, 26.0, 30.0, 3.0, 34.0, 15.0, 4.0, 58.0, 15.0, 1.0, 51.0, 39.0, 29.0, 5.0, 45.0, 6.0, 5.0, 124.0, 10.0, 79.0, 113.0, 7.0, 33.0, 102.0, 8.0, 134.0, 17.0, 7.0, 17.0, 15.0, 8.0, 88.0, 4.0, 70.0, 18.0, 19.0, 9.0, 41.0, 41.0, 49.0, 10.0, 9.0, 27.0, 23.0, 1.0, 34.0, 45.0, 35.0, 30.0, 9.0, 18.0, 23.0, 14.0, 45.0, 16.0, 4.0, 32.0, 37.0, 40.0, 44.0, 19.0, 24.0, 74.0, 29.0, 16.0, 14.0, 74.0, 89.0, 5.0, 9.0, 10.0, 1.0, 5.0, 7.0, 10.0, 45.0, 46.0, 118.0, 51.0, 35.0, 18.0, 1.0, 46.0, 19.0, 25.0, 6.0, 19.0, 44.0, 6.0, 39.0, 11.0, 18.0, 34.0, 8.0, 27.0, 17.0, 21.0, 41.0, 31.0, 5.0, 19.0, 16.0, 17.0, 18.0, 2.0, 44.0, 42.0, 31.0, 17.0, 20.0, 70.0, 27.0, 14.0, 42.0, 37.0, 14.0, 32.0, 90.0, 14.0, 33.0, 31.0, 71.0, 10.0, 4.0, 34.0, 4.0, 11.0, 17.0, 21.0, 4.0, 45.0, 69.0, 3.0, 7.0, 16.0, 44.0, 13.0, 20.0, 12.0, 13.0, 2.0, 57.0, 47.0, 7.0, 93.0, 48.0, 33.0, 4.0, 1.0, 12.0, 9.0, 10.0, 37.0, 36.0, 81.0, 12.0, 2.0, 2.0, 4.0, 30.0, 39.0, 19.0, 43.0, 8.0, 43.0, 41.0, 36.0, 20.0, 56.0, 7.0, 13.0, 34.0, 120.0, 22.0, 13.0, 54.0, 1.0, 10.0, 2.0, 64.0, 57.0, 13.0, 2.0, 22.0, 26.0, 31.0, 8.0, 69.0, 7.0, 87.0, 14.0, 16.0, 20.0, 25.0, 15.0, 35.0, 16.0, 118.0, 7.0, 11.0, 1.0, 12.0, 17.0, 11.0, 3.0, 3.0, 6.0, 47.0, 6.0, 6.0, 8.0, 4.0, 21.0, 8.0, 106.0, 34.0, 2.0, 41.0, 3.0, 2.0, 21.0, 8.0, 43.0, 21.0, 16.0, 4.0, 27.0, 34.0, 125.0, 23.0, 141.0, 9.0, 73.0, 85.0, 26.0, 47.0, 94.0, 11.0, 48.0, 23.0, 50.0, 35.0, 34.0, 11.0, 7.0, 15.0, 8.0, 10.0, 5.0, 5.0, 16.0, 17.0, 9.0, 8.0, 12.0, 2.0, 29.0, 3.0, 19.0, 31.0, 9.0, 15.0, 40.0, 5.0, 12.0, 14.0, 76.0, 8.0, 16.0, 8.0, 104.0, 12.0, 52.0, 6.0, 38.0, 6.0, 7.0, 23.0, 36.0, 3.0, 2.0, 9.0, 164.0, 36.0, 5.0, 3.0, 29.0, 65.0, 71.0, 4.0, 5.0, 10.0, 21.0, 10.0, 11.0, 19.0, 36.0, 28.0, 44.0, 27.0, 7.0, 14.0, 38.0, 32.0, 57.0, 4.0, 45.0, 8.0, 100.0, 22.0, 104.0, 33.0, 43.0, 9.0, 15.0, 7.0, 43.0, 19.0, 71.0, 30.0, 41.0, 15.0, 49.0, 110.0, 16.0, 15.0, 25.0, 62.0, 20.0, 13.0, 12.0, 16.0, 20.0, 22.0, 22.0, 57.0, 54.0, 6.0, 96.0, 24.0, 2.0, 46.0, 27.0, 50.0, 57.0, 30.0, 10.0, 11.0, 1.0, 59.0, 17.0, 47.0, 73.0, 25.0, 4.0, 45.0, 9.0, 7.0, 24.0, 10.0, 17.0, 55.0, 10.0, 30.0, 52.0, 8.0, 20.0, 32.0, 8.0, 78.0, 1.0, 55.0, 31.0, 70.0, 90.0, 9.0, 37.0, 4.0, 58.0, 17.0, 26.0, 48.0, 3.0, 7.0, 26.0, 2.0, 33.0, 29.0, 13.0, 43.0, 80.0, 25.0, 64.0, 17.0, 10.0, 76.0, 19.0, 23.0, 4.0, 33.0, 26.0, 48.0, 98.0, 11.0, 7.0, 51.0, 1.0, 48.0, 38.0, 35.0, 9.0, 29.0, 34.0, 45.0, 26.0, 9.0, 3.0, 29.0, 9.0, 86.0, 104.0, 63.0, 39.0, 30.0, 21.0, 4.0, 37.0, 25.0, 60.0, 6.0, 2.0, 22.0, 100.0, 22.0, 46.0, 68.0, 11.0, 38.0, 75.0, 32.0, 122.0, 19.0, 8.0, 55.0, 12.0, 37.0, 19.0, 7.0, 33.0, 23.0, 6.0, 15.0, 3.0, 3.0, 27.0, 15.0, 8.0, 58.0, 33.0] 

MGT times
 [33.0, 16.0, 38.0, 28.0, 7.0, 2.0, 41.0, 1.0, 27.0, 4.0, 57.0, 17.0, 9.0, 8.0, 31.0, 23.0, 10.0, 21.0, 9.0, 1.0, 1.0, 2.0, 36.0, 2.0, 16.0, 6.0, 3.0, 1.0, 17.0, 74.0, 54.0, 41.0, 6.0, 17.0, 8.0, 1.0, 6.0, 19.0, 26.0, 10.0, 2.0, 35.0, 10.0, 14.0, 19.0, 16.0, 7.0, 3.0, 3.0, 5.0, 7.0, 1.0, 9.0, 20.0, 23.0, 23.0, 8.0, 27.0, 34.0, 10.0, 8.0, 2.0, 31.0, 9.0, 27.0, 8.0, 18.0, 66.0, 4.0, 22.0, 8.0, 14.0, 7.0, 49.0, 23.0, 57.0, 40.0, 7.0, 2.0, 12.0, 19.0, 24.0, 13.0, 19.0, 10.0, 2.0, 21.0, 91.0, 16.0, 12.0, 24.0, 13.0, 3.0, 35.0, 27.0, 6.0, 34.0, 37.0, 4.0, 3.0, 5.0, 14.0, 11.0, 1.0, 27.0, 17.0, 3.0, 11.0, 19.0, 8.0, 20.0, 29.0, 26.0, 7.0, 19.0, 21.0, 38.0, 16.0, 16.0, 3.0, 6.0, 32.0, 10.0, 11.0, 8.0, 42.0, 23.0, 28.0, 7.0, 60.0, 57.0, 28.0, 7.0, 8.0, 11.0, 17.0, 8.0, 8.0, 3.0, 1.0, 41.0, 24.0, 25.0, 9.0, 7.0, 3.0, 7.0, 66.0, 9.0, 47.0, 7.0, 51.0, 1.0, 6.0, 13.0, 1.0, 27.0, 10.0, 8.0, 27.0, 10.0, 34.0, 22.0, 9.0, 8.0, 23.0, 8.0, 8.0, 17.0, 11.0, 17.0, 17.0, 30.0, 12.0, 14.0, 15.0, 10.0, 10.0, 21.0, 17.0, 19.0, 4.0, 69.0, 3.0, 42.0, 54.0, 7.0, 1.0, 9.0, 4.0, 11.0, 25.0, 25.0, 15.0, 14.0, 14.0, 11.0, 6.0, 61.0, 14.0, 4.0, 41.0, 7.0, 35.0, 32.0, 71.0, 20.0, 31.0, 9.0, 11.0, 5.0, 9.0, 10.0, 8.0, 12.0, 32.0, 9.0, 1.0, 29.0, 57.0, 13.0, 9.0, 20.0, 2.0, 10.0, 10.0, 8.0, 20.0, 23.0, 27.0, 37.0, 13.0, 25.0, 35.0, 40.0, 23.0, 43.0, 42.0, 23.0, 15.0, 14.0, 98.0, 23.0, 1.0, 31.0, 3.0, 19.0, 11.0, 18.0, 12.0, 11.0, 2.0, 37.0, 8.0, 23.0, 8.0, 31.0, 27.0, 30.0, 2.0, 1.0, 31.0, 7.0, 9.0, 20.0, 19.0, 6.0, 48.0, 31.0, 14.0, 7.0, 29.0, 2.0, 5.0, 5.0, 8.0, 1.0, 53.0, 31.0, 68.0, 4.0, 70.0, 20.0, 29.0, 6.0, 32.0, 23.0, 23.0, 29.0, 31.0, 4.0, 3.0, 34.0, 10.0, 10.0, 35.0, 34.0, 2.0, 1.0, 44.0, 31.0, 1.0, 10.0, 47.0, 39.0, 11.0, 10.0, 7.0, 3.0, 2.0, 47.0, 10.0, 8.0, 22.0, 35.0, 18.0, 7.0, 24.0, 53.0, 6.0, 3.0, 25.0, 4.0, 12.0, 3.0, 9.0, 3.0, 45.0, 9.0, 4.0, 13.0, 18.0, 16.0, 4.0, 18.0, 9.0, 26.0, 21.0, 15.0, 11.0, 9.0, 15.0, 37.0, 4.0, 97.0, 2.0, 5.0, 38.0, 70.0, 19.0, 7.0, 30.0, 2.0, 48.0, 9.0, 22.0, 9.0, 4.0, 78.0, 3.0, 4.0, 10.0, 29.0, 46.0, 17.0, 55.0, 20.0, 3.0, 18.0, 5.0, 53.0, 10.0, 11.0, 11.0, 54.0, 14.0, 36.0, 7.0, 3.0, 41.0, 6.0, 9.0, 35.0, 25.0, 14.0, 19.0, 1.0, 1.0, 10.0, 10.0, 6.0, 31.0, 45.0, 8.0, 5.0, 63.0, 4.0, 4.0, 5.0, 21.0, 2.0, 7.0, 5.0, 10.0, 95.0, 2.0, 10.0, 3.0, 8.0, 8.0, 22.0, 53.0, 24.0, 24.0, 24.0, 8.0, 3.0, 78.0, 74.0, 33.0, 1.0, 7.0, 10.0, 17.0, 21.0, 22.0, 61.0, 2.0, 86.0, 10.0, 3.0, 11.0, 17.0, 28.0, 4.0, 18.0, 21.0, 8.0, 20.0, 14.0, 7.0, 17.0, 19.0, 1.0, 9.0, 9.0, 10.0, 1.0, 22.0, 22.0, 27.0, 22.0, 22.0, 18.0, 35.0, 12.0, 51.0, 3.0, 8.0, 2.0, 21.0, 55.0, 26.0, 4.0, 4.0, 30.0, 15.0, 1.0, 15.0, 27.0, 32.0, 1.0, 9.0, 4.0, 8.0, 23.0, 58.0, 2.0, 10.0, 27.0, 7.0, 5.0, 3.0, 19.0, 18.0, 1.0, 11.0, 2.0, 9.0, 78.0, 1.0, 29.0, 35.0, 19.0, 26.0, 3.0, 9.0, 4.0, 20.0, 4.0, 61.0, 48.0, 2.0, 9.0, 18.0, 12.0, 28.0, 4.0, 9.0, 47.0, 7.0, 7.0, 5.0, 20.0, 4.0, 10.0, 116.0, 10.0, 8.0, 2.0, 32.0, 2.0, 1.0, 86.0, 2.0, 1.0, 8.0, 3.0, 15.0, 58.0, 54.0, 10.0, 3.0, 2.0, 19.0, 2.0, 10.0, 3.0, 23.0, 17.0, 5.0, 44.0, 3.0, 43.0, 90.0, 7.0, 15.0, 15.0, 12.0, 26.0, 20.0, 17.0, 4.0, 1.0, 3.0, 2.0, 1.0, 27.0, 6.0, 1.0, 1.0, 4.0, 7.0, 23.0, 50.0, 2.0, 19.0, 39.0, 9.0, 56.0, 27.0, 30.0, 10.0, 14.0, 13.0, 9.0, 34.0, 7.0, 30.0, 10.0, 16.0, 28.0, 31.0, 4.0, 11.0, 40.0, 12.0, 40.0, 2.0, 12.0, 9.0, 8.0, 13.0, 4.0, 22.0, 32.0, 31.0, 15.0, 22.0, 14.0, 6.0, 13.0, 9.0, 6.0, 39.0, 9.0, 9.0, 5.0, 39.0, 9.0, 9.0, 3.0, 2.0, 32.0, 11.0, 2.0, 12.0, 5.0, 12.0, 59.0, 9.0, 43.0, 2.0, 9.0, 5.0, 27.0, 8.0, 22.0, 7.0, 2.0, 24.0, 4.0, 16.0, 9.0, 1.0, 25.0, 22.0, 9.0, 18.0, 10.0, 9.0, 1.0, 51.0, 6.0, 15.0, 1.0, 29.0, 39.0, 14.0, 20.0, 28.0, 45.0, 9.0, 24.0, 12.0, 2.0, 3.0, 74.0, 12.0, 40.0, 8.0, 29.0, 43.0, 21.0, 2.0, 4.0, 5.0, 18.0, 6.0, 13.0, 27.0, 45.0, 8.0, 44.0, 11.0, 12.0, 33.0, 41.0, 15.0, 7.0, 10.0, 35.0, 4.0, 9.0, 1.0, 73.0, 27.0, 13.0, 15.0, 1.0, 7.0, 41.0, 3.0, 10.0, 7.0, 18.0, 9.0, 1.0, 45.0, 1.0, 29.0, 21.0, 10.0, 41.0, 22.0, 9.0, 4.0, 21.0, 6.0, 11.0, 4.0, 49.0, 8.0, 36.0, 4.0, 2.0, 5.0, 20.0, 4.0, 46.0, 3.0, 7.0, 2.0, 16.0, 2.0, 4.0, 18.0, 18.0, 44.0, 5.0, 19.0, 3.0, 22.0, 3.0, 20.0, 30.0, 9.0, 30.0, 10.0, 13.0, 17.0, 71.0, 1.0, 42.0, 24.0, 3.0, 10.0, 31.0, 73.0, 51.0, 16.0, 1.0, 3.0, 3.0, 5.0, 8.0, 14.0, 23.0, 12.0, 19.0, 28.0, 4.0, 3.0, 55.0, 9.0, 2.0, 27.0, 57.0, 4.0, 28.0, 24.0, 12.0, 7.0, 31.0, 40.0, 6.0, 19.0, 33.0, 31.0, 29.0, 7.0, 11.0, 7.0, 30.0, 10.0, 1.0, 27.0, 2.0, 12.0, 8.0, 10.0, 2.0, 9.0, 4.0, 8.0, 13.0, 13.0, 20.0, 24.0, 25.0, 8.0, 22.0, 29.0, 20.0, 8.0, 19.0, 22.0, 13.0, 22.0, 4.0, 3.0, 42.0, 6.0, 4.0, 1.0, 7.0, 2.0, 1.0, 33.0, 99.0, 31.0, 14.0, 75.0, 46.0, 8.0, 5.0, 27.0, 24.0, 9.0, 58.0, 14.0, 17.0, 8.0, 20.0, 3.0, 6.0, 6.0, 9.0, 9.0, 14.0, 5.0, 8.0, 11.0, 31.0, 27.0, 5.0, 7.0, 11.0, 44.0, 46.0, 3.0, 36.0, 3.0, 19.0, 9.0, 37.0, 35.0, 41.0, 27.0, 20.0, 40.0, 15.0, 21.0, 19.0, 53.0, 28.0, 3.0, 1.0, 9.0, 4.0, 4.0, 6.0, 3.0, 56.0, 44.0, 7.0, 15.0, 8.0, 3.0, 15.0, 13.0, 65.0, 47.0, 7.0, 11.0, 8.0, 29.0, 19.0, 9.0, 7.0, 43.0, 18.0, 5.0, 30.0, 1.0, 14.0, 32.0, 14.0, 12.0, 4.0, 16.0, 5.0, 21.0, 77.0, 20.0, 4.0, 9.0, 31.0, 2.0, 21.0, 5.0, 55.0, 5.0, 16.0, 40.0, 11.0, 8.0, 1.0, 27.0, 4.0, 43.0, 9.0, 2.0, 24.0, 56.0, 40.0, 28.0, 8.0, 8.0, 12.0, 17.0, 4.0, 5.0, 3.0, 64.0, 7.0, 23.0, 17.0, 56.0, 55.0, 42.0, 13.0, 1.0, 37.0, 16.0, 37.0, 29.0, 10.0, 1.0, 1.0, 1.0, 39.0, 3.0, 10.0, 25.0, 51.0, 6.0, 40.0, 10.0, 19.0, 11.0, 3.0, 4.0, 4.0, 24.0, 27.0, 36.0, 3.0, 42.0, 11.0, 76.0, 4.0, 6.0, 15.0, 1.0, 28.0, 3.0, 9.0, 54.0, 68.0, 4.0, 22.0, 13.0, 8.0, 34.0, 5.0, 21.0, 10.0, 46.0, 21.0, 17.0, 32.0, 21.0, 12.0, 11.0, 24.0, 10.0, 2.0, 18.0, 21.0, 28.0, 14.0, 25.0, 4.0, 34.0, 31.0, 21.0, 24.0, 97.0, 21.0, 9.0, 11.0, 12.0, 8.0, 36.0, 46.0, 32.0, 8.0, 1.0, 39.0, 8.0, 2.0, 12.0, 9.0, 8.0, 11.0, 30.0, 18.0, 2.0, 48.0, 28.0, 19.0, 8.0, 43.0, 12.0, 20.0, 12.0, 30.0, 3.0, 52.0, 9.0, 11.0, 35.0, 4.0, 9.0, 16.0, 13.0, 8.0, 8.0, 13.0, 31.0, 8.0, 26.0, 7.0, 42.0, 39.0, 11.0, 142.0, 34.0, 63.0, 38.0, 10.0, 3.0, 8.0, 21.0, 17.0, 6.0, 57.0, 32.0, 19.0, 8.0, 6.0, 22.0, 26.0, 19.0, 10.0, 23.0, 22.0, 6.0, 9.0, 26.0, 10.0, 2.0, 11.0, 83.0, 3.0, 22.0, 24.0, 45.0, 31.0, 1.0, 20.0, 56.0, 4.0, 6.0, 3.0, 3.0, 10.0, 10.0, 21.0, 3.0, 8.0, 26.0, 6.0, 26.0, 7.0, 9.0, 3.0, 7.0, 32.0, 30.0, 20.0, 9.0, 27.0, 5.0, 20.0, 4.0, 25.0, 10.0, 33.0, 27.0, 6.0, 4.0, 4.0, 46.0, 2.0, 2.0, 22.0, 52.0, 16.0, 1.0, 53.0, 30.0, 47.0, 11.0, 72.0, 1.0, 29.0, 63.0, 1.0, 13.0, 27.0, 26.0, 10.0, 32.0, 10.0, 9.0, 57.0, 9.0, 11.0, 15.0, 6.0, 18.0, 10.0, 6.0, 9.0, 14.0, 12.0, 72.0, 38.0, 8.0, 3.0, 2.0, 16.0, 18.0, 44.0, 15.0, 20.0, 7.0, 26.0, 22.0, 10.0, 45.0, 21.0, 9.0, 6.0, 7.0, 16.0, 6.0, 11.0, 5.0, 4.0, 58.0, 9.0, 13.0, 12.0, 13.0, 4.0, 17.0, 3.0, 8.0, 93.0, 1.0, 28.0, 24.0, 38.0, 35.0, 15.0, 53.0, 59.0, 36.0, 14.0, 25.0, 28.0, 2.0, 29.0, 72.0, 2.0, 20.0, 8.0, 57.0, 6.0, 38.0, 4.0, 57.0, 6.0, 8.0, 22.0, 7.0, 81.0, 10.0, 33.0, 26.0, 7.0, 11.0, 36.0, 9.0, 26.0, 6.0, 15.0, 10.0, 20.0, 66.0, 2.0, 29.0, 9.0, 42.0, 38.0, 2.0, 16.0, 45.0, 4.0, 11.0, 3.0, 8.0, 5.0, 4.0, 22.0, 15.0, 13.0, 2.0, 10.0, 25.0, 8.0, 17.0, 10.0, 7.0, 5.0, 42.0, 2.0, 14.0, 9.0, 15.0, 58.0, 5.0, 39.0, 15.0, 2.0, 31.0, 32.0, 11.0, 9.0, 7.0, 5.0, 8.0, 10.0, 15.0, 19.0, 31.0, 25.0, 14.0, 10.0, 41.0, 18.0, 42.0, 5.0, 22.0, 8.0, 11.0, 6.0, 1.0, 7.0, 34.0, 4.0, 50.0, 16.0, 9.0, 64.0, 5.0, 37.0, 22.0, 59.0, 25.0, 18.0, 32.0, 1.0, 10.0, 2.0, 2.0, 11.0, 9.0, 6.0, 15.0, 30.0, 11.0, 17.0, 20.0, 17.0, 7.0, 6.0, 65.0, 3.0, 13.0, 28.0, 2.0, 30.0, 21.0, 27.0, 42.0, 75.0, 4.0, 7.0, 8.0, 8.0, 73.0, 33.0, 2.0, 4.0, 51.0, 22.0, 12.0, 8.0, 4.0, 1.0, 95.0, 22.0, 13.0, 14.0, 20.0, 10.0, 39.0, 41.0, 1.0, 23.0, 6.0, 23.0, 1.0, 27.0, 10.0, 17.0, 1.0, 12.0, 34.0, 22.0, 27.0, 20.0, 18.0, 33.0, 2.0, 16.0, 25.0, 23.0, 10.0, 22.0, 72.0, 13.0, 13.0, 13.0, 12.0, 10.0, 16.0, 31.0, 41.0, 10.0, 3.0, 10.0, 8.0, 10.0, 3.0, 37.0, 39.0, 8.0, 31.0, 17.0, 11.0, 1.0, 12.0, 1.0, 30.0, 11.0, 18.0, 14.0, 24.0, 10.0, 8.0, 10.0, 29.0, 41.0, 5.0, 17.0, 36.0, 31.0, 42.0, 23.0, 39.0, 48.0, 24.0, 35.0, 60.0, 3.0, 29.0, 1.0, 16.0, 59.0, 3.0, 2.0, 8.0, 45.0, 7.0, 6.0, 10.0, 1.0, 40.0, 4.0, 4.0, 51.0, 35.0, 4.0, 43.0, 53.0, 24.0, 18.0, 5.0, 19.0, 2.0, 8.0, 2.0, 86.0, 30.0, 20.0, 20.0, 10.0, 39.0, 20.0, 34.0, 10.0, 49.0, 34.0, 6.0, 52.0, 4.0, 25.0, 5.0, 40.0, 21.0, 2.0, 11.0, 4.0, 10.0, 35.0, 29.0, 9.0, 8.0, 34.0, 15.0, 43.0, 21.0, 10.0, 10.0, 11.0, 12.0, 14.0, 35.0, 1.0, 12.0, 11.0, 2.0, 4.0, 39.0, 17.0, 19.0, 35.0, 9.0, 14.0, 6.0, 47.0, 3.0, 1.0, 6.0, 65.0, 1.0, 18.0, 51.0, 42.0, 10.0, 20.0, 2.0, 4.0, 54.0, 18.0, 8.0, 2.0, 20.0, 16.0, 3.0, 28.0, 113.0, 2.0, 20.0, 4.0, 18.0, 32.0, 54.0, 18.0, 51.0, 19.0, 3.0, 7.0, 3.0, 18.0, 27.0, 10.0, 21.0, 1.0, 12.0, 25.0, 12.0, 49.0, 3.0, 11.0, 4.0, 3.0, 5.0, 22.0, 3.0, 30.0, 46.0, 15.0, 16.0, 80.0, 5.0, 11.0, 18.0, 3.0, 41.0, 4.0, 3.0, 3.0, 12.0, 22.0, 11.0, 7.0, 11.0, 9.0, 3.0, 63.0, 6.0, 30.0, 1.0, 37.0, 84.0, 36.0, 40.0, 10.0, 22.0, 6.0, 35.0, 52.0, 9.0, 9.0, 5.0, 24.0, 3.0, 34.0, 11.0, 21.0, 17.0, 7.0, 12.0, 7.0, 64.0, 11.0, 25.0, 2.0, 8.0, 18.0, 1.0, 4.0, 9.0, 9.0, 29.0, 11.0, 6.0, 11.0, 2.0, 17.0, 10.0, 15.0, 15.0, 15.0, 56.0, 1.0, 5.0, 10.0, 4.0, 7.0, 18.0, 10.0, 17.0, 13.0, 58.0, 24.0, 24.0, 18.0, 40.0, 3.0, 10.0, 1.0, 33.0, 6.0, 4.0, 6.0, 24.0, 50.0, 26.0, 1.0, 13.0, 16.0, 12.0, 45.0, 9.0, 18.0, 1.0, 45.0, 29.0, 4.0, 47.0, 1.0, 9.0, 3.0, 7.0, 33.0, 2.0, 11.0, 12.0, 4.0, 2.0, 29.0, 3.0, 16.0, 16.0, 25.0, 32.0, 27.0, 16.0, 24.0, 15.0, 2.0, 19.0, 9.0, 3.0, 9.0, 39.0, 6.0, 11.0, 42.0, 18.0, 1.0, 2.0, 15.0, 9.0, 48.0, 9.0, 5.0, 12.0, 82.0, 14.0, 20.0, 28.0, 18.0, 4.0, 5.0, 34.0, 20.0, 3.0, 21.0, 14.0, 7.0, 3.0, 10.0, 9.0, 12.0, 1.0, 41.0, 5.0, 10.0, 18.0, 9.0, 3.0, 1.0, 10.0, 4.0, 24.0, 13.0, 64.0, 16.0, 13.0, 31.0, 4.0, 58.0, 6.0, 44.0, 26.0, 22.0, 10.0, 13.0, 8.0, 1.0, 93.0, 24.0, 16.0, 40.0, 10.0, 3.0, 67.0, 14.0, 17.0, 28.0, 15.0, 14.0, 4.0, 20.0, 16.0, 23.0, 1.0, 6.0, 11.0, 9.0, 9.0, 22.0, 26.0, 20.0, 28.0, 17.0, 17.0, 21.0, 5.0, 8.0, 11.0, 26.0, 3.0, 29.0, 19.0, 2.0, 26.0, 3.0, 17.0, 20.0, 19.0, 7.0, 12.0, 10.0, 10.0, 7.0, 23.0, 68.0, 13.0, 14.0, 40.0, 27.0, 7.0, 6.0, 11.0, 15.0, 10.0, 22.0, 4.0, 16.0, 9.0, 30.0, 25.0, 7.0, 9.0, 8.0, 2.0, 5.0, 77.0, 62.0, 8.0, 43.0, 30.0, 30.0, 40.0, 12.0, 1.0, 5.0, 35.0, 10.0, 18.0, 4.0, 9.0, 3.0, 19.0, 7.0, 8.0, 22.0, 10.0, 18.0, 3.0, 29.0, 9.0, 12.0, 5.0, 18.0, 11.0, 13.0, 21.0, 1.0, 19.0, 2.0, 4.0, 1.0, 4.0, 37.0, 57.0, 20.0, 22.0, 11.0, 6.0, 5.0, 13.0, 17.0, 22.0, 93.0, 20.0, 31.0, 96.0, 6.0, 1.0, 10.0, 11.0, 20.0, 25.0, 97.0, 4.0, 1.0, 5.0, 52.0, 15.0, 26.0, 9.0, 62.0, 9.0, 51.0, 7.0, 11.0, 3.0, 10.0, 15.0, 9.0, 6.0, 5.0, 19.0, 26.0, 16.0, 11.0, 9.0, 4.0, 2.0, 9.0, 3.0, 2.0, 3.0, 53.0, 11.0, 24.0, 30.0, 42.0, 17.0, 11.0, 2.0, 39.0, 44.0, 14.0, 21.0, 11.0, 13.0, 3.0, 36.0, 60.0, 4.0, 55.0, 16.0, 27.0, 15.0, 11.0, 20.0, 25.0, 27.0, 5.0, 9.0, 10.0, 5.0, 25.0, 29.0, 3.0, 8.0, 2.0, 14.0, 47.0, 8.0, 3.0, 10.0, 13.0, 12.0, 9.0, 36.0, 19.0, 21.0, 16.0, 60.0, 28.0, 2.0, 29.0, 16.0, 22.0, 8.0, 9.0, 19.0, 11.0, 38.0, 59.0, 20.0, 36.0, 23.0, 4.0, 49.0, 27.0, 3.0, 1.0, 5.0, 56.0, 38.0, 6.0, 56.0, 9.0, 28.0, 8.0, 19.0, 12.0, 18.0, 6.0, 15.0, 4.0, 9.0, 22.0, 7.0, 5.0, 16.0, 4.0, 22.0, 7.0, 13.0, 23.0, 9.0, 11.0, 21.0, 21.0, 3.0, 1.0, 15.0, 21.0, 6.0, 33.0, 7.0, 4.0, 19.0, 4.0, 18.0, 32.0, 8.0, 12.0, 27.0, 20.0, 54.0, 4.0, 8.0, 42.0, 44.0, 11.0, 53.0, 35.0, 17.0, 31.0, 11.0, 6.0, 12.0, 20.0, 21.0, 18.0, 37.0, 25.0, 3.0, 14.0, 20.0, 14.0, 5.0, 12.0, 38.0, 96.0, 37.0, 16.0, 4.0, 41.0, 8.0, 4.0, 43.0, 7.0, 3.0, 14.0, 21.0, 27.0, 22.0, 32.0, 1.0, 10.0, 9.0, 13.0, 21.0, 18.0, 30.0, 8.0, 11.0, 15.0, 31.0, 28.0, 1.0, 24.0, 1.0, 23.0, 12.0, 7.0, 5.0, 31.0, 31.0, 24.0, 33.0, 1.0, 20.0, 49.0, 9.0, 26.0, 4.0, 18.0, 4.0, 21.0, 22.0, 34.0, 17.0, 27.0, 3.0, 16.0, 8.0, 3.0, 10.0, 12.0, 52.0, 45.0, 32.0, 31.0, 44.0, 7.0, 43.0, 1.0, 1.0, 18.0, 19.0, 5.0, 25.0, 9.0, 4.0, 10.0, 54.0, 15.0, 3.0, 6.0, 20.0, 18.0, 3.0, 27.0, 14.0, 5.0, 65.0, 9.0, 6.0, 13.0, 55.0, 6.0, 15.0, 21.0, 37.0, 69.0, 17.0, 6.0, 15.0, 5.0, 12.0, 11.0, 8.0, 4.0, 10.0, 51.0, 11.0, 4.0, 4.0, 22.0, 26.0, 4.0, 4.0, 13.0, 34.0, 2.0, 32.0, 19.0, 1.0, 4.0, 9.0, 37.0, 1.0, 21.0, 11.0, 4.0, 23.0, 40.0, 8.0, 22.0, 8.0, 18.0, 3.0, 9.0, 3.0, 16.0, 12.0, 4.0, 16.0, 1.0, 19.0, 32.0, 11.0, 22.0, 8.0, 36.0, 5.0, 5.0, 27.0, 29.0, 3.0, 12.0, 3.0, 37.0, 10.0, 22.0, 19.0, 11.0, 4.0, 4.0, 7.0, 48.0, 13.0, 37.0, 4.0, 9.0, 3.0, 4.0, 3.0, 32.0, 20.0, 53.0, 9.0, 17.0, 7.0, 15.0, 2.0, 7.0, 28.0, 31.0, 70.0, 15.0, 6.0, 3.0, 62.0, 1.0, 28.0, 3.0, 19.0, 29.0, 2.0, 3.0, 12.0, 32.0, 5.0, 6.0, 7.0, 17.0, 27.0, 29.0, 20.0, 6.0, 8.0, 15.0, 3.0, 10.0, 19.0, 3.0, 15.0, 6.0, 9.0, 4.0, 11.0, 37.0, 25.0, 5.0, 2.0, 15.0, 19.0, 42.0, 4.0, 34.0, 15.0, 19.0, 24.0, 26.0, 3.0, 8.0, 9.0, 13.0, 10.0, 8.0, 4.0, 9.0, 13.0, 12.0, 21.0, 1.0, 17.0, 23.0, 1.0, 10.0, 8.0, 35.0, 12.0, 5.0, 10.0, 4.0, 9.0, 5.0, 44.0, 12.0, 11.0, 19.0, 5.0, 30.0, 7.0, 17.0, 20.0, 20.0, 40.0, 15.0, 4.0, 15.0, 29.0, 1.0, 36.0, 13.0, 7.0, 35.0, 6.0, 10.0, 56.0, 23.0, 31.0, 21.0, 66.0, 14.0, 22.0, 41.0, 45.0, 13.0, 10.0, 8.0, 29.0, 21.0, 25.0, 11.0, 6.0, 38.0, 31.0, 1.0, 2.0, 5.0, 51.0, 2.0, 18.0, 9.0, 25.0, 35.0, 2.0, 56.0, 6.0, 4.0, 2.0, 41.0, 31.0, 1.0, 17.0, 3.0, 86.0, 19.0, 34.0, 4.0, 22.0, 21.0, 29.0, 2.0, 11.0, 16.0, 11.0, 11.0, 25.0, 6.0, 12.0, 23.0, 10.0, 9.0, 1.0, 36.0, 20.0, 39.0, 13.0, 11.0, 46.0, 4.0, 22.0, 62.0, 28.0, 7.0, 26.0, 18.0, 8.0, 3.0, 11.0, 16.0, 5.0, 8.0, 30.0, 3.0, 34.0, 14.0, 4.0, 1.0, 24.0, 29.0, 5.0, 45.0, 6.0, 80.0, 10.0, 79.0, 62.0, 7.0, 33.0, 10.0, 8.0, 41.0, 17.0, 7.0, 5.0, 8.0, 88.0, 4.0, 26.0, 19.0, 9.0, 3.0, 41.0, 8.0, 9.0, 27.0, 23.0, 1.0, 13.0, 35.0, 30.0, 9.0, 18.0, 23.0, 23.0, 16.0, 4.0, 24.0, 1.0, 29.0, 16.0, 14.0, 41.0, 55.0, 5.0, 9.0, 5.0, 10.0, 22.0, 23.0, 18.0, 1.0, 46.0, 25.0, 6.0, 19.0, 9.0, 6.0, 11.0, 18.0, 34.0, 8.0, 15.0, 17.0, 21.0, 31.0, 19.0, 16.0, 17.0, 18.0, 2.0, 9.0, 31.0, 20.0, 3.0, 42.0, 37.0, 14.0, 41.0, 14.0, 33.0, 31.0, 71.0, 4.0, 34.0, 4.0, 7.0, 17.0, 21.0, 4.0, 46.0, 3.0, 7.0, 16.0, 44.0, 9.0, 20.0, 8.0, 2.0, 2.0, 26.0, 48.0, 4.0, 1.0, 2.0, 9.0, 10.0, 37.0, 9.0, 12.0, 2.0, 2.0, 39.0, 19.0, 42.0, 13.0, 23.0, 20.0, 8.0, 7.0, 13.0, 34.0, 120.0, 22.0, 11.0, 34.0, 1.0, 10.0, 2.0, 64.0, 57.0, 3.0, 2.0, 22.0, 31.0, 8.0, 69.0, 7.0, 14.0, 4.0, 20.0, 15.0, 35.0, 16.0, 20.0, 7.0, 1.0, 1.0, 12.0, 17.0, 11.0, 3.0, 3.0, 6.0, 19.0, 6.0, 6.0, 8.0, 4.0, 21.0, 8.0, 106.0, 2.0, 1.0, 3.0, 2.0, 21.0, 8.0, 43.0, 20.0, 16.0, 4.0, 9.0, 34.0, 73.0, 23.0, 94.0, 9.0, 20.0, 85.0, 20.0, 42.0, 11.0, 48.0, 23.0, 17.0, 35.0, 11.0, 9.0, 8.0, 10.0, 5.0, 5.0, 16.0, 10.0, 9.0, 8.0, 8.0, 2.0, 29.0, 3.0, 31.0, 9.0, 23.0, 5.0, 12.0, 14.0, 76.0, 8.0, 16.0, 8.0, 104.0, 12.0, 38.0, 6.0, 38.0, 7.0, 23.0, 3.0, 2.0, 9.0, 143.0, 5.0, 3.0, 29.0, 38.0, 22.0, 4.0, 5.0, 10.0, 21.0, 19.0, 36.0, 11.0, 19.0, 27.0, 7.0, 14.0, 18.0, 57.0, 4.0, 45.0, 8.0, 8.0, 33.0, 43.0, 9.0, 15.0, 7.0, 43.0, 59.0, 41.0, 15.0, 30.0, 15.0, 8.0, 13.0, 12.0, 16.0, 20.0, 7.0, 57.0, 22.0, 6.0, 75.0, 24.0, 2.0, 19.0, 27.0, 50.0, 1.0, 59.0, 17.0, 47.0, 25.0, 4.0, 31.0, 9.0, 7.0, 24.0, 17.0, 55.0, 10.0, 30.0, 8.0, 20.0, 32.0, 8.0, 78.0, 1.0, 44.0, 31.0, 44.0, 43.0, 9.0, 37.0, 4.0, 17.0, 26.0, 48.0, 3.0, 7.0, 1.0, 2.0, 2.0, 5.0, 43.0, 17.0, 10.0, 76.0, 19.0, 22.0, 4.0, 26.0, 19.0, 11.0, 7.0, 51.0, 1.0, 34.0, 38.0, 16.0, 29.0, 34.0, 26.0, 9.0, 3.0, 29.0, 9.0, 63.0, 39.0, 30.0, 21.0, 4.0, 37.0, 6.0, 2.0, 22.0, 52.0, 20.0, 28.0, 11.0, 38.0, 44.0, 32.0, 100.0, 19.0, 8.0, 55.0, 12.0, 37.0, 18.0, 6.0, 15.0, 3.0, 3.0, 10.0, 8.0, 31.0, 33.0] 

SGT times
 [28.0, 72.0, 16.0, 34.0, 11.0, 11.0, 3.0, 3.0, 50.0, 18.0, 15.0, 14.0, 1.0, 11.0, 16.0, 9.0, 19.0, 6.0, 4.0, 3.0, 15.0, 9.0, 53.0, 10.0, 9.0, 29.0, 20.0, 12.0, 30.0, 48.0, 22.0, 10.0, 2.0, 39.0, 22.0, 92.0, 4.0, 7.0, 38.0, 25.0, 9.0, 17.0, 7.0, 10.0, 20.0, 27.0, 98.0, 27.0, 6.0, 13.0, 36.0, 22.0, 3.0, 39.0, 3.0, 29.0, 107.0, 32.0, 17.0, 8.0, 7.0, 10.0, 38.0, 19.0, 9.0, 34.0, 38.0, 9.0, 22.0, 25.0, 1.0, 6.0, 85.0, 26.0, 10.0, 75.0, 21.0, 1.0, 9.0, 23.0, 13.0, 1.0, 18.0, 31.0, 8.0, 38.0, 19.0, 14.0, 8.0, 66.0, 33.0, 20.0, 22.0, 43.0, 32.0, 92.0, 39.0, 46.0, 3.0, 60.0, 22.0, 19.0, 6.0, 6.0, 36.0, 32.0, 2.0, 18.0, 47.0, 2.0, 35.0, 18.0, 39.0, 17.0, 4.0, 38.0, 12.0, 7.0, 20.0, 47.0, 7.0, 30.0, 73.0, 10.0, 35.0, 29.0, 2.0, 27.0, 26.0, 29.0, 6.0, 15.0, 24.0, 47.0, 7.0, 32.0, 24.0, 34.0, 32.0, 5.0, 10.0, 15.0, 25.0, 2.0, 10.0, 32.0, 37.0, 108.0, 11.0, 11.0, 21.0, 18.0, 29.0, 14.0, 16.0, 102.0, 20.0, 16.0, 13.0, 24.0, 33.0, 27.0, 11.0, 14.0, 53.0, 67.0, 5.0, 3.0, 21.0, 7.0, 2.0, 53.0, 12.0, 7.0, 6.0, 39.0, 29.0, 42.0, 41.0, 16.0, 20.0, 5.0, 13.0, 31.0, 40.0, 2.0, 59.0, 7.0, 44.0, 55.0, 3.0, 1.0, 20.0, 11.0, 12.0, 90.0, 7.0, 47.0, 69.0, 28.0, 8.0, 20.0, 5.0, 4.0, 14.0, 26.0, 3.0, 1.0, 3.0, 1.0, 48.0, 39.0, 52.0, 27.0, 8.0, 43.0, 12.0, 39.0, 52.0, 24.0, 10.0, 18.0, 9.0, 9.0, 40.0, 17.0, 6.0, 70.0, 53.0, 59.0, 30.0, 5.0, 127.0, 58.0, 51.0, 57.0, 11.0, 37.0, 34.0, 31.0, 33.0, 21.0, 11.0, 51.0, 1.0, 21.0, 15.0, 40.0, 57.0, 33.0, 46.0, 33.0, 26.0, 10.0, 38.0, 3.0, 14.0, 9.0, 4.0, 6.0, 11.0, 8.0, 31.0, 116.0, 92.0, 14.0, 20.0, 53.0, 66.0, 44.0, 34.0, 111.0, 40.0, 24.0, 1.0, 15.0, 14.0, 12.0, 5.0, 45.0, 15.0, 43.0, 13.0, 67.0, 58.0, 27.0, 33.0, 56.0, 27.0, 50.0, 6.0, 74.0, 47.0, 42.0, 17.0, 16.0, 16.0, 3.0, 4.0, 24.0, 10.0, 42.0, 37.0, 60.0, 24.0, 30.0, 6.0, 27.0, 67.0, 4.0, 66.0, 64.0, 40.0, 11.0, 33.0, 1.0, 5.0, 7.0, 14.0, 57.0, 39.0, 26.0, 2.0, 29.0, 32.0, 12.0, 78.0, 12.0, 6.0, 20.0, 19.0, 10.0, 111.0, 29.0, 7.0, 19.0, 8.0, 85.0, 11.0, 27.0, 34.0, 16.0, 28.0, 1.0, 24.0, 35.0, 92.0, 17.0, 11.0, 15.0, 13.0, 8.0, 35.0, 82.0, 26.0, 10.0, 9.0, 6.0, 7.0, 11.0, 103.0, 118.0, 22.0, 100.0, 22.0, 46.0, 9.0, 18.0, 13.0, 60.0, 29.0, 14.0, 6.0, 14.0, 5.0, 79.0, 8.0, 13.0, 10.0, 1.0, 33.0, 30.0, 49.0, 2.0, 83.0, 1.0, 1.0, 8.0, 19.0, 36.0, 37.0, 34.0, 27.0, 3.0, 45.0, 44.0, 10.0, 22.0, 14.0, 56.0, 74.0, 15.0, 20.0, 27.0, 49.0, 3.0, 5.0, 9.0, 10.0, 17.0, 96.0, 11.0, 11.0, 16.0, 68.0, 25.0, 8.0, 10.0, 58.0, 17.0, 43.0, 18.0, 1.0, 70.0, 45.0, 102.0, 76.0, 28.0, 9.0, 2.0, 14.0, 24.0, 31.0, 3.0, 60.0, 10.0, 38.0, 3.0, 48.0, 18.0, 2.0, 6.0, 147.0, 7.0, 46.0, 5.0, 22.0, 19.0, 7.0, 22.0, 7.0, 2.0, 47.0, 36.0, 121.0, 67.0, 31.0, 17.0, 5.0, 5.0, 16.0, 37.0, 36.0, 24.0, 31.0, 8.0, 71.0, 27.0, 55.0, 27.0, 8.0, 3.0, 88.0, 19.0, 38.0, 30.0, 23.0, 21.0, 28.0, 7.0, 15.0, 11.0, 47.0, 23.0, 27.0, 1.0, 10.0, 64.0, 32.0, 26.0, 20.0, 19.0, 87.0, 1.0, 1.0, 11.0, 10.0, 36.0, 17.0, 11.0, 9.0, 122.0, 2.0, 21.0, 34.0, 13.0, 15.0, 3.0, 15.0, 5.0, 32.0, 54.0, 16.0, 64.0, 35.0, 9.0, 20.0, 7.0, 5.0, 4.0, 8.0, 15.0, 10.0, 14.0, 2.0, 5.0, 2.0, 58.0, 91.0, 6.0, 23.0, 15.0, 5.0, 1.0, 73.0, 38.0, 7.0, 44.0, 2.0, 6.0, 2.0, 26.0, 26.0, 8.0, 10.0, 10.0, 45.0, 2.0, 19.0, 17.0, 26.0, 28.0, 8.0, 52.0, 12.0, 11.0, 17.0, 3.0, 1.0, 10.0, 16.0, 10.0, 14.0, 1.0, 20.0, 5.0, 84.0, 63.0, 42.0, 25.0, 1.0, 7.0, 8.0, 117.0, 6.0, 91.0, 31.0, 19.0, 20.0, 9.0, 58.0, 92.0, 3.0, 12.0, 15.0, 1.0, 23.0, 14.0, 6.0, 12.0, 26.0, 7.0, 16.0, 11.0, 22.0, 32.0, 5.0, 17.0, 24.0, 36.0, 67.0, 24.0, 69.0, 71.0, 17.0, 13.0, 30.0, 21.0, 13.0, 9.0, 73.0, 39.0, 56.0, 10.0, 48.0, 31.0, 47.0, 24.0, 40.0, 27.0, 4.0, 20.0, 14.0, 10.0, 36.0, 32.0, 6.0, 20.0, 9.0, 13.0, 50.0, 8.0, 1.0, 29.0, 58.0, 12.0, 15.0, 4.0, 10.0, 20.0, 32.0, 53.0, 13.0, 56.0, 28.0, 13.0, 44.0, 6.0, 1.0, 1.0, 26.0, 74.0, 49.0, 3.0, 128.0, 11.0, 19.0, 15.0, 80.0, 15.0, 8.0, 4.0, 19.0, 30.0, 15.0, 5.0, 50.0, 21.0, 28.0, 35.0, 28.0, 57.0, 64.0, 64.0, 15.0, 1.0, 50.0, 6.0, 37.0, 43.0, 39.0, 40.0, 5.0, 14.0, 17.0, 88.0, 26.0, 53.0, 68.0, 76.0, 23.0, 24.0, 92.0, 4.0, 22.0, 6.0, 37.0, 17.0, 12.0, 21.0, 17.0, 40.0, 25.0, 8.0, 3.0, 6.0, 14.0, 41.0, 42.0, 13.0, 9.0, 15.0, 13.0, 84.0, 5.0, 58.0, 21.0, 17.0, 30.0, 25.0, 18.0, 31.0, 32.0, 24.0, 43.0, 2.0, 16.0, 22.0, 12.0, 9.0, 32.0, 15.0, 18.0, 48.0, 7.0, 10.0, 61.0, 23.0, 11.0, 22.0, 1.0, 12.0, 36.0, 18.0, 6.0, 15.0, 12.0, 24.0, 51.0, 22.0, 16.0, 103.0, 10.0, 38.0, 10.0, 6.0, 116.0, 18.0, 10.0, 28.0, 31.0, 7.0, 60.0, 1.0, 28.0, 1.0, 18.0, 24.0, 1.0, 26.0, 3.0, 13.0, 20.0, 6.0, 7.0, 19.0, 12.0, 7.0, 66.0, 7.0, 11.0, 15.0, 30.0, 11.0, 47.0, 2.0, 60.0, 18.0, 30.0, 16.0, 33.0, 15.0, 29.0, 57.0, 2.0, 28.0, 32.0, 102.0, 40.0, 32.0, 76.0, 43.0, 25.0, 12.0, 28.0, 79.0, 13.0, 57.0, 26.0, 18.0, 2.0, 72.0, 81.0, 9.0, 4.0, 35.0, 13.0, 2.0, 12.0, 34.0, 28.0, 48.0, 9.0, 47.0, 16.0, 60.0, 8.0, 57.0, 46.0, 42.0, 11.0, 64.0, 15.0, 11.0, 14.0, 14.0, 31.0, 53.0, 13.0, 57.0, 48.0, 5.0, 15.0, 65.0, 24.0, 28.0, 53.0, 60.0, 11.0, 16.0, 7.0, 5.0, 14.0, 29.0, 16.0, 34.0, 28.0, 12.0, 47.0, 2.0, 2.0, 6.0, 23.0, 7.0, 28.0, 5.0, 134.0, 10.0, 49.0, 64.0, 26.0, 22.0, 39.0, 16.0, 38.0, 51.0, 27.0, 151.0, 27.0, 2.0, 21.0, 3.0, 7.0, 9.0, 48.0, 26.0, 7.0, 12.0, 43.0, 66.0, 47.0, 63.0, 3.0, 53.0, 55.0, 4.0, 28.0, 20.0, 44.0, 13.0, 25.0, 26.0, 54.0, 17.0, 16.0, 9.0, 28.0, 4.0, 6.0, 25.0, 88.0, 22.0, 35.0, 24.0, 8.0, 11.0, 7.0, 2.0, 4.0, 1.0, 19.0, 42.0, 18.0, 4.0, 33.0, 20.0, 85.0, 14.0, 9.0, 20.0, 8.0, 50.0, 4.0, 9.0, 17.0, 62.0, 13.0, 40.0, 19.0, 50.0, 41.0, 4.0, 86.0, 19.0, 12.0, 42.0, 46.0, 3.0, 18.0, 24.0, 3.0, 12.0, 2.0, 3.0, 11.0, 32.0, 18.0, 39.0, 9.0, 33.0, 64.0, 54.0, 1.0, 1.0, 1.0, 125.0, 23.0, 19.0, 30.0, 7.0, 2.0, 44.0, 2.0, 1.0, 70.0, 36.0, 84.0, 55.0, 24.0, 13.0, 6.0, 26.0, 12.0, 6.0, 19.0, 8.0, 3.0, 33.0, 29.0, 3.0, 9.0, 10.0, 24.0, 7.0, 32.0, 70.0, 31.0, 10.0, 10.0, 24.0, 6.0, 43.0, 14.0, 3.0, 9.0, 10.0, 13.0, 2.0, 91.0, 36.0, 10.0, 2.0, 10.0, 48.0, 65.0, 13.0, 10.0, 39.0, 41.0, 5.0, 13.0, 9.0, 33.0, 76.0, 48.0, 27.0, 15.0, 31.0, 54.0, 11.0, 8.0, 11.0, 18.0, 11.0, 9.0, 18.0, 15.0, 38.0, 4.0, 102.0, 51.0, 1.0, 31.0, 101.0, 22.0, 8.0, 2.0, 47.0, 20.0, 39.0, 12.0, 10.0, 14.0, 17.0, 33.0, 30.0, 1.0, 9.0, 21.0, 7.0, 28.0, 4.0, 12.0, 49.0, 45.0, 7.0, 96.0, 23.0, 1.0, 19.0, 1.0, 3.0, 51.0, 33.0, 57.0, 116.0, 46.0, 56.0, 3.0, 15.0, 11.0, 38.0, 11.0, 83.0, 39.0, 60.0, 2.0, 11.0, 4.0, 2.0, 6.0, 15.0, 30.0, 44.0, 15.0, 157.0, 21.0, 4.0, 1.0, 3.0, 19.0, 3.0, 31.0, 29.0, 4.0, 19.0, 11.0, 4.0, 30.0, 72.0, 44.0, 73.0, 19.0, 14.0, 33.0, 13.0, 6.0, 96.0, 29.0, 47.0, 20.0, 5.0, 6.0, 47.0, 11.0, 31.0, 26.0, 8.0, 33.0, 1.0, 43.0, 15.0, 43.0, 32.0, 7.0, 10.0, 10.0, 11.0, 21.0, 74.0, 21.0, 31.0, 1.0, 20.0, 16.0, 10.0, 4.0, 19.0, 27.0, 63.0, 36.0, 10.0, 52.0, 8.0, 11.0, 84.0, 1.0, 10.0, 13.0, 5.0, 5.0, 8.0, 12.0, 13.0, 21.0, 25.0, 11.0, 7.0, 105.0, 26.0, 33.0, 6.0, 13.0, 18.0, 93.0, 54.0, 9.0, 25.0, 6.0, 4.0, 48.0, 60.0, 53.0, 24.0, 1.0, 21.0, 5.0, 7.0, 9.0, 18.0, 1.0, 55.0, 7.0, 27.0, 36.0, 5.0, 35.0, 42.0, 84.0, 83.0, 2.0, 11.0, 34.0, 16.0, 49.0, 2.0, 11.0, 45.0, 12.0, 13.0, 32.0, 32.0, 40.0, 40.0, 19.0, 65.0, 24.0, 34.0, 6.0, 1.0, 4.0, 45.0, 24.0, 111.0, 20.0, 35.0, 15.0, 27.0, 39.0, 4.0, 38.0, 1.0, 26.0, 38.0, 12.0, 70.0, 19.0, 11.0, 27.0, 39.0, 3.0, 4.0, 37.0, 16.0, 4.0, 4.0, 6.0, 49.0, 15.0, 2.0, 91.0, 33.0, 10.0, 79.0, 4.0, 23.0, 1.0, 8.0, 22.0, 10.0, 29.0, 39.0, 2.0, 12.0, 1.0, 23.0, 83.0, 12.0, 21.0, 90.0, 1.0, 22.0, 30.0, 29.0, 31.0, 1.0, 9.0, 43.0, 38.0, 42.0, 17.0, 20.0, 43.0, 24.0, 28.0, 2.0, 6.0, 7.0, 4.0, 17.0, 13.0, 9.0, 4.0, 2.0, 33.0, 12.0, 34.0, 17.0, 49.0, 6.0, 1.0, 7.0, 25.0, 36.0, 14.0, 18.0, 100.0, 8.0, 104.0, 19.0, 12.0, 25.0, 12.0, 110.0, 15.0, 21.0, 59.0, 4.0, 15.0, 8.0, 25.0, 21.0, 19.0, 49.0, 30.0, 3.0, 8.0, 73.0, 5.0, 6.0, 50.0, 2.0, 18.0, 37.0, 58.0, 16.0, 25.0, 28.0, 8.0, 78.0, 23.0, 64.0, 1.0, 25.0, 20.0, 91.0, 5.0, 10.0, 7.0, 45.0, 15.0, 59.0, 56.0, 37.0, 22.0, 60.0, 48.0, 16.0, 19.0, 40.0, 22.0, 12.0, 17.0, 3.0, 6.0, 19.0, 25.0, 5.0, 21.0]
