avgTJ:  12.758047210300429
stdDvTJ:  14.126571455215764
avgTJ without 0:  14.816822429906543
stdDvTJ without 0:  14.186566103741264
maxTJ:  22.294117647058822
minTJ:  7.125

avgTT:  14.914914914914915
stdDvTT:  17.191198476919478
avgTT without 0:  14.914914914914915
stdDvTT without 0:  17.191198476919478
maxTT:  31.1
minTT:  4.428571428571429

avgTotT:  15.9229853116316
stdDvTotT:  17.510650750285492
avgTotT without 0:  16.438524590163933
stdDvTotT without 0:  17.552086171470147
maxTotT:  25.178571428571427
minTotT:  8.916666666666666

avgMGT:  15.784041286224692
stdDvMGT:  17.02102147569601
avgMGT without 0:  16.295081967213115
stdDvMGT without 0:  17.05191615817452
maxMGT:  25.178571428571427
minMGT:  8.916666666666666

avgSGT:  9.117647058823529
stdDvSGT:  12.888126560069686
avgSGT without 0:  9.117647058823529
stdDvSGT without 0:  12.888126560069686
maxSGT:  56.0
minSGT:  1.0

free lanes %:  41.412561897315605 %, number of free traverse:  3178 num of traverse 7674
number of times in traffic %:  13.004951785248892 %, numero di volte nel traffico:  998 num of traverse 7674
not free passage %:  58.84805837894188 %, number of not free passage:  4516 num of traverse 7674
junction times
 [11.0, 2.0, 3.0, 17.0, 15.0, 7.0, 39.0, 3.0, 25.0, 10.0, 4.0, 13.0, 7.0, 7.0, 5.0, 3.0, 11.0, 10.0, 22.0, 13.0, 38.0, 30.0, 102.0, 22.0, 53.0, 69.0, 2.0, 24.0, 5.0, 4.0, 42.0, 21.0, 15.0, 11.0, 27.0, 26.0, 14.0, 1.0, 16.0, 25.0, 4.0, 5.0, 22.0, 11.0, 6.0, 14.0, 10.0, 49.0, 15.0, 4.0, 29.0, 17.0, 21.0, 8.0, 14.0, 3.0, 9.0, 4.0, 10.0, 7.0, 3.0, 1.0, 14.0, 3.0, 41.0, 4.0, 5.0, 1.0, 19.0, 2.0, 5.0, 3.0, 19.0, 7.0, 14.0, 17.0, 19.0, 7.0, 1.0, 1.0, 3.0, 26.0, 8.0, 9.0, 6.0, 6.0, 16.0, 5.0, 21.0, 10.0, 44.0, 13.0, 5.0, 5.0, 19.0, 7.0, 9.0, 6.0, 11.0, 2.0, 9.0, 8.0, 12.0, 9.0, 18.0, 2.0, 10.0, 4.0, 9.0, 29.0, 14.0, 11.0, 8.0, 17.0, 3.0, 1.0, 63.0, 9.0, 10.0, 9.0, 5.0, 27.0, 3.0, 1.0, 28.0, 3.0, 13.0, 25.0, 11.0, 10.0, 3.0, 2.0, 14.0, 1.0, 6.0, 15.0, 28.0, 22.0, 15.0, 4.0, 32.0, 66.0, 6.0, 13.0, 35.0, 2.0, 9.0, 18.0, 43.0, 42.0, 29.0, 5.0, 23.0, 6.0, 10.0, 41.0, 5.0, 8.0, 7.0, 57.0, 4.0, 8.0, 11.0, 14.0, 4.0, 7.0, 7.0, 16.0, 7.0, 9.0, 11.0, 2.0, 6.0, 11.0, 28.0, 2.0, 2.0, 9.0, 19.0, 10.0, 11.0, 5.0, 20.0, 2.0, 4.0, 13.0, 12.0, 37.0, 7.0, 7.0, 4.0, 3.0, 30.0, 4.0, 14.0, 10.0, 75.0, 23.0, 23.0, 41.0, 36.0, 10.0, 3.0, 10.0, 9.0, 14.0, 31.0, 15.0, 10.0, 8.0, 15.0, 7.0, 20.0, 17.0, 9.0, 1.0, 8.0, 22.0, 12.0, 6.0, 13.0, 21.0, 14.0, 20.0, 7.0, 7.0, 10.0, 36.0, 29.0, 6.0, 10.0, 16.0, 17.0, 9.0, 8.0, 9.0, 12.0, 10.0, 6.0, 14.0, 2.0, 4.0, 10.0, 9.0, 17.0, 2.0, 10.0, 21.0, 16.0, 11.0, 10.0, 39.0, 11.0, 19.0, 23.0, 8.0, 5.0, 1.0, 5.0, 11.0, 18.0, 2.0, 3.0, 7.0, 54.0, 7.0, 7.0, 10.0, 22.0, 16.0, 23.0, 7.0, 9.0, 4.0, 122.0, 20.0, 21.0, 9.0, 1.0, 16.0, 17.0, 14.0, 5.0, 4.0, 19.0, 3.0, 11.0, 3.0, 1.0, 10.0, 4.0, 9.0, 6.0, 8.0, 3.0, 13.0, 10.0, 2.0, 35.0, 2.0, 9.0, 27.0, 10.0, 27.0, 39.0, 7.0, 10.0, 3.0, 24.0, 15.0, 20.0, 9.0, 12.0, 4.0, 44.0, 12.0, 3.0, 3.0, 30.0, 2.0, 15.0, 2.0, 24.0, 8.0, 9.0, 8.0, 6.0, 1.0, 12.0, 8.0, 3.0, 9.0, 1.0, 7.0, 13.0, 8.0, 10.0, 19.0, 12.0, 2.0, 2.0, 10.0, 16.0, 8.0, 13.0, 3.0, 23.0, 36.0, 21.0, 35.0, 24.0, 5.0, 63.0, 89.0, 12.0, 10.0, 9.0, 16.0, 35.0, 1.0, 34.0, 6.0, 2.0, 34.0, 3.0, 3.0, 18.0, 27.0, 2.0, 4.0, 16.0, 16.0, 15.0, 7.0, 3.0, 2.0, 10.0, 28.0, 10.0, 3.0, 3.0, 8.0, 21.0, 31.0, 8.0, 25.0, 3.0, 6.0, 7.0, 1.0, 36.0, 25.0, 5.0, 1.0, 21.0, 3.0, 3.0, 47.0, 29.0, 1.0, 4.0, 6.0, 16.0, 76.0, 12.0, 6.0, 5.0, 2.0, 23.0, 8.0, 11.0, 6.0, 49.0, 20.0, 7.0, 1.0, 18.0, 11.0, 10.0, 21.0, 4.0, 1.0, 7.0, 2.0, 16.0, 18.0, 11.0, 25.0, 15.0, 39.0, 24.0, 20.0, 22.0, 4.0, 27.0, 14.0, 9.0, 5.0, 5.0, 3.0, 2.0, 5.0, 17.0, 10.0, 11.0, 4.0, 5.0, 43.0, 10.0, 7.0, 17.0, 10.0, 19.0, 9.0, 15.0, 15.0, 12.0, 9.0, 2.0, 11.0, 1.0, 5.0, 2.0, 21.0, 2.0, 8.0, 1.0, 8.0, 36.0, 21.0, 30.0, 1.0, 20.0, 26.0, 13.0, 6.0, 50.0, 40.0, 3.0, 11.0, 4.0, 9.0, 6.0, 14.0, 4.0, 18.0, 30.0, 6.0, 29.0, 3.0, 18.0, 3.0, 8.0, 14.0, 3.0, 10.0, 20.0, 4.0, 10.0, 17.0, 6.0, 11.0, 28.0, 4.0, 12.0, 10.0, 24.0, 17.0, 11.0, 3.0, 4.0, 20.0, 7.0, 7.0, 15.0, 22.0, 1.0, 1.0, 2.0, 8.0, 20.0, 7.0, 19.0, 5.0, 69.0, 22.0, 7.0, 49.0, 9.0, 46.0, 3.0, 10.0, 7.0, 9.0, 11.0, 6.0, 54.0, 5.0, 48.0, 21.0, 14.0, 25.0, 20.0, 12.0, 10.0, 18.0, 2.0, 37.0, 27.0, 9.0, 26.0, 11.0, 4.0, 10.0, 74.0, 6.0, 21.0, 14.0, 10.0, 10.0, 8.0, 11.0, 7.0, 9.0, 2.0, 9.0, 31.0, 9.0, 4.0, 18.0, 3.0, 35.0, 2.0, 23.0, 22.0, 3.0, 2.0, 30.0, 8.0, 2.0, 8.0, 1.0, 3.0, 3.0, 4.0, 9.0, 35.0, 3.0, 7.0, 5.0, 25.0, 1.0, 19.0, 11.0, 9.0, 8.0, 12.0, 17.0, 30.0, 27.0, 39.0, 4.0, 14.0, 10.0, 60.0, 33.0, 59.0, 18.0, 12.0, 53.0, 18.0, 8.0, 14.0, 39.0, 12.0, 4.0, 12.0, 75.0, 4.0, 9.0, 9.0, 4.0, 18.0, 2.0, 6.0, 8.0, 9.0, 10.0, 3.0, 22.0, 8.0, 19.0, 5.0, 14.0, 25.0, 3.0, 20.0, 6.0, 3.0, 9.0, 1.0, 6.0, 12.0, 9.0, 3.0, 3.0, 4.0, 30.0, 16.0, 7.0, 28.0, 14.0, 50.0, 17.0, 8.0, 40.0, 10.0, 37.0, 12.0, 4.0, 11.0, 23.0, 10.0, 27.0, 19.0, 21.0, 35.0, 17.0, 12.0, 10.0, 18.0, 12.0, 8.0, 18.0, 40.0, 11.0, 7.0, 11.0, 4.0, 51.0, 25.0, 33.0, 3.0, 4.0, 36.0, 25.0, 7.0, 15.0, 34.0, 11.0, 25.0, 1.0, 13.0, 1.0, 8.0, 20.0, 11.0, 7.0, 4.0, 3.0, 9.0, 9.0, 3.0, 18.0, 9.0, 17.0, 17.0, 6.0, 24.0, 1.0, 8.0, 18.0, 30.0, 16.0, 12.0, 27.0, 35.0, 11.0, 12.0, 8.0, 7.0, 6.0, 23.0, 6.0, 7.0, 7.0, 9.0, 57.0, 13.0, 9.0, 8.0, 6.0, 10.0, 9.0, 17.0, 10.0, 31.0, 20.0, 2.0, 5.0, 3.0, 9.0, 21.0, 3.0, 28.0, 2.0, 50.0, 5.0, 11.0, 2.0, 8.0, 21.0, 10.0, 11.0, 35.0, 46.0, 39.0, 11.0, 23.0, 10.0, 7.0, 8.0, 16.0, 19.0, 13.0, 9.0, 21.0, 43.0, 36.0, 2.0, 1.0, 5.0, 48.0, 47.0, 4.0, 4.0, 20.0, 33.0, 14.0, 8.0, 15.0, 9.0, 2.0, 5.0, 21.0, 8.0, 9.0, 6.0, 23.0, 7.0, 2.0, 3.0, 14.0, 17.0, 17.0, 48.0, 14.0, 12.0, 3.0, 3.0, 2.0, 15.0, 22.0, 4.0, 14.0, 3.0, 32.0, 2.0, 4.0, 20.0, 6.0, 1.0, 10.0, 9.0, 14.0, 11.0, 1.0, 7.0, 2.0, 39.0, 3.0, 6.0, 5.0, 31.0, 28.0, 16.0, 13.0, 24.0, 1.0, 8.0, 4.0, 1.0, 44.0, 9.0, 7.0, 27.0, 34.0, 7.0, 15.0, 37.0, 4.0, 13.0, 35.0, 24.0, 17.0, 32.0, 1.0, 3.0, 37.0, 2.0, 6.0, 97.0, 21.0, 23.0, 3.0, 10.0, 15.0, 9.0, 4.0, 20.0, 11.0, 3.0, 1.0, 7.0, 29.0, 1.0, 4.0, 34.0, 3.0, 24.0, 1.0, 2.0, 10.0, 26.0, 11.0, 3.0, 15.0, 2.0, 41.0, 9.0, 17.0, 20.0, 3.0, 18.0, 4.0, 16.0, 24.0, 6.0, 12.0, 25.0, 30.0, 9.0, 12.0, 5.0, 18.0, 8.0, 11.0, 28.0, 1.0, 1.0, 4.0, 13.0, 29.0, 26.0, 6.0, 12.0, 1.0, 16.0, 2.0, 19.0, 3.0, 16.0, 7.0, 1.0, 27.0, 19.0, 11.0, 13.0, 8.0, 11.0, 18.0, 33.0, 17.0, 45.0, 31.0, 4.0, 12.0, 12.0, 7.0, 20.0, 19.0, 11.0, 5.0, 24.0, 12.0, 30.0, 3.0, 7.0, 10.0, 16.0, 6.0, 17.0, 13.0, 11.0, 40.0, 10.0, 10.0, 24.0, 13.0, 2.0, 6.0, 14.0, 18.0, 6.0, 19.0, 10.0, 6.0, 7.0, 7.0, 9.0, 1.0, 1.0, 7.0, 17.0, 51.0, 8.0, 4.0, 16.0, 3.0, 40.0, 8.0, 11.0, 32.0, 16.0, 6.0, 7.0, 8.0, 8.0, 2.0, 3.0, 3.0, 40.0, 8.0, 21.0, 8.0, 9.0, 25.0, 53.0, 31.0, 6.0, 2.0, 6.0, 11.0, 6.0, 1.0, 9.0, 5.0, 10.0, 3.0, 17.0, 26.0, 13.0, 6.0, 6.0, 8.0, 2.0, 27.0, 5.0, 2.0, 19.0, 5.0, 17.0, 22.0, 2.0, 39.0, 105.0, 20.0, 9.0, 11.0, 6.0, 10.0, 7.0, 18.0, 5.0, 3.0, 31.0, 9.0, 21.0, 4.0, 21.0, 30.0, 55.0, 60.0, 2.0, 16.0, 1.0, 16.0, 4.0, 13.0, 29.0, 4.0, 7.0, 14.0, 11.0, 3.0, 30.0, 10.0, 5.0, 20.0, 15.0, 19.0, 20.0, 7.0, 36.0, 9.0, 20.0, 15.0, 25.0, 4.0, 8.0, 32.0, 3.0, 5.0, 3.0, 47.0, 24.0, 12.0, 21.0, 41.0, 10.0, 20.0, 2.0, 1.0, 19.0, 6.0, 22.0, 23.0, 21.0, 40.0, 48.0, 9.0, 3.0, 8.0, 6.0, 1.0, 29.0, 16.0, 8.0, 14.0, 19.0, 25.0, 4.0, 6.0, 11.0, 19.0, 7.0, 8.0, 8.0, 18.0, 22.0, 17.0, 28.0, 82.0, 6.0, 6.0, 16.0, 7.0, 1.0, 21.0, 27.0, 3.0, 23.0, 3.0, 10.0, 15.0, 4.0, 3.0, 10.0, 3.0, 43.0, 3.0, 13.0, 29.0, 5.0, 9.0, 9.0, 1.0, 2.0, 12.0, 10.0, 13.0, 4.0, 25.0, 9.0, 9.0, 9.0, 9.0, 9.0, 1.0, 35.0, 4.0, 35.0, 21.0, 1.0, 159.0, 1.0, 1.0, 9.0, 8.0, 8.0, 5.0, 5.0, 1.0, 3.0, 4.0, 2.0, 24.0, 12.0, 10.0, 18.0, 10.0, 3.0, 9.0, 17.0, 19.0, 13.0, 1.0, 20.0, 9.0, 2.0, 32.0, 23.0, 9.0, 16.0, 1.0, 4.0, 21.0, 4.0, 2.0, 28.0, 13.0, 25.0, 16.0, 9.0, 8.0, 23.0, 2.0, 11.0, 8.0, 2.0, 20.0, 4.0, 14.0, 21.0, 16.0, 14.0, 3.0, 4.0, 9.0, 13.0, 15.0, 3.0, 29.0, 5.0, 10.0, 28.0, 11.0, 11.0, 8.0, 34.0, 9.0, 58.0, 59.0, 36.0, 16.0, 2.0, 4.0, 17.0, 13.0, 17.0, 12.0, 8.0, 6.0, 1.0, 17.0, 15.0, 1.0, 35.0, 8.0, 27.0, 46.0, 5.0, 3.0, 2.0, 26.0, 24.0, 13.0, 5.0, 7.0, 8.0, 15.0, 1.0, 31.0, 27.0, 18.0, 41.0, 22.0, 33.0, 9.0, 24.0, 11.0, 14.0, 25.0, 25.0, 2.0, 3.0, 10.0, 4.0, 23.0, 57.0, 14.0, 37.0, 9.0, 9.0, 23.0, 28.0, 15.0, 20.0, 20.0, 31.0, 22.0, 18.0, 40.0, 20.0, 5.0, 17.0, 10.0, 22.0, 24.0, 9.0, 1.0, 3.0, 19.0, 29.0, 3.0, 9.0, 2.0, 11.0, 12.0, 11.0, 70.0, 16.0, 8.0, 7.0, 5.0, 11.0, 3.0, 9.0, 4.0, 52.0, 20.0, 10.0, 10.0, 10.0, 12.0, 5.0, 26.0, 1.0, 29.0, 37.0, 6.0, 3.0, 12.0, 32.0, 5.0, 4.0, 7.0, 5.0, 24.0, 11.0, 8.0, 4.0, 50.0, 16.0, 40.0, 16.0, 22.0, 1.0, 11.0, 8.0, 7.0, 4.0, 26.0, 8.0, 5.0, 13.0, 3.0, 4.0, 19.0, 19.0, 29.0, 18.0, 16.0, 12.0, 7.0, 4.0, 28.0, 7.0, 6.0, 3.0, 15.0, 87.0, 9.0, 11.0, 16.0, 19.0, 21.0, 14.0, 11.0, 9.0, 4.0, 9.0, 15.0, 9.0, 3.0, 9.0, 11.0, 9.0, 18.0, 1.0, 1.0, 5.0, 22.0, 8.0, 12.0, 30.0, 22.0, 49.0, 9.0, 36.0, 10.0, 9.0, 30.0, 4.0, 3.0, 6.0, 2.0, 13.0, 9.0, 19.0, 1.0, 3.0, 48.0, 35.0, 10.0, 8.0, 5.0, 19.0, 31.0, 7.0, 10.0, 28.0, 6.0, 5.0, 1.0, 20.0, 4.0, 3.0, 29.0, 36.0, 10.0, 13.0, 6.0, 5.0, 2.0, 2.0, 7.0, 55.0, 3.0, 24.0, 10.0, 8.0, 15.0, 3.0, 20.0, 2.0, 27.0, 14.0, 8.0, 5.0, 8.0, 20.0, 13.0, 20.0, 27.0, 29.0, 2.0, 11.0, 9.0, 6.0, 4.0, 4.0, 4.0, 3.0, 21.0, 13.0, 28.0, 3.0, 4.0, 21.0, 7.0, 34.0, 19.0, 7.0, 10.0, 55.0, 2.0, 41.0, 9.0, 2.0, 17.0, 1.0, 21.0, 10.0, 14.0, 39.0, 36.0, 4.0, 47.0, 3.0, 23.0, 15.0, 20.0, 19.0, 29.0, 9.0, 28.0, 9.0, 10.0, 10.0, 17.0, 10.0, 11.0, 6.0, 16.0, 7.0, 1.0, 12.0, 9.0, 14.0, 7.0, 3.0, 22.0, 33.0, 11.0, 15.0, 14.0, 36.0, 14.0, 8.0, 21.0, 18.0, 10.0, 4.0, 22.0, 21.0, 3.0, 29.0, 12.0, 7.0, 7.0, 10.0, 23.0, 11.0, 21.0, 22.0, 1.0, 3.0, 13.0, 26.0, 6.0, 4.0, 16.0, 24.0, 15.0, 15.0, 22.0, 10.0, 46.0, 12.0, 2.0, 3.0, 29.0, 10.0, 1.0, 30.0, 11.0, 14.0, 64.0, 25.0, 22.0, 6.0, 9.0, 1.0, 23.0, 11.0, 18.0, 16.0, 6.0, 8.0, 5.0, 9.0, 37.0, 7.0, 52.0, 7.0, 21.0, 24.0, 43.0, 31.0, 13.0, 8.0, 14.0, 1.0, 10.0, 10.0, 14.0, 23.0, 3.0, 27.0, 13.0, 17.0, 19.0, 27.0, 12.0, 4.0, 6.0, 3.0, 9.0, 11.0, 16.0, 20.0, 9.0, 6.0, 14.0, 9.0, 53.0, 4.0, 7.0, 37.0, 8.0, 77.0, 2.0, 3.0, 4.0, 37.0, 8.0, 11.0, 53.0, 2.0, 10.0, 3.0, 44.0, 2.0, 35.0] 

traffic times
 [1.0, 21.0, 5.0, 8.0, 9.0, 15.0, 6.0, 33.0, 19.0, 55.0, 92.0, 5.0, 1.0, 1.0, 3.0, 1.0, 7.0, 14.0, 49.0, 3.0, 7.0, 1.0, 1.0, 7.0, 2.0, 7.0, 16.0, 1.0, 12.0, 28.0, 7.0, 6.0, 9.0, 52.0, 1.0, 8.0, 33.0, 4.0, 25.0, 15.0, 8.0, 47.0, 2.0, 13.0, 16.0, 12.0, 1.0, 6.0, 6.0, 6.0, 1.0, 1.0, 35.0, 1.0, 1.0, 1.0, 6.0, 73.0, 23.0, 13.0, 6.0, 6.0, 23.0, 12.0, 6.0, 57.0, 24.0, 3.0, 35.0, 98.0, 14.0, 7.0, 1.0, 7.0, 1.0, 24.0, 30.0, 7.0, 7.0, 1.0, 19.0, 23.0, 34.0, 13.0, 1.0, 1.0, 1.0, 46.0, 12.0, 9.0, 17.0, 17.0, 64.0, 1.0, 16.0, 17.0, 7.0, 1.0, 43.0, 1.0, 1.0, 12.0, 19.0, 14.0, 1.0, 98.0, 1.0, 1.0, 1.0, 29.0, 23.0, 1.0, 5.0, 1.0, 1.0, 49.0, 8.0, 1.0, 11.0, 28.0, 23.0, 7.0, 7.0, 18.0, 24.0, 9.0, 8.0, 35.0, 15.0, 6.0, 6.0, 10.0, 24.0, 12.0, 39.0, 6.0, 12.0, 12.0, 8.0, 48.0, 35.0, 29.0, 6.0, 33.0, 81.0, 18.0, 44.0, 16.0, 16.0, 16.0, 13.0, 25.0, 1.0, 1.0, 27.0, 1.0, 11.0, 18.0, 15.0, 14.0, 7.0, 1.0, 37.0, 2.0, 1.0, 8.0, 8.0, 22.0, 10.0, 2.0, 1.0, 16.0, 17.0, 1.0, 7.0, 9.0, 61.0, 11.0, 31.0, 8.0, 18.0, 8.0, 9.0, 1.0, 35.0, 1.0, 28.0, 5.0, 8.0, 38.0, 66.0, 4.0, 8.0, 21.0, 1.0, 27.0, 1.0, 6.0, 15.0, 22.0, 8.0, 16.0, 6.0, 6.0, 12.0, 9.0, 25.0, 12.0, 11.0, 1.0, 1.0, 17.0, 11.0, 19.0, 1.0, 49.0, 1.0, 21.0, 57.0, 1.0, 11.0, 9.0, 115.0, 35.0, 13.0, 2.0, 7.0, 1.0, 12.0, 6.0, 11.0, 19.0, 1.0, 48.0, 92.0, 11.0, 3.0, 37.0, 17.0, 28.0, 15.0, 10.0, 10.0, 11.0, 12.0, 20.0, 11.0, 19.0, 6.0, 4.0, 18.0, 3.0, 10.0, 7.0, 21.0, 11.0, 35.0, 31.0, 6.0, 3.0, 1.0, 20.0, 5.0, 7.0, 9.0, 2.0, 1.0, 5.0, 13.0, 19.0, 57.0, 18.0, 12.0, 11.0, 11.0, 2.0, 3.0, 1.0, 28.0, 5.0, 9.0, 1.0, 15.0, 38.0, 1.0, 11.0, 5.0, 16.0, 12.0, 16.0, 7.0, 4.0, 1.0, 1.0, 1.0, 18.0, 7.0, 1.0, 2.0, 1.0, 2.0, 1.0, 1.0, 7.0, 14.0, 1.0, 7.0, 87.0, 34.0, 28.0, 8.0, 44.0, 3.0, 2.0, 34.0, 8.0, 54.0, 31.0, 20.0, 1.0, 1.0, 19.0, 35.0, 24.0, 16.0, 12.0, 1.0, 29.0, 1.0, 22.0, 7.0, 7.0, 15.0, 15.0, 12.0, 21.0, 18.0, 28.0, 13.0, 8.0, 52.0, 1.0, 3.0, 1.0, 6.0, 3.0, 2.0, 28.0, 4.0, 23.0, 23.0, 18.0, 27.0, 7.0, 19.0, 5.0, 7.0, 53.0, 1.0, 37.0, 14.0, 24.0, 37.0, 7.0, 13.0, 1.0, 37.0, 11.0, 42.0, 1.0, 13.0, 10.0, 12.0, 28.0, 6.0, 7.0, 7.0, 14.0, 12.0, 7.0, 15.0, 26.0, 17.0, 15.0, 32.0, 19.0, 1.0, 2.0, 7.0, 22.0, 36.0, 23.0, 11.0, 1.0, 35.0, 10.0, 7.0, 39.0, 3.0, 11.0, 18.0, 1.0, 3.0, 28.0, 11.0, 20.0, 25.0, 1.0, 1.0, 10.0, 7.0, 8.0, 16.0, 12.0, 8.0, 1.0, 8.0, 8.0, 7.0, 48.0, 11.0, 13.0, 11.0, 104.0, 56.0, 23.0, 26.0, 7.0, 1.0, 1.0, 1.0, 1.0, 3.0, 12.0, 30.0, 41.0, 1.0, 17.0, 18.0, 3.0, 1.0, 12.0, 17.0, 7.0, 7.0, 1.0, 1.0, 1.0, 22.0, 33.0, 8.0, 18.0, 1.0, 1.0, 31.0, 1.0, 1.0, 21.0, 1.0, 8.0, 54.0, 7.0, 28.0, 97.0, 2.0, 1.0, 1.0, 16.0, 6.0, 15.0, 8.0, 1.0, 15.0, 2.0, 72.0, 2.0, 7.0, 10.0, 10.0, 21.0, 25.0, 1.0, 3.0, 18.0, 10.0, 14.0, 8.0, 8.0, 8.0, 10.0, 22.0, 3.0, 1.0, 1.0, 1.0, 11.0, 7.0, 31.0, 2.0, 25.0, 32.0, 33.0, 1.0, 39.0, 10.0, 29.0, 28.0, 27.0, 17.0, 83.0, 7.0, 17.0, 1.0, 1.0, 17.0, 1.0, 6.0, 17.0, 20.0, 1.0, 9.0, 35.0, 14.0, 16.0, 1.0, 17.0, 9.0, 6.0, 31.0, 1.0, 1.0, 7.0, 1.0, 10.0, 13.0, 37.0, 10.0, 6.0, 1.0, 19.0, 9.0, 24.0, 9.0, 17.0, 5.0, 1.0, 1.0, 1.0, 1.0, 15.0, 43.0, 23.0, 2.0, 6.0, 1.0, 1.0, 14.0, 55.0, 13.0, 1.0, 7.0, 20.0, 7.0, 4.0, 43.0, 10.0, 7.0, 22.0, 4.0, 1.0, 17.0, 1.0, 13.0, 7.0, 9.0, 8.0, 47.0, 15.0, 1.0, 27.0, 20.0, 13.0, 16.0, 1.0, 22.0, 7.0, 20.0, 58.0, 15.0, 18.0, 1.0, 25.0, 12.0, 6.0, 1.0, 2.0, 18.0, 1.0, 12.0, 23.0, 8.0, 8.0, 37.0, 1.0, 24.0, 8.0, 8.0, 1.0, 16.0, 11.0, 16.0, 10.0, 4.0, 1.0, 35.0, 45.0, 39.0, 11.0, 7.0, 2.0, 7.0, 7.0, 1.0, 32.0, 4.0, 25.0, 1.0, 9.0, 12.0, 4.0, 26.0, 52.0, 9.0, 8.0, 5.0, 8.0, 6.0, 13.0, 16.0, 7.0, 1.0, 8.0, 1.0, 7.0, 8.0, 19.0, 7.0, 37.0, 5.0, 1.0, 7.0, 7.0, 17.0, 1.0, 7.0, 11.0, 34.0, 5.0, 38.0, 13.0, 15.0, 45.0, 16.0, 3.0, 11.0, 12.0, 8.0, 2.0, 15.0, 7.0, 34.0, 23.0, 1.0, 7.0, 7.0, 7.0, 1.0, 13.0, 1.0, 30.0, 14.0, 10.0, 10.0, 32.0, 1.0, 1.0, 23.0, 20.0, 1.0, 1.0, 14.0, 9.0, 40.0, 1.0, 5.0, 31.0, 1.0, 7.0, 8.0, 30.0, 12.0, 121.0, 23.0, 1.0, 8.0, 22.0, 1.0, 42.0, 1.0, 2.0, 5.0, 14.0, 5.0, 1.0, 16.0, 3.0, 11.0, 35.0, 9.0, 7.0, 1.0, 1.0, 4.0, 6.0, 15.0, 1.0, 3.0, 52.0, 9.0, 11.0, 26.0, 1.0, 1.0, 1.0, 9.0, 12.0, 12.0, 24.0, 4.0, 10.0, 34.0, 55.0, 1.0, 10.0, 28.0, 1.0, 8.0, 1.0, 39.0, 18.0, 19.0, 7.0, 1.0, 3.0, 6.0, 1.0, 2.0, 1.0, 1.0, 18.0, 1.0, 1.0, 17.0, 8.0, 12.0, 28.0, 33.0, 1.0, 13.0, 11.0, 134.0, 8.0, 14.0, 8.0, 1.0, 10.0, 25.0, 10.0, 11.0, 58.0, 19.0, 1.0, 19.0, 11.0, 12.0, 36.0, 7.0, 1.0, 1.0, 43.0, 7.0, 47.0, 8.0, 11.0, 20.0, 1.0, 16.0, 6.0, 21.0, 8.0, 1.0, 1.0, 105.0, 1.0, 13.0, 18.0, 3.0, 1.0, 19.0, 8.0, 1.0, 1.0, 7.0, 11.0, 6.0, 1.0, 26.0, 26.0, 17.0, 20.0, 1.0, 16.0, 23.0, 11.0, 30.0, 4.0, 28.0, 1.0, 5.0, 20.0, 45.0, 33.0, 10.0, 39.0, 9.0, 10.0, 14.0, 25.0, 37.0, 7.0, 3.0, 4.0, 44.0, 21.0, 7.0, 1.0, 1.0, 1.0, 2.0, 12.0, 41.0, 1.0, 6.0, 11.0, 15.0, 11.0, 11.0, 1.0, 43.0, 18.0, 1.0, 8.0, 1.0, 72.0, 30.0, 10.0, 1.0, 22.0, 4.0, 15.0, 15.0, 76.0, 1.0, 7.0, 6.0, 11.0, 7.0, 1.0, 5.0, 2.0, 1.0, 22.0, 11.0, 1.0, 1.0, 12.0, 2.0, 20.0, 1.0, 1.0, 12.0, 1.0, 25.0, 1.0, 1.0, 25.0, 12.0, 5.0, 8.0, 19.0, 7.0, 21.0, 13.0, 8.0, 13.0, 15.0, 5.0, 10.0, 7.0, 36.0, 11.0, 3.0, 33.0, 71.0, 38.0, 10.0, 1.0, 50.0, 8.0, 86.0, 8.0, 21.0, 13.0, 10.0, 19.0, 1.0, 7.0, 48.0, 77.0, 23.0, 7.0, 38.0, 20.0, 1.0, 7.0, 11.0, 3.0, 1.0, 4.0, 1.0, 1.0, 15.0, 9.0, 3.0, 1.0, 1.0, 1.0, 16.0, 72.0, 10.0, 7.0, 19.0, 21.0, 43.0, 1.0, 1.0, 1.0, 1.0, 15.0, 18.0, 24.0, 19.0, 1.0, 1.0, 54.0, 11.0, 16.0, 1.0, 7.0, 52.0, 1.0, 7.0, 8.0, 29.0, 8.0, 8.0, 8.0, 9.0, 4.0, 18.0, 6.0, 7.0, 1.0, 3.0, 5.0, 42.0, 66.0, 8.0, 27.0, 5.0, 19.0, 1.0, 17.0, 22.0, 31.0, 7.0, 8.0, 24.0, 9.0] 

total times
 [11.0, 1.0, 2.0, 21.0, 5.0, 3.0, 17.0, 8.0, 15.0, 7.0, 39.0, 3.0, 25.0, 10.0, 4.0, 13.0, 7.0, 7.0, 5.0, 3.0, 11.0, 10.0, 22.0, 9.0, 15.0, 6.0, 13.0, 38.0, 30.0, 135.0, 41.0, 53.0, 55.0, 69.0, 2.0, 24.0, 92.0, 19.0, 1.0, 1.0, 7.0, 42.0, 21.0, 15.0, 11.0, 27.0, 26.0, 14.0, 1.0, 17.0, 25.0, 4.0, 5.0, 22.0, 7.0, 11.0, 6.0, 14.0, 14.0, 49.0, 10.0, 3.0, 49.0, 15.0, 11.0, 29.0, 1.0, 1.0, 10.0, 17.0, 30.0, 8.0, 7.0, 14.0, 3.0, 9.0, 20.0, 1.0, 10.0, 7.0, 13.0, 28.0, 11.0, 6.0, 3.0, 1.0, 14.0, 9.0, 3.0, 52.0, 41.0, 4.0, 9.0, 16.0, 5.0, 33.0, 1.0, 23.0, 2.0, 25.0, 5.0, 3.0, 19.0, 7.0, 14.0, 17.0, 15.0, 8.0, 47.0, 6.0, 19.0, 7.0, 1.0, 19.0, 1.0, 3.0, 50.0, 12.0, 1.0, 23.0, 6.0, 15.0, 15.0, 6.0, 16.0, 1.0, 35.0, 5.0, 21.0, 1.0, 10.0, 44.0, 13.0, 5.0, 5.0, 11.0, 1.0, 19.0, 7.0, 6.0, 73.0, 32.0, 6.0, 11.0, 19.0, 2.0, 9.0, 8.0, 12.0, 9.0, 18.0, 2.0, 10.0, 4.0, 6.0, 6.0, 9.0, 29.0, 14.0, 11.0, 29.0, 12.0, 6.0, 8.0, 17.0, 3.0, 65.0, 25.0, 3.0, 105.0, 98.0, 14.0, 9.0, 7.0, 1.0, 10.0, 9.0, 5.0, 27.0, 7.0, 1.0, 24.0, 3.0, 1.0, 28.0, 3.0, 30.0, 13.0, 25.0, 7.0, 11.0, 10.0, 3.0, 7.0, 1.0, 19.0, 2.0, 14.0, 23.0, 1.0, 6.0, 34.0, 15.0, 13.0, 9.0, 28.0, 22.0, 15.0, 4.0, 1.0, 9.0, 32.0, 66.0, 6.0, 13.0, 46.0, 12.0, 35.0, 2.0, 9.0, 27.0, 17.0, 43.0, 42.0, 21.0, 66.0, 29.0, 1.0, 5.0, 23.0, 6.0, 10.0, 41.0, 5.0, 8.0, 18.0, 17.0, 7.0, 7.0, 57.0, 1.0, 43.0, 1.0, 1.0, 4.0, 8.0, 11.0, 12.0, 27.0, 14.0, 14.0, 4.0, 7.0, 7.0, 16.0, 9.0, 7.0, 104.0, 9.0, 11.0, 2.0, 6.0, 11.0, 28.0, 1.0, 1.0, 2.0, 2.0, 9.0, 1.0, 29.0, 19.0, 10.0, 23.0, 11.0, 5.0, 1.0, 5.0, 20.0, 2.0, 11.0, 4.0, 13.0, 12.0, 37.0, 7.0, 7.0, 5.0, 49.0, 3.0, 8.0, 30.0, 1.0, 15.0, 14.0, 28.0, 23.0, 17.0, 75.0, 23.0, 23.0, 41.0, 36.0, 10.0, 3.0, 7.0, 18.0, 24.0, 10.0, 9.0, 14.0, 9.0, 31.0, 15.0, 8.0, 35.0, 15.0, 10.0, 6.0, 6.0, 10.0, 8.0, 15.0, 24.0, 7.0, 12.0, 39.0, 6.0, 20.0, 17.0, 12.0, 12.0, 9.0, 8.0, 48.0, 1.0, 35.0, 29.0, 8.0, 22.0, 12.0, 6.0, 13.0, 27.0, 14.0, 33.0, 20.0, 7.0, 81.0, 7.0, 18.0, 10.0, 44.0, 16.0, 16.0, 36.0, 16.0, 29.0, 6.0, 10.0, 13.0, 16.0, 26.0, 1.0, 1.0, 27.0, 1.0, 11.0, 18.0, 17.0, 15.0, 33.0, 8.0, 9.0, 7.0, 12.0, 10.0, 1.0, 6.0, 14.0, 37.0, 2.0, 4.0, 10.0, 2.0, 1.0, 9.0, 8.0, 14.0, 22.0, 17.0, 2.0, 10.0, 22.0, 21.0, 16.0, 1.0, 11.0, 10.0, 39.0, 16.0, 11.0, 17.0, 1.0, 34.0, 9.0, 23.0, 8.0, 5.0, 1.0, 5.0, 61.0, 11.0, 18.0, 2.0, 3.0, 11.0, 7.0, 90.0, 8.0, 7.0, 7.0, 34.0, 12.0, 9.0, 1.0, 22.0, 16.0, 23.0, 7.0, 9.0, 4.0, 122.0, 20.0, 21.0, 9.0, 35.0, 6.0, 1.0, 16.0, 17.0, 14.0, 5.0, 28.0, 5.0, 4.0, 35.0, 38.0, 3.0, 66.0, 4.0, 11.0, 8.0, 3.0, 21.0, 1.0, 10.0, 1.0, 4.0, 30.0, 9.0, 5.0, 6.0, 15.0, 28.0, 6.0, 8.0, 3.0, 13.0, 10.0, 8.0, 16.0, 10.0, 6.0, 2.0, 16.0, 9.0, 26.0, 12.0, 11.0, 35.0, 2.0, 9.0, 27.0, 10.0, 27.0, 1.0, 1.0, 39.0, 7.0, 10.0, 3.0, 46.0, 11.0, 19.0, 15.0, 20.0, 1.0, 49.0, 9.0, 12.0, 4.0, 1.0, 21.0, 57.0, 44.0, 1.0, 12.0, 3.0, 19.0, 9.0, 115.0, 3.0, 35.0, 13.0, 2.0, 30.0, 2.0, 15.0, 7.0, 2.0, 24.0, 8.0, 9.0, 1.0, 8.0, 6.0, 1.0, 12.0, 12.0, 6.0, 8.0, 3.0, 13.0, 38.0, 1.0, 48.0, 1.0, 95.0, 11.0, 7.0, 3.0, 59.0, 8.0, 10.0, 17.0, 28.0, 19.0, 12.0, 23.0, 2.0, 10.0, 2.0, 10.0, 10.0, 16.0, 8.0, 13.0, 3.0, 23.0, 11.0, 12.0, 36.0, 21.0, 20.0, 35.0, 24.0, 22.0, 63.0, 113.0, 12.0, 6.0, 10.0, 9.0, 29.0, 35.0, 1.0, 34.0, 18.0, 6.0, 2.0, 37.0, 3.0, 3.0, 18.0, 44.0, 2.0, 4.0, 16.0, 16.0, 7.0, 45.0, 7.0, 3.0, 11.0, 2.0, 45.0, 28.0, 10.0, 31.0, 3.0, 3.0, 6.0, 8.0, 21.0, 31.0, 7.0, 8.0, 1.0, 25.0, 20.0, 3.0, 8.0, 6.0, 7.0, 7.0, 1.0, 36.0, 9.0, 25.0, 5.0, 1.0, 21.0, 3.0, 3.0, 2.0, 47.0, 29.0, 1.0, 1.0, 5.0, 4.0, 13.0, 19.0, 6.0, 16.0, 139.0, 12.0, 18.0, 12.0, 6.0, 5.0, 11.0, 11.0, 2.0, 3.0, 2.0, 23.0, 1.0, 8.0, 11.0, 42.0, 49.0, 5.0, 20.0, 9.0, 7.0, 1.0, 18.0, 1.0, 11.0, 15.0, 10.0, 74.0, 21.0, 4.0, 38.0, 1.0, 7.0, 2.0, 16.0, 18.0, 11.0, 1.0, 25.0, 36.0, 51.0, 24.0, 20.0, 22.0, 16.0, 4.0, 27.0, 14.0, 12.0, 16.0, 9.0, 7.0, 5.0, 4.0, 1.0, 5.0, 3.0, 2.0, 5.0, 17.0, 10.0, 11.0, 1.0, 4.0, 5.0, 1.0, 43.0, 18.0, 10.0, 7.0, 17.0, 10.0, 19.0, 7.0, 9.0, 15.0, 1.0, 15.0, 12.0, 19.0, 2.0, 7.0, 11.0, 2.0, 1.0, 1.0, 5.0, 1.0, 7.0, 2.0, 21.0, 14.0, 1.0, 2.0, 8.0, 1.0, 7.0, 8.0, 36.0, 21.0, 96.0, 30.0, 1.0, 34.0, 20.0, 26.0, 13.0, 6.0, 28.0, 58.0, 52.0, 3.0, 51.0, 34.0, 8.0, 54.0, 3.0, 11.0, 4.0, 9.0, 6.0, 14.0, 4.0, 31.0, 20.0, 18.0, 30.0, 6.0, 29.0, 3.0, 18.0, 1.0, 3.0, 9.0, 19.0, 35.0, 24.0, 37.0, 3.0, 12.0, 10.0, 20.0, 5.0, 29.0, 1.0, 41.0, 7.0, 7.0, 17.0, 15.0, 6.0, 15.0, 11.0, 19.0, 28.0, 21.0, 4.0, 12.0, 10.0, 24.0, 17.0, 11.0, 29.0, 4.0, 20.0, 28.0, 7.0, 21.0, 7.0, 8.0, 52.0, 15.0, 22.0, 1.0, 1.0, 1.0, 2.0, 3.0, 9.0, 20.0, 7.0, 30.0, 5.0, 69.0, 22.0, 7.0, 49.0, 9.0, 46.0, 3.0, 3.0, 10.0, 7.0, 11.0, 11.0, 6.0, 28.0, 54.0, 4.0, 5.0, 26.0, 23.0, 18.0, 48.0, 21.0, 27.0, 14.0, 7.0, 25.0, 20.0, 12.0, 10.0, 18.0, 2.0, 37.0, 27.0, 9.0, 19.0, 26.0, 8.0, 7.0, 11.0, 4.0, 10.0, 74.0, 53.0, 6.0, 21.0, 14.0, 10.0, 10.0, 8.0, 11.0, 7.0, 1.0, 37.0, 9.0, 2.0, 9.0, 53.0, 24.0, 9.0, 4.0, 37.0, 7.0, 13.0, 18.0, 3.0, 35.0, 2.0, 23.0, 22.0, 3.0, 2.0, 1.0, 30.0, 51.0, 2.0, 8.0, 11.0, 1.0, 3.0, 3.0, 42.0, 10.0, 4.0, 9.0, 13.0, 10.0, 54.0, 28.0, 3.0, 6.0, 15.0, 7.0, 5.0, 7.0, 25.0, 14.0, 1.0, 17.0, 9.0, 15.0, 53.0, 38.0, 9.0, 8.0, 12.0, 15.0, 17.0, 32.0, 58.0, 37.0, 39.0, 4.0, 14.0, 10.0, 60.0, 33.0, 59.0, 18.0, 7.0, 12.0, 7.0, 75.0, 36.0, 18.0, 23.0, 8.0, 11.0, 1.0, 35.0, 14.0, 39.0, 10.0, 12.0, 4.0, 12.0, 75.0, 4.0, 9.0, 7.0, 9.0, 4.0, 47.0, 18.0, 3.0, 11.0, 2.0, 6.0, 8.0, 18.0, 5.0, 9.0, 10.0, 15.0, 59.0, 8.0, 19.0, 11.0, 5.0, 14.0, 25.0, 3.0, 50.0, 6.0, 25.0, 3.0, 9.0, 1.0, 1.0, 6.0, 1.0, 10.0, 24.0, 9.0, 3.0, 3.0, 11.0, 16.0, 4.0, 30.0, 16.0, 7.0, 40.0, 14.0, 50.0, 8.0, 17.0, 1.0, 8.0, 8.0, 40.0, 10.0, 37.0, 12.0, 4.0, 11.0, 8.0, 12.0, 23.0, 10.0, 27.0, 19.0, 21.0, 92.0, 17.0, 12.0, 21.0, 1.0, 13.0, 18.0, 12.0, 28.0, 104.0, 18.0, 103.0, 11.0, 7.0, 23.0, 11.0, 4.0, 51.0, 26.0, 7.0, 25.0, 34.0, 1.0, 1.0, 3.0, 1.0, 4.0, 47.0, 25.0, 12.0, 7.0, 15.0, 30.0, 34.0, 11.0, 25.0, 42.0, 1.0, 17.0, 13.0, 1.0, 23.0, 8.0, 20.0, 14.0, 7.0, 4.0, 3.0, 9.0, 1.0, 12.0, 9.0, 3.0, 18.0, 9.0, 17.0, 17.0, 6.0, 19.0, 41.0, 1.0, 8.0, 7.0, 18.0, 1.0, 1.0, 30.0, 1.0, 22.0, 33.0, 16.0, 8.0, 12.0, 27.0, 21.0, 1.0, 1.0, 35.0, 11.0, 12.0, 31.0, 1.0, 8.0, 7.0, 6.0, 23.0, 6.0, 1.0, 7.0, 21.0, 1.0, 7.0, 8.0, 9.0, 54.0, 70.0, 13.0, 28.0, 97.0, 11.0, 8.0, 6.0, 1.0, 1.0, 10.0, 9.0, 17.0, 10.0, 31.0, 16.0, 20.0, 2.0, 5.0, 6.0, 3.0, 9.0, 21.0, 19.0, 3.0, 8.0, 28.0, 1.0, 2.0, 15.0, 61.0, 5.0, 72.0, 11.0, 2.0, 2.0, 8.0, 21.0, 10.0, 7.0, 11.0, 35.0, 46.0, 57.0, 11.0, 23.0, 10.0, 10.0, 7.0, 8.0, 16.0, 19.0, 13.0, 9.0, 21.0, 71.0, 36.0, 35.0, 1.0, 1.0, 5.0, 51.0, 71.0, 4.0, 10.0, 4.0, 20.0, 33.0, 35.0, 8.0, 15.0, 9.0, 8.0, 2.0, 5.0, 21.0, 8.0, 8.0, 9.0, 8.0, 6.0, 33.0, 7.0, 2.0, 22.0, 3.0, 1.0, 3.0, 14.0, 17.0, 5.0, 17.0, 10.0, 48.0, 14.0, 12.0, 11.0, 7.0, 31.0, 5.0, 3.0, 2.0, 15.0, 22.0, 4.0, 25.0, 14.0, 32.0, 33.0, 1.0, 3.0, 39.0, 32.0, 2.0, 4.0, 10.0, 29.0, 20.0, 6.0, 28.0, 1.0, 10.0, 9.0, 14.0, 11.0, 1.0, 27.0, 7.0, 17.0, 2.0, 122.0, 7.0, 3.0, 6.0, 5.0, 55.0, 28.0, 16.0, 8.0, 13.0, 1.0, 24.0, 17.0, 1.0, 10.0, 17.0, 22.0, 12.0, 1.0, 1.0, 8.0, 4.0, 13.0, 1.0, 86.0, 9.0, 7.0, 27.0, 34.0, 21.0, 15.0, 20.0, 46.0, 17.0, 9.0, 4.0, 13.0, 35.0, 24.0, 17.0, 32.0, 6.0, 31.0, 1.0, 1.0, 3.0, 37.0, 1.0, 2.0, 6.0, 110.0, 1.0, 21.0, 23.0, 3.0, 12.0, 13.0, 10.0, 15.0, 9.0, 37.0, 4.0, 10.0, 20.0, 17.0, 3.0, 1.0, 7.0, 29.0, 1.0, 4.0, 45.0, 19.0, 9.0, 3.0, 24.0, 24.0, 1.0, 9.0, 2.0, 10.0, 43.0, 11.0, 3.0, 15.0, 2.0, 41.0, 9.0, 17.0, 20.0, 3.0, 18.0, 4.0, 16.0, 5.0, 24.0, 6.0, 12.0, 25.0, 1.0, 1.0, 1.0, 1.0, 30.0, 9.0, 12.0, 5.0, 33.0, 43.0, 23.0, 8.0, 11.0, 2.0, 6.0, 7.0, 1.0, 14.0, 28.0, 1.0, 1.0, 65.0, 4.0, 45.0, 39.0, 26.0, 6.0, 12.0, 7.0, 20.0, 1.0, 16.0, 7.0, 8.0, 2.0, 43.0, 10.0, 19.0, 3.0, 7.0, 16.0, 7.0, 1.0, 22.0, 27.0, 12.0, 19.0, 1.0, 17.0, 11.0, 13.0, 1.0, 8.0, 13.0, 11.0, 11.0, 13.0, 18.0, 33.0, 34.0, 47.0, 45.0, 15.0, 31.0, 1.0, 4.0, 12.0, 12.0, 7.0, 27.0, 20.0, 20.0, 32.0, 36.0, 5.0, 24.0, 12.0, 30.0, 4.0, 22.0, 7.0, 7.0, 10.0, 36.0, 6.0, 17.0, 13.0, 11.0, 40.0, 10.0, 10.0, 24.0, 13.0, 2.0, 6.0, 14.0, 58.0, 18.0, 16.0, 6.0, 42.0, 10.0, 6.0, 1.0, 7.0, 7.0, 34.0, 12.0, 1.0, 6.0, 1.0, 11.0, 1.0, 7.0, 17.0, 18.0, 1.0, 12.0, 23.0, 51.0, 8.0, 8.0, 8.0, 4.0, 16.0, 3.0, 87.0, 1.0, 26.0, 8.0, 11.0, 32.0, 16.0, 8.0, 6.0, 7.0, 8.0, 8.0, 1.0, 8.0, 2.0, 16.0, 19.0, 3.0, 16.0, 3.0, 40.0, 10.0, 8.0, 21.0, 8.0, 8.0, 9.0, 25.0, 1.0, 53.0, 36.0, 31.0, 45.0, 6.0, 2.0, 39.0, 6.0, 28.0, 19.0, 3.0, 7.0, 7.0, 9.0, 5.0, 10.0, 1.0, 32.0, 3.0, 30.0, 25.0, 1.0, 41.0, 12.0, 13.0, 6.0, 6.0, 8.0, 2.0, 27.0, 5.0, 2.0, 19.0, 5.0, 17.0, 22.0, 2.0, 39.0, 4.0, 140.0, 20.0, 54.0, 9.0, 9.0, 8.0, 11.0, 6.0, 10.0, 9.0, 8.0, 13.0, 13.0, 18.0, 20.0, 7.0, 5.0, 3.0, 31.0, 9.0, 1.0, 38.0, 1.0, 11.0, 21.0, 8.0, 19.0, 7.0, 30.0, 37.0, 5.0, 55.0, 60.0, 2.0, 16.0, 1.0, 1.0, 16.0, 4.0, 13.0, 29.0, 7.0, 4.0, 7.0, 14.0, 11.0, 7.0, 3.0, 47.0, 1.0, 10.0, 7.0, 5.0, 11.0, 34.0, 20.0, 15.0, 19.0, 5.0, 20.0, 38.0, 13.0, 7.0, 57.0, 9.0, 71.0, 15.0, 25.0, 16.0, 3.0, 4.0, 11.0, 13.0, 8.0, 6.0, 17.0, 7.0, 8.0, 32.0, 34.0, 3.0, 5.0, 3.0, 47.0, 24.0, 23.0, 12.0, 1.0, 7.0, 21.0, 7.0, 41.0, 10.0, 20.0, 2.0, 7.0, 1.0, 19.0, 6.0, 22.0, 1.0, 23.0, 21.0, 40.0, 13.0, 1.0, 85.0, 14.0, 10.0, 9.0, 3.0, 10.0, 40.0, 1.0, 8.0, 6.0, 1.0, 29.0, 16.0, 8.0, 14.0, 1.0, 23.0, 20.0, 19.0, 26.0, 4.0, 6.0, 11.0, 19.0, 7.0, 8.0, 8.0, 27.0, 22.0, 17.0, 19.0, 28.0, 82.0, 9.0, 6.0, 6.0, 16.0, 40.0, 7.0, 1.0, 21.0, 1.0, 27.0, 3.0, 23.0, 3.0, 10.0, 28.0, 4.0, 31.0, 1.0, 7.0, 8.0, 3.0, 30.0, 10.0, 3.0, 12.0, 43.0, 3.0, 13.0, 121.0, 29.0, 5.0, 9.0, 23.0, 1.0, 17.0, 22.0, 1.0, 1.0, 2.0, 12.0, 10.0, 42.0, 1.0, 2.0, 13.0, 17.0, 25.0, 9.0, 14.0, 9.0, 5.0, 9.0, 1.0, 9.0, 9.0, 1.0, 35.0, 16.0, 3.0, 4.0, 35.0, 21.0, 1.0, 180.0, 1.0, 1.0, 9.0, 35.0, 8.0, 9.0, 8.0, 5.0, 5.0, 1.0, 3.0, 4.0, 2.0, 7.0, 24.0, 12.0, 1.0, 1.0, 10.0, 18.0, 10.0, 3.0, 9.0, 17.0, 19.0, 25.0, 16.0, 21.0, 20.0, 9.0, 2.0, 1.0, 7.0, 54.0, 32.0, 23.0, 9.0, 9.0, 16.0, 11.0, 1.0, 26.0, 7.0, 1.0, 1.0, 9.0, 4.0, 21.0, 16.0, 2.0, 28.0, 13.0, 25.0, 16.0, 9.0, 12.0, 24.0, 8.0, 8.0, 23.0, 2.0, 11.0, 10.0, 42.0, 55.0, 1.0, 2.0, 10.0, 20.0, 28.0, 4.0, 14.0, 21.0, 1.0, 16.0, 14.0, 11.0, 4.0, 9.0, 23.0, 45.0, 18.0, 20.0, 15.0, 3.0, 7.0, 29.0, 5.0, 3.0, 10.0, 12.0, 34.0, 11.0, 1.0, 11.0, 2.0, 8.0, 34.0, 1.0, 9.0, 58.0, 1.0, 18.0, 59.0, 36.0, 1.0, 16.0, 2.0, 1.0, 4.0, 43.0, 8.0, 13.0, 12.0, 17.0, 12.0, 28.0, 33.0, 8.0, 17.0, 17.0, 1.0, 17.0, 15.0, 11.0, 134.0, 1.0, 35.0, 8.0, 8.0, 48.0, 8.0, 1.0, 46.0, 5.0, 3.0, 2.0, 26.0, 10.0, 24.0, 25.0, 10.0, 13.0, 11.0, 5.0, 58.0, 19.0, 1.0, 7.0, 8.0, 15.0, 1.0, 31.0, 19.0, 27.0, 11.0, 18.0, 13.0, 41.0, 22.0, 33.0, 36.0, 7.0, 9.0, 24.0, 11.0, 1.0, 14.0, 25.0, 25.0, 2.0, 3.0, 10.0, 1.0, 43.0, 7.0, 4.0, 23.0, 47.0, 57.0, 8.0, 11.0, 14.0, 37.0, 9.0, 9.0, 23.0, 28.0, 15.0, 20.0, 1.0, 20.0, 20.0, 31.0, 38.0, 18.0, 46.0, 20.0, 21.0, 22.0, 17.0, 10.0, 6.0, 22.0, 24.0, 1.0, 9.0, 1.0, 105.0, 1.0, 3.0, 13.0, 19.0, 47.0, 3.0, 12.0, 1.0, 9.0, 2.0, 11.0, 12.0, 11.0, 98.0, 8.0, 1.0, 16.0, 1.0, 7.0, 8.0, 11.0, 7.0, 5.0, 6.0, 11.0, 1.0, 26.0, 3.0, 9.0, 26.0, 4.0, 52.0, 20.0, 10.0, 17.0, 10.0, 20.0, 1.0, 10.0, 12.0, 5.0, 16.0, 26.0, 1.0, 29.0, 37.0, 23.0, 6.0, 3.0, 11.0, 12.0, 30.0, 4.0, 32.0, 5.0, 28.0, 4.0, 7.0, 5.0, 1.0, 5.0, 24.0, 20.0, 11.0, 8.0, 45.0, 4.0, 33.0, 50.0, 16.0, 40.0, 16.0, 10.0, 22.0, 1.0, 11.0, 39.0, 17.0, 7.0, 4.0, 26.0, 8.0, 10.0, 14.0, 5.0, 13.0, 28.0, 37.0, 4.0, 7.0, 19.0, 19.0, 29.0, 9.0, 7.0, 18.0, 16.0, 12.0, 44.0, 7.0, 4.0, 28.0, 7.0, 6.0, 21.0, 3.0, 7.0, 15.0, 1.0, 87.0, 1.0, 9.0, 10.0, 11.0, 16.0, 19.0, 21.0, 2.0, 14.0, 11.0, 9.0, 12.0, 4.0, 41.0, 9.0, 15.0, 1.0, 9.0, 3.0, 9.0, 11.0, 6.0, 9.0, 11.0, 15.0, 18.0, 11.0, 11.0, 1.0, 1.0, 5.0, 22.0, 8.0, 1.0, 43.0, 18.0, 12.0, 30.0, 22.0, 49.0, 9.0, 36.0, 10.0, 10.0, 30.0, 4.0, 3.0, 8.0, 6.0, 1.0, 72.0, 30.0, 20.0, 2.0, 13.0, 9.0, 19.0, 1.0, 1.0, 3.0, 29.0, 48.0, 35.0, 10.0, 8.0, 4.0, 5.0, 19.0, 31.0, 7.0, 10.0, 28.0, 15.0, 15.0, 6.0, 76.0, 5.0, 1.0, 7.0, 6.0, 11.0, 7.0, 10.0, 1.0, 25.0, 4.0, 3.0, 29.0, 38.0, 1.0, 10.0, 13.0, 6.0, 22.0, 11.0, 5.0, 2.0, 2.0, 1.0, 7.0, 1.0, 55.0, 3.0, 24.0, 16.0, 10.0, 8.0, 15.0, 2.0, 3.0, 20.0, 2.0, 27.0, 14.0, 8.0, 5.0, 8.0, 28.0, 20.0, 13.0, 20.0, 27.0, 1.0, 29.0, 2.0, 11.0, 1.0, 9.0, 6.0, 17.0, 1.0, 25.0, 1.0, 1.0, 25.0, 4.0, 4.0, 12.0, 4.0, 8.0, 8.0, 21.0, 13.0, 19.0, 7.0, 21.0, 28.0, 13.0, 8.0, 3.0, 4.0, 21.0, 7.0, 15.0, 34.0, 15.0, 5.0, 19.0, 7.0, 10.0, 10.0, 7.0, 55.0, 37.0, 2.0, 41.0, 9.0, 2.0, 17.0, 1.0, 21.0, 11.0, 10.0, 14.0, 39.0, 36.0, 3.0, 33.0, 71.0, 4.0, 85.0, 3.0, 40.0, 15.0, 1.0, 20.0, 19.0, 29.0, 9.0, 50.0, 8.0, 86.0, 28.0, 12.0, 21.0, 13.0, 10.0, 19.0, 10.0, 10.0, 10.0, 17.0, 7.0, 48.0, 10.0, 11.0, 6.0, 16.0, 92.0, 23.0, 7.0, 38.0, 20.0, 1.0, 12.0, 9.0, 14.0, 7.0, 9.0, 7.0, 11.0, 3.0, 1.0, 3.0, 22.0, 33.0, 4.0, 11.0, 15.0, 14.0, 36.0, 14.0, 8.0, 21.0, 18.0, 10.0, 4.0, 22.0, 1.0, 21.0, 1.0, 3.0, 29.0, 12.0, 7.0, 7.0, 10.0, 15.0, 9.0, 23.0, 11.0, 21.0, 33.0, 10.0, 3.0, 1.0, 1.0, 16.0, 13.0, 72.0, 10.0, 42.0, 6.0, 4.0, 16.0, 24.0, 19.0, 21.0, 43.0, 1.0, 16.0, 15.0, 1.0, 22.0, 10.0, 46.0, 12.0, 1.0, 15.0, 18.0, 26.0, 22.0, 29.0, 10.0, 1.0, 1.0, 30.0, 11.0, 14.0, 64.0, 25.0, 1.0, 85.0, 17.0, 9.0, 1.0, 23.0, 11.0, 18.0, 41.0, 6.0, 1.0, 7.0, 8.0, 5.0, 9.0, 52.0, 47.0, 7.0, 7.0, 52.0, 7.0, 8.0, 21.0, 24.0, 43.0, 29.0, 8.0, 8.0, 8.0, 46.0, 13.0, 8.0, 14.0, 5.0, 18.0, 9.0, 17.0, 10.0, 7.0, 14.0, 26.0, 3.0, 27.0, 13.0, 17.0, 19.0, 27.0, 12.0, 9.0, 6.0, 3.0, 9.0, 11.0, 42.0, 16.0, 20.0, 66.0, 8.0, 27.0, 5.0, 23.0, 9.0, 6.0, 14.0, 9.0, 53.0, 5.0, 7.0, 37.0, 8.0, 25.0, 22.0, 77.0, 2.0, 3.0, 4.0, 31.0, 37.0, 8.0, 7.0, 11.0, 8.0, 87.0, 2.0, 10.0, 12.0, 44.0, 2.0, 35.0] 

MGT times
 [11.0, 1.0, 2.0, 21.0, 5.0, 3.0, 17.0, 8.0, 15.0, 7.0, 39.0, 3.0, 25.0, 10.0, 4.0, 13.0, 7.0, 7.0, 5.0, 3.0, 11.0, 10.0, 22.0, 9.0, 15.0, 6.0, 13.0, 38.0, 30.0, 135.0, 41.0, 53.0, 55.0, 69.0, 2.0, 24.0, 52.0, 19.0, 1.0, 1.0, 7.0, 42.0, 21.0, 15.0, 11.0, 27.0, 26.0, 14.0, 1.0, 17.0, 25.0, 4.0, 5.0, 22.0, 7.0, 11.0, 6.0, 14.0, 14.0, 49.0, 10.0, 3.0, 49.0, 15.0, 11.0, 29.0, 1.0, 1.0, 10.0, 17.0, 30.0, 8.0, 7.0, 14.0, 3.0, 9.0, 20.0, 1.0, 10.0, 7.0, 13.0, 28.0, 11.0, 6.0, 3.0, 1.0, 14.0, 9.0, 3.0, 52.0, 41.0, 4.0, 9.0, 16.0, 5.0, 33.0, 1.0, 23.0, 2.0, 25.0, 5.0, 3.0, 19.0, 7.0, 14.0, 17.0, 15.0, 8.0, 47.0, 6.0, 19.0, 7.0, 1.0, 19.0, 1.0, 3.0, 50.0, 12.0, 1.0, 23.0, 6.0, 15.0, 15.0, 6.0, 16.0, 1.0, 35.0, 5.0, 21.0, 1.0, 10.0, 44.0, 13.0, 5.0, 5.0, 11.0, 1.0, 19.0, 7.0, 6.0, 17.0, 32.0, 6.0, 11.0, 19.0, 2.0, 9.0, 8.0, 12.0, 9.0, 18.0, 2.0, 10.0, 4.0, 6.0, 6.0, 9.0, 29.0, 14.0, 11.0, 29.0, 12.0, 6.0, 8.0, 17.0, 3.0, 65.0, 25.0, 3.0, 105.0, 98.0, 14.0, 9.0, 7.0, 1.0, 10.0, 9.0, 5.0, 27.0, 7.0, 1.0, 24.0, 3.0, 1.0, 28.0, 3.0, 30.0, 13.0, 25.0, 7.0, 11.0, 10.0, 3.0, 7.0, 1.0, 19.0, 2.0, 14.0, 23.0, 1.0, 6.0, 34.0, 15.0, 13.0, 9.0, 28.0, 22.0, 15.0, 4.0, 1.0, 9.0, 32.0, 66.0, 6.0, 13.0, 46.0, 12.0, 35.0, 2.0, 9.0, 27.0, 17.0, 43.0, 42.0, 21.0, 66.0, 29.0, 1.0, 5.0, 23.0, 6.0, 10.0, 41.0, 5.0, 8.0, 18.0, 17.0, 7.0, 7.0, 57.0, 1.0, 43.0, 1.0, 1.0, 4.0, 8.0, 11.0, 12.0, 27.0, 14.0, 14.0, 4.0, 7.0, 7.0, 16.0, 9.0, 7.0, 60.0, 9.0, 11.0, 2.0, 6.0, 11.0, 28.0, 1.0, 1.0, 2.0, 2.0, 9.0, 1.0, 29.0, 19.0, 10.0, 23.0, 11.0, 5.0, 1.0, 5.0, 20.0, 2.0, 11.0, 4.0, 13.0, 12.0, 37.0, 7.0, 7.0, 5.0, 49.0, 3.0, 8.0, 30.0, 1.0, 15.0, 14.0, 28.0, 23.0, 17.0, 75.0, 23.0, 23.0, 41.0, 36.0, 10.0, 3.0, 7.0, 18.0, 24.0, 10.0, 9.0, 14.0, 9.0, 31.0, 15.0, 8.0, 35.0, 15.0, 10.0, 6.0, 6.0, 10.0, 8.0, 15.0, 24.0, 7.0, 12.0, 39.0, 6.0, 20.0, 17.0, 12.0, 12.0, 9.0, 8.0, 48.0, 1.0, 35.0, 29.0, 8.0, 22.0, 12.0, 6.0, 13.0, 27.0, 14.0, 33.0, 20.0, 7.0, 81.0, 7.0, 18.0, 10.0, 44.0, 16.0, 16.0, 36.0, 16.0, 29.0, 6.0, 10.0, 13.0, 16.0, 26.0, 1.0, 1.0, 27.0, 1.0, 11.0, 18.0, 17.0, 15.0, 33.0, 8.0, 9.0, 7.0, 12.0, 10.0, 1.0, 6.0, 14.0, 37.0, 2.0, 4.0, 10.0, 2.0, 1.0, 9.0, 8.0, 14.0, 22.0, 17.0, 2.0, 10.0, 22.0, 21.0, 16.0, 1.0, 11.0, 10.0, 39.0, 16.0, 11.0, 17.0, 1.0, 34.0, 9.0, 23.0, 8.0, 5.0, 1.0, 5.0, 61.0, 11.0, 18.0, 2.0, 3.0, 11.0, 7.0, 89.0, 8.0, 7.0, 7.0, 34.0, 12.0, 9.0, 1.0, 22.0, 16.0, 23.0, 7.0, 9.0, 4.0, 122.0, 20.0, 21.0, 9.0, 35.0, 6.0, 1.0, 16.0, 17.0, 14.0, 5.0, 28.0, 5.0, 4.0, 35.0, 38.0, 3.0, 66.0, 4.0, 11.0, 8.0, 3.0, 21.0, 1.0, 10.0, 1.0, 4.0, 30.0, 9.0, 5.0, 6.0, 15.0, 28.0, 6.0, 8.0, 3.0, 13.0, 10.0, 8.0, 16.0, 10.0, 6.0, 2.0, 16.0, 9.0, 26.0, 12.0, 11.0, 35.0, 2.0, 9.0, 27.0, 10.0, 27.0, 1.0, 1.0, 39.0, 7.0, 10.0, 3.0, 45.0, 11.0, 19.0, 15.0, 20.0, 1.0, 49.0, 9.0, 12.0, 4.0, 1.0, 21.0, 57.0, 44.0, 1.0, 12.0, 3.0, 19.0, 9.0, 87.0, 3.0, 35.0, 13.0, 2.0, 30.0, 2.0, 15.0, 7.0, 2.0, 24.0, 8.0, 9.0, 1.0, 8.0, 6.0, 1.0, 12.0, 12.0, 6.0, 8.0, 3.0, 13.0, 38.0, 1.0, 48.0, 1.0, 95.0, 11.0, 7.0, 3.0, 59.0, 8.0, 10.0, 17.0, 28.0, 19.0, 12.0, 23.0, 2.0, 10.0, 2.0, 10.0, 10.0, 16.0, 8.0, 13.0, 3.0, 23.0, 11.0, 12.0, 36.0, 21.0, 20.0, 35.0, 24.0, 22.0, 63.0, 111.0, 12.0, 6.0, 10.0, 9.0, 29.0, 35.0, 1.0, 34.0, 18.0, 6.0, 2.0, 37.0, 3.0, 3.0, 18.0, 44.0, 2.0, 4.0, 16.0, 16.0, 7.0, 45.0, 7.0, 3.0, 11.0, 2.0, 45.0, 28.0, 10.0, 31.0, 3.0, 3.0, 6.0, 8.0, 21.0, 31.0, 7.0, 8.0, 1.0, 25.0, 20.0, 3.0, 8.0, 6.0, 7.0, 7.0, 1.0, 36.0, 9.0, 25.0, 5.0, 1.0, 21.0, 3.0, 3.0, 2.0, 47.0, 29.0, 1.0, 1.0, 5.0, 4.0, 13.0, 19.0, 6.0, 16.0, 139.0, 12.0, 18.0, 12.0, 6.0, 5.0, 11.0, 11.0, 2.0, 3.0, 2.0, 23.0, 1.0, 8.0, 11.0, 42.0, 49.0, 5.0, 20.0, 9.0, 7.0, 1.0, 18.0, 1.0, 11.0, 15.0, 10.0, 74.0, 21.0, 4.0, 38.0, 1.0, 7.0, 2.0, 16.0, 18.0, 11.0, 1.0, 25.0, 36.0, 51.0, 24.0, 20.0, 22.0, 16.0, 4.0, 27.0, 14.0, 12.0, 16.0, 9.0, 7.0, 5.0, 4.0, 1.0, 5.0, 3.0, 2.0, 5.0, 17.0, 10.0, 11.0, 1.0, 4.0, 5.0, 1.0, 43.0, 18.0, 10.0, 7.0, 17.0, 10.0, 19.0, 7.0, 9.0, 15.0, 1.0, 15.0, 12.0, 19.0, 2.0, 7.0, 11.0, 2.0, 1.0, 1.0, 5.0, 1.0, 7.0, 2.0, 21.0, 14.0, 1.0, 2.0, 8.0, 1.0, 7.0, 8.0, 36.0, 21.0, 96.0, 30.0, 1.0, 34.0, 20.0, 26.0, 13.0, 6.0, 28.0, 58.0, 52.0, 3.0, 51.0, 34.0, 8.0, 54.0, 3.0, 11.0, 4.0, 9.0, 6.0, 14.0, 4.0, 31.0, 20.0, 18.0, 30.0, 6.0, 29.0, 3.0, 18.0, 1.0, 3.0, 9.0, 19.0, 35.0, 24.0, 37.0, 3.0, 12.0, 10.0, 20.0, 5.0, 29.0, 1.0, 41.0, 7.0, 7.0, 17.0, 15.0, 6.0, 15.0, 11.0, 19.0, 28.0, 21.0, 4.0, 12.0, 10.0, 24.0, 17.0, 11.0, 29.0, 4.0, 20.0, 28.0, 7.0, 21.0, 7.0, 8.0, 52.0, 15.0, 22.0, 1.0, 1.0, 1.0, 2.0, 3.0, 9.0, 20.0, 7.0, 30.0, 5.0, 69.0, 22.0, 7.0, 49.0, 9.0, 46.0, 3.0, 3.0, 10.0, 7.0, 11.0, 11.0, 6.0, 28.0, 54.0, 4.0, 5.0, 26.0, 23.0, 18.0, 48.0, 21.0, 27.0, 14.0, 7.0, 25.0, 20.0, 12.0, 10.0, 18.0, 2.0, 37.0, 27.0, 9.0, 19.0, 26.0, 8.0, 7.0, 11.0, 4.0, 10.0, 74.0, 53.0, 6.0, 21.0, 14.0, 10.0, 10.0, 8.0, 11.0, 7.0, 1.0, 37.0, 9.0, 2.0, 9.0, 53.0, 24.0, 9.0, 4.0, 37.0, 7.0, 13.0, 18.0, 3.0, 35.0, 2.0, 23.0, 22.0, 3.0, 2.0, 1.0, 30.0, 51.0, 2.0, 8.0, 11.0, 1.0, 3.0, 3.0, 42.0, 10.0, 4.0, 9.0, 13.0, 10.0, 54.0, 28.0, 3.0, 6.0, 15.0, 7.0, 5.0, 7.0, 25.0, 14.0, 1.0, 17.0, 9.0, 15.0, 53.0, 38.0, 9.0, 8.0, 12.0, 15.0, 17.0, 32.0, 58.0, 37.0, 39.0, 4.0, 14.0, 10.0, 60.0, 33.0, 59.0, 18.0, 7.0, 12.0, 7.0, 75.0, 36.0, 18.0, 23.0, 8.0, 11.0, 1.0, 35.0, 14.0, 39.0, 10.0, 12.0, 4.0, 12.0, 75.0, 4.0, 9.0, 7.0, 9.0, 4.0, 47.0, 18.0, 3.0, 11.0, 2.0, 6.0, 8.0, 18.0, 5.0, 9.0, 10.0, 15.0, 59.0, 8.0, 19.0, 11.0, 5.0, 14.0, 25.0, 3.0, 50.0, 6.0, 25.0, 3.0, 9.0, 1.0, 1.0, 6.0, 1.0, 10.0, 24.0, 9.0, 3.0, 3.0, 11.0, 16.0, 4.0, 30.0, 16.0, 7.0, 40.0, 14.0, 50.0, 8.0, 17.0, 1.0, 8.0, 8.0, 40.0, 10.0, 37.0, 12.0, 4.0, 11.0, 8.0, 12.0, 23.0, 10.0, 27.0, 19.0, 21.0, 92.0, 17.0, 12.0, 21.0, 1.0, 13.0, 18.0, 12.0, 28.0, 104.0, 18.0, 103.0, 11.0, 7.0, 23.0, 11.0, 4.0, 51.0, 26.0, 7.0, 25.0, 34.0, 1.0, 1.0, 3.0, 1.0, 4.0, 47.0, 25.0, 12.0, 7.0, 15.0, 30.0, 34.0, 11.0, 25.0, 42.0, 1.0, 17.0, 13.0, 1.0, 22.0, 8.0, 20.0, 14.0, 7.0, 4.0, 3.0, 9.0, 1.0, 12.0, 9.0, 3.0, 18.0, 9.0, 17.0, 17.0, 6.0, 19.0, 41.0, 1.0, 8.0, 7.0, 18.0, 1.0, 1.0, 30.0, 1.0, 22.0, 33.0, 16.0, 8.0, 12.0, 27.0, 21.0, 1.0, 1.0, 35.0, 11.0, 12.0, 31.0, 1.0, 8.0, 7.0, 6.0, 23.0, 6.0, 1.0, 7.0, 21.0, 1.0, 7.0, 8.0, 9.0, 54.0, 70.0, 13.0, 28.0, 97.0, 11.0, 8.0, 6.0, 1.0, 1.0, 10.0, 9.0, 17.0, 10.0, 31.0, 16.0, 20.0, 2.0, 5.0, 6.0, 3.0, 9.0, 21.0, 19.0, 3.0, 8.0, 28.0, 1.0, 2.0, 15.0, 61.0, 5.0, 72.0, 11.0, 2.0, 2.0, 8.0, 21.0, 10.0, 7.0, 11.0, 35.0, 46.0, 57.0, 11.0, 23.0, 10.0, 10.0, 7.0, 8.0, 16.0, 19.0, 13.0, 9.0, 21.0, 43.0, 36.0, 35.0, 1.0, 1.0, 5.0, 51.0, 47.0, 4.0, 10.0, 4.0, 20.0, 33.0, 35.0, 8.0, 15.0, 9.0, 8.0, 2.0, 5.0, 21.0, 8.0, 8.0, 9.0, 8.0, 6.0, 33.0, 7.0, 2.0, 22.0, 3.0, 1.0, 3.0, 14.0, 17.0, 5.0, 17.0, 10.0, 48.0, 14.0, 12.0, 11.0, 7.0, 31.0, 5.0, 3.0, 2.0, 15.0, 22.0, 4.0, 25.0, 14.0, 32.0, 33.0, 1.0, 3.0, 39.0, 32.0, 2.0, 4.0, 10.0, 29.0, 20.0, 6.0, 28.0, 1.0, 10.0, 9.0, 14.0, 11.0, 1.0, 27.0, 7.0, 17.0, 2.0, 95.0, 7.0, 3.0, 6.0, 5.0, 55.0, 28.0, 16.0, 8.0, 13.0, 1.0, 24.0, 17.0, 1.0, 10.0, 17.0, 22.0, 12.0, 1.0, 1.0, 8.0, 4.0, 13.0, 1.0, 86.0, 9.0, 7.0, 27.0, 34.0, 21.0, 15.0, 20.0, 46.0, 17.0, 9.0, 4.0, 13.0, 35.0, 24.0, 17.0, 32.0, 6.0, 31.0, 1.0, 1.0, 3.0, 37.0, 1.0, 2.0, 6.0, 110.0, 1.0, 21.0, 23.0, 3.0, 12.0, 13.0, 10.0, 15.0, 9.0, 37.0, 4.0, 10.0, 20.0, 17.0, 3.0, 1.0, 7.0, 29.0, 1.0, 4.0, 45.0, 19.0, 9.0, 3.0, 24.0, 24.0, 1.0, 9.0, 2.0, 10.0, 43.0, 11.0, 3.0, 15.0, 2.0, 41.0, 9.0, 17.0, 20.0, 3.0, 18.0, 4.0, 16.0, 5.0, 24.0, 6.0, 12.0, 25.0, 1.0, 1.0, 1.0, 1.0, 30.0, 9.0, 12.0, 5.0, 33.0, 43.0, 23.0, 8.0, 11.0, 2.0, 6.0, 7.0, 1.0, 14.0, 28.0, 1.0, 1.0, 65.0, 4.0, 45.0, 39.0, 26.0, 6.0, 12.0, 7.0, 20.0, 1.0, 16.0, 7.0, 8.0, 2.0, 43.0, 10.0, 19.0, 3.0, 7.0, 16.0, 7.0, 1.0, 22.0, 27.0, 12.0, 19.0, 1.0, 17.0, 11.0, 13.0, 1.0, 8.0, 13.0, 11.0, 11.0, 13.0, 18.0, 33.0, 34.0, 47.0, 45.0, 15.0, 31.0, 1.0, 4.0, 12.0, 12.0, 7.0, 27.0, 20.0, 20.0, 32.0, 36.0, 5.0, 24.0, 12.0, 30.0, 4.0, 22.0, 7.0, 7.0, 10.0, 36.0, 6.0, 17.0, 13.0, 11.0, 40.0, 10.0, 10.0, 24.0, 13.0, 2.0, 6.0, 14.0, 58.0, 18.0, 16.0, 6.0, 40.0, 10.0, 6.0, 1.0, 7.0, 7.0, 34.0, 12.0, 1.0, 6.0, 1.0, 11.0, 1.0, 7.0, 17.0, 18.0, 1.0, 12.0, 23.0, 51.0, 8.0, 8.0, 8.0, 4.0, 16.0, 3.0, 87.0, 1.0, 26.0, 8.0, 11.0, 32.0, 16.0, 8.0, 6.0, 7.0, 8.0, 8.0, 1.0, 8.0, 2.0, 16.0, 19.0, 3.0, 16.0, 3.0, 40.0, 10.0, 8.0, 21.0, 8.0, 8.0, 9.0, 25.0, 1.0, 53.0, 36.0, 31.0, 45.0, 6.0, 2.0, 39.0, 6.0, 28.0, 19.0, 3.0, 7.0, 7.0, 9.0, 5.0, 10.0, 1.0, 32.0, 3.0, 30.0, 25.0, 1.0, 41.0, 12.0, 13.0, 6.0, 6.0, 8.0, 2.0, 27.0, 5.0, 2.0, 19.0, 5.0, 17.0, 22.0, 2.0, 39.0, 4.0, 139.0, 20.0, 54.0, 9.0, 9.0, 8.0, 11.0, 6.0, 10.0, 9.0, 8.0, 13.0, 13.0, 18.0, 20.0, 7.0, 5.0, 3.0, 31.0, 9.0, 1.0, 38.0, 1.0, 11.0, 21.0, 8.0, 19.0, 7.0, 30.0, 37.0, 5.0, 55.0, 60.0, 2.0, 16.0, 1.0, 1.0, 16.0, 4.0, 13.0, 29.0, 7.0, 4.0, 7.0, 14.0, 11.0, 7.0, 3.0, 47.0, 1.0, 10.0, 7.0, 5.0, 11.0, 34.0, 20.0, 15.0, 19.0, 5.0, 20.0, 38.0, 13.0, 7.0, 57.0, 9.0, 71.0, 15.0, 25.0, 16.0, 3.0, 4.0, 11.0, 13.0, 8.0, 6.0, 17.0, 7.0, 8.0, 32.0, 34.0, 3.0, 5.0, 3.0, 47.0, 24.0, 23.0, 12.0, 1.0, 7.0, 21.0, 7.0, 41.0, 10.0, 20.0, 2.0, 7.0, 1.0, 19.0, 6.0, 22.0, 1.0, 23.0, 21.0, 40.0, 13.0, 1.0, 85.0, 14.0, 10.0, 9.0, 3.0, 10.0, 40.0, 1.0, 8.0, 6.0, 1.0, 29.0, 16.0, 8.0, 14.0, 1.0, 23.0, 20.0, 19.0, 26.0, 4.0, 6.0, 11.0, 19.0, 7.0, 8.0, 8.0, 27.0, 22.0, 17.0, 19.0, 28.0, 82.0, 9.0, 6.0, 6.0, 16.0, 17.0, 7.0, 1.0, 21.0, 1.0, 27.0, 3.0, 23.0, 3.0, 10.0, 28.0, 4.0, 31.0, 1.0, 7.0, 8.0, 3.0, 30.0, 10.0, 3.0, 12.0, 43.0, 3.0, 13.0, 89.0, 29.0, 5.0, 9.0, 23.0, 1.0, 17.0, 22.0, 1.0, 1.0, 2.0, 12.0, 10.0, 42.0, 1.0, 2.0, 13.0, 17.0, 25.0, 9.0, 14.0, 9.0, 5.0, 9.0, 1.0, 9.0, 9.0, 1.0, 35.0, 16.0, 3.0, 4.0, 35.0, 21.0, 1.0, 180.0, 1.0, 1.0, 9.0, 35.0, 8.0, 9.0, 8.0, 5.0, 5.0, 1.0, 3.0, 4.0, 2.0, 7.0, 24.0, 12.0, 1.0, 1.0, 10.0, 18.0, 10.0, 3.0, 9.0, 17.0, 19.0, 25.0, 16.0, 21.0, 20.0, 9.0, 2.0, 1.0, 7.0, 54.0, 32.0, 23.0, 9.0, 9.0, 16.0, 11.0, 1.0, 26.0, 7.0, 1.0, 1.0, 9.0, 4.0, 21.0, 16.0, 2.0, 28.0, 13.0, 25.0, 16.0, 9.0, 12.0, 24.0, 8.0, 8.0, 23.0, 2.0, 11.0, 10.0, 42.0, 55.0, 1.0, 2.0, 10.0, 20.0, 28.0, 4.0, 14.0, 21.0, 1.0, 16.0, 14.0, 11.0, 4.0, 9.0, 23.0, 45.0, 18.0, 20.0, 15.0, 3.0, 7.0, 29.0, 5.0, 3.0, 10.0, 12.0, 34.0, 11.0, 1.0, 11.0, 2.0, 8.0, 34.0, 1.0, 9.0, 58.0, 1.0, 18.0, 59.0, 36.0, 1.0, 16.0, 2.0, 1.0, 4.0, 43.0, 8.0, 13.0, 12.0, 17.0, 12.0, 28.0, 33.0, 8.0, 17.0, 17.0, 1.0, 17.0, 15.0, 11.0, 101.0, 1.0, 35.0, 8.0, 8.0, 48.0, 8.0, 1.0, 46.0, 5.0, 3.0, 2.0, 26.0, 10.0, 24.0, 25.0, 10.0, 13.0, 11.0, 5.0, 58.0, 19.0, 1.0, 7.0, 8.0, 15.0, 1.0, 31.0, 19.0, 27.0, 11.0, 18.0, 13.0, 41.0, 22.0, 33.0, 36.0, 7.0, 9.0, 24.0, 11.0, 1.0, 14.0, 25.0, 25.0, 2.0, 3.0, 10.0, 1.0, 43.0, 7.0, 4.0, 23.0, 47.0, 57.0, 8.0, 11.0, 14.0, 37.0, 9.0, 9.0, 23.0, 28.0, 15.0, 20.0, 1.0, 20.0, 20.0, 31.0, 38.0, 18.0, 46.0, 20.0, 21.0, 22.0, 17.0, 10.0, 6.0, 22.0, 24.0, 1.0, 9.0, 1.0, 105.0, 1.0, 3.0, 13.0, 19.0, 47.0, 3.0, 12.0, 1.0, 9.0, 2.0, 11.0, 12.0, 11.0, 98.0, 8.0, 1.0, 16.0, 1.0, 7.0, 8.0, 11.0, 7.0, 5.0, 6.0, 11.0, 1.0, 26.0, 3.0, 9.0, 26.0, 4.0, 52.0, 20.0, 10.0, 17.0, 10.0, 20.0, 1.0, 10.0, 12.0, 5.0, 16.0, 26.0, 1.0, 29.0, 37.0, 23.0, 6.0, 3.0, 11.0, 12.0, 30.0, 4.0, 32.0, 5.0, 28.0, 4.0, 7.0, 5.0, 1.0, 5.0, 24.0, 20.0, 11.0, 8.0, 45.0, 4.0, 33.0, 50.0, 16.0, 40.0, 16.0, 10.0, 22.0, 1.0, 11.0, 39.0, 17.0, 7.0, 4.0, 26.0, 8.0, 10.0, 14.0, 5.0, 13.0, 28.0, 37.0, 4.0, 7.0, 19.0, 19.0, 29.0, 9.0, 7.0, 18.0, 16.0, 12.0, 44.0, 7.0, 4.0, 28.0, 7.0, 6.0, 21.0, 3.0, 7.0, 15.0, 1.0, 87.0, 1.0, 9.0, 10.0, 11.0, 16.0, 19.0, 21.0, 2.0, 14.0, 11.0, 9.0, 12.0, 4.0, 41.0, 9.0, 15.0, 1.0, 9.0, 3.0, 9.0, 11.0, 6.0, 9.0, 11.0, 15.0, 18.0, 11.0, 11.0, 1.0, 1.0, 5.0, 22.0, 8.0, 1.0, 43.0, 18.0, 12.0, 30.0, 22.0, 49.0, 9.0, 36.0, 10.0, 10.0, 30.0, 4.0, 3.0, 8.0, 6.0, 1.0, 72.0, 30.0, 20.0, 2.0, 13.0, 9.0, 19.0, 1.0, 1.0, 3.0, 29.0, 48.0, 35.0, 10.0, 8.0, 4.0, 5.0, 19.0, 31.0, 7.0, 10.0, 28.0, 15.0, 15.0, 6.0, 76.0, 5.0, 1.0, 7.0, 6.0, 11.0, 7.0, 10.0, 1.0, 25.0, 4.0, 3.0, 29.0, 38.0, 1.0, 10.0, 13.0, 6.0, 22.0, 11.0, 5.0, 2.0, 2.0, 1.0, 7.0, 1.0, 55.0, 3.0, 24.0, 16.0, 10.0, 8.0, 15.0, 2.0, 3.0, 20.0, 2.0, 27.0, 14.0, 8.0, 5.0, 8.0, 28.0, 20.0, 13.0, 20.0, 27.0, 1.0, 29.0, 2.0, 11.0, 1.0, 9.0, 6.0, 17.0, 1.0, 25.0, 1.0, 1.0, 25.0, 4.0, 4.0, 12.0, 4.0, 8.0, 8.0, 21.0, 13.0, 19.0, 7.0, 21.0, 28.0, 13.0, 8.0, 3.0, 4.0, 21.0, 7.0, 15.0, 34.0, 15.0, 5.0, 19.0, 7.0, 10.0, 10.0, 7.0, 55.0, 37.0, 2.0, 41.0, 9.0, 2.0, 17.0, 1.0, 21.0, 11.0, 10.0, 14.0, 39.0, 36.0, 3.0, 33.0, 71.0, 4.0, 85.0, 3.0, 40.0, 15.0, 1.0, 20.0, 19.0, 29.0, 9.0, 50.0, 8.0, 86.0, 28.0, 12.0, 21.0, 13.0, 10.0, 19.0, 10.0, 10.0, 10.0, 17.0, 7.0, 48.0, 10.0, 11.0, 6.0, 16.0, 92.0, 23.0, 7.0, 38.0, 20.0, 1.0, 12.0, 9.0, 14.0, 7.0, 9.0, 7.0, 11.0, 3.0, 1.0, 3.0, 22.0, 33.0, 4.0, 11.0, 15.0, 14.0, 36.0, 14.0, 8.0, 21.0, 18.0, 10.0, 4.0, 22.0, 1.0, 21.0, 1.0, 3.0, 29.0, 12.0, 7.0, 7.0, 10.0, 15.0, 9.0, 23.0, 11.0, 21.0, 33.0, 10.0, 3.0, 1.0, 1.0, 16.0, 13.0, 72.0, 10.0, 42.0, 6.0, 4.0, 16.0, 24.0, 19.0, 21.0, 43.0, 1.0, 16.0, 15.0, 1.0, 22.0, 10.0, 46.0, 12.0, 1.0, 15.0, 18.0, 26.0, 22.0, 29.0, 10.0, 1.0, 1.0, 30.0, 11.0, 14.0, 64.0, 25.0, 1.0, 78.0, 17.0, 9.0, 1.0, 23.0, 11.0, 18.0, 41.0, 6.0, 1.0, 7.0, 8.0, 5.0, 9.0, 52.0, 47.0, 7.0, 7.0, 52.0, 7.0, 8.0, 21.0, 24.0, 43.0, 29.0, 8.0, 8.0, 8.0, 46.0, 13.0, 8.0, 14.0, 5.0, 18.0, 9.0, 17.0, 10.0, 7.0, 14.0, 26.0, 3.0, 27.0, 13.0, 17.0, 19.0, 27.0, 12.0, 9.0, 6.0, 3.0, 9.0, 11.0, 42.0, 16.0, 20.0, 66.0, 8.0, 27.0, 5.0, 23.0, 9.0, 6.0, 14.0, 9.0, 53.0, 5.0, 7.0, 37.0, 8.0, 25.0, 22.0, 77.0, 2.0, 3.0, 4.0, 31.0, 37.0, 8.0, 7.0, 11.0, 8.0, 87.0, 2.0, 10.0, 12.0, 44.0, 2.0, 35.0] 

SGT times
 [7.0, 56.0, 20.0, 1.0, 1.0, 8.0, 2.0, 1.0, 3.0, 5.0, 10.0, 2.0, 1.0, 4.0, 11.0, 16.0, 7.0]
