avgTJ:  17.85954415954416
stdDvTJ:  20.022193919869526
avgTJ without 0:  19.146915088576666
stdDvTJ without 0:  20.127998578328892
maxTJ:  32.785714285714285
minTJ:  9.875

avgTT:  73.13176895306859
stdDvTT:  120.49204612114082
avgTT without 0:  73.13176895306859
stdDvTT without 0:  120.49204612114082
maxTT:  170.63636363636363
minTT:  26.263157894736842

avgTotT:  60.7752808988764
stdDvTotT:  105.16364443014336
avgTotT without 0:  61.89342607134844
stdDvTotT without 0:  105.80008153669412
maxTotT:  112.76190476190476
minTotT:  32.595238095238095

avgMGT:  17.85954415954416
stdDvMGT:  20.022193919869526
avgMGT without 0:  19.146915088576666
stdDvMGT without 0:  20.127998578328892
maxMGT:  32.785714285714285
minMGT:  9.875

avgSGT:  73.13176895306859
stdDvSGT:  120.49204612114082
avgSGT without 0:  73.13176895306859
stdDvSGT without 0:  120.49204612114082
maxSGT:  170.63636363636363
minSGT:  26.263157894736842

free lanes %:  27.845709204090706 %, number of free traverse:  2505 num of traverse 8996
number of times in traffic %:  30.78034682080925 %, numero di volte nel traffico:  2769 num of traverse 8996
not free passage %:  73.21031569586482 %, number of not free passage:  6586 num of traverse 8996
junction times  [39.0, 2.0, 24.0, 1.0, 21.0, 40.0, 8.0, 9.0, 2.0, 47.0, 26.0, 4.0, 12.0, 7.0, 17.0, 27.0, 2.0, 8.0, 47.0, 19.0, 6.0, 1.0, 15.0, 10.0, 4.0, 7.0, 10.0, 7.0, 20.0, 23.0, 18.0, 216.0, 7.0, 9.0, 7.0, 19.0, 9.0, 10.0, 17.0, 36.0, 50.0, 25.0, 8.0, 9.0, 13.0, 10.0, 84.0, 13.0, 2.0, 20.0, 11.0, 8.0, 17.0, 1.0, 15.0, 27.0, 5.0, 27.0, 1.0, 4.0, 31.0, 10.0, 6.0, 20.0, 9.0, 50.0, 4.0, 29.0, 14.0, 4.0, 29.0, 10.0, 40.0, 20.0, 6.0, 5.0, 8.0, 13.0, 10.0, 11.0, 20.0, 11.0, 4.0, 11.0, 10.0, 44.0, 23.0, 56.0, 14.0, 18.0, 27.0, 2.0, 22.0, 6.0, 37.0, 10.0, 24.0, 32.0, 3.0, 24.0, 8.0, 2.0, 8.0, 3.0, 75.0, 15.0, 18.0, 74.0, 9.0, 4.0, 15.0, 14.0, 26.0, 8.0, 30.0, 15.0, 73.0, 2.0, 18.0, 13.0, 18.0, 5.0, 27.0, 26.0, 21.0, 22.0, 7.0, 34.0, 6.0, 23.0, 2.0, 19.0, 12.0, 10.0, 56.0, 10.0, 33.0, 10.0, 41.0, 11.0, 22.0, 15.0, 5.0, 3.0, 49.0, 26.0, 5.0, 11.0, 9.0, 10.0, 9.0, 16.0, 27.0, 31.0, 1.0, 42.0, 10.0, 53.0, 10.0, 8.0, 12.0, 43.0, 40.0, 16.0, 10.0, 5.0, 8.0, 7.0, 25.0, 1.0, 23.0, 24.0, 25.0, 28.0, 2.0, 22.0, 16.0, 46.0, 21.0, 12.0, 21.0, 3.0, 7.0, 32.0, 81.0, 27.0, 38.0, 8.0, 56.0, 31.0, 17.0, 10.0, 20.0, 12.0, 20.0, 10.0, 7.0, 3.0, 8.0, 143.0, 9.0, 53.0, 11.0, 53.0, 10.0, 47.0, 3.0, 13.0, 8.0, 26.0, 28.0, 56.0, 8.0, 20.0, 49.0, 9.0, 4.0, 19.0, 40.0, 10.0, 11.0, 13.0, 17.0, 8.0, 20.0, 26.0, 10.0, 22.0, 6.0, 33.0, 12.0, 14.0, 18.0, 45.0, 3.0, 10.0, 49.0, 4.0, 10.0, 12.0, 1.0, 9.0, 6.0, 9.0, 22.0, 8.0, 11.0, 20.0, 16.0, 12.0, 4.0, 12.0, 2.0, 9.0, 10.0, 43.0, 2.0, 57.0, 16.0, 10.0, 55.0, 25.0, 10.0, 50.0, 5.0, 3.0, 1.0, 55.0, 25.0, 19.0, 19.0, 2.0, 111.0, 8.0, 10.0, 18.0, 9.0, 25.0, 7.0, 2.0, 13.0, 8.0, 6.0, 25.0, 9.0, 15.0, 13.0, 2.0, 21.0, 37.0, 17.0, 26.0, 3.0, 14.0, 31.0, 4.0, 28.0, 47.0, 19.0, 4.0, 8.0, 11.0, 7.0, 38.0, 10.0, 9.0, 13.0, 1.0, 30.0, 16.0, 100.0, 20.0, 30.0, 26.0, 12.0, 13.0, 6.0, 12.0, 11.0, 18.0, 17.0, 2.0, 20.0, 23.0, 2.0, 9.0, 5.0, 18.0, 17.0, 35.0, 9.0, 30.0, 6.0, 4.0, 16.0, 4.0, 46.0, 10.0, 19.0, 13.0, 39.0, 8.0, 29.0, 7.0, 15.0, 23.0, 20.0, 8.0, 6.0, 5.0, 28.0, 15.0, 9.0, 12.0, 2.0, 24.0, 37.0, 3.0, 21.0, 4.0, 11.0, 4.0, 10.0, 19.0, 6.0, 28.0, 33.0, 21.0, 6.0, 11.0, 13.0, 47.0, 15.0, 9.0, 41.0, 5.0, 20.0, 20.0, 56.0, 17.0, 4.0, 4.0, 4.0, 7.0, 28.0, 16.0, 17.0, 19.0, 55.0, 27.0, 2.0, 81.0, 7.0, 11.0, 31.0, 13.0, 22.0, 14.0, 3.0, 18.0, 8.0, 15.0, 8.0, 10.0, 1.0, 11.0, 3.0, 15.0, 7.0, 17.0, 7.0, 2.0, 22.0, 24.0, 38.0, 19.0, 33.0, 4.0, 16.0, 38.0, 21.0, 60.0, 7.0, 9.0, 14.0, 3.0, 21.0, 5.0, 7.0, 20.0, 14.0, 23.0, 5.0, 17.0, 36.0, 15.0, 10.0, 19.0, 2.0, 26.0, 5.0, 21.0, 10.0, 10.0, 1.0, 12.0, 27.0, 12.0, 20.0, 12.0, 3.0, 11.0, 12.0, 16.0, 6.0, 10.0, 6.0, 19.0, 56.0, 22.0, 35.0, 9.0, 13.0, 9.0, 9.0, 20.0, 3.0, 11.0, 31.0, 3.0, 9.0, 1.0, 21.0, 11.0, 39.0, 8.0, 10.0, 22.0, 5.0, 3.0, 7.0, 33.0, 21.0, 18.0, 6.0, 13.0, 22.0, 31.0, 15.0, 21.0, 4.0, 12.0, 5.0, 26.0, 6.0, 7.0, 10.0, 1.0, 12.0, 1.0, 1.0, 17.0, 6.0, 44.0, 37.0, 27.0, 62.0, 36.0, 8.0, 15.0, 22.0, 11.0, 39.0, 14.0, 12.0, 16.0, 13.0, 39.0, 45.0, 25.0, 78.0, 45.0, 9.0, 44.0, 28.0, 18.0, 25.0, 37.0, 26.0, 35.0, 8.0, 8.0, 54.0, 16.0, 8.0, 23.0, 22.0, 22.0, 43.0, 12.0, 28.0, 29.0, 24.0, 37.0, 11.0, 2.0, 14.0, 9.0, 3.0, 19.0, 27.0, 6.0, 42.0, 25.0, 26.0, 22.0, 39.0, 12.0, 8.0, 19.0, 9.0, 1.0, 36.0, 28.0, 18.0, 1.0, 36.0, 106.0, 30.0, 3.0, 7.0, 11.0, 11.0, 31.0, 16.0, 27.0, 11.0, 18.0, 82.0, 13.0, 3.0, 86.0, 10.0, 16.0, 10.0, 49.0, 6.0, 28.0, 2.0, 6.0, 37.0, 9.0, 8.0, 28.0, 30.0, 49.0, 23.0, 18.0, 4.0, 43.0, 23.0, 4.0, 15.0, 4.0, 8.0, 14.0, 12.0, 56.0, 14.0, 169.0, 3.0, 4.0, 14.0, 10.0, 4.0, 12.0, 20.0, 11.0, 21.0, 16.0, 1.0, 21.0, 18.0, 42.0, 4.0, 7.0, 10.0, 6.0, 11.0, 23.0, 27.0, 4.0, 19.0, 1.0, 29.0, 30.0, 10.0, 10.0, 11.0, 6.0, 18.0, 56.0, 28.0, 8.0, 8.0, 7.0, 19.0, 34.0, 19.0, 21.0, 1.0, 2.0, 14.0, 37.0, 24.0, 2.0, 10.0, 27.0, 10.0, 4.0, 2.0, 10.0, 3.0, 27.0, 10.0, 7.0, 37.0, 2.0, 31.0, 11.0, 15.0, 9.0, 17.0, 10.0, 11.0, 38.0, 25.0, 5.0, 5.0, 1.0, 5.0, 26.0, 5.0, 25.0, 29.0, 29.0, 2.0, 12.0, 3.0, 5.0, 7.0, 8.0, 116.0, 30.0, 81.0, 11.0, 32.0, 3.0, 5.0, 4.0, 23.0, 13.0, 3.0, 8.0, 6.0, 21.0, 10.0, 2.0, 23.0, 5.0, 27.0, 4.0, 21.0, 5.0, 8.0, 3.0, 5.0, 22.0, 12.0, 8.0, 3.0, 16.0, 3.0, 3.0, 23.0, 11.0, 2.0, 40.0, 8.0, 11.0, 10.0, 62.0, 1.0, 19.0, 5.0, 39.0, 9.0, 19.0, 2.0, 35.0, 21.0, 10.0, 10.0, 11.0, 13.0, 30.0, 6.0, 80.0, 52.0, 3.0, 5.0, 25.0, 19.0, 31.0, 9.0, 8.0, 6.0, 15.0, 9.0, 4.0, 29.0, 9.0, 1.0, 11.0, 1.0, 9.0, 9.0, 9.0, 3.0, 45.0, 12.0, 37.0, 2.0, 75.0, 34.0, 3.0, 18.0, 9.0, 10.0, 37.0, 8.0, 8.0, 21.0, 18.0, 9.0, 46.0, 19.0, 9.0, 27.0, 20.0, 9.0, 29.0, 43.0, 19.0, 5.0, 15.0, 8.0, 7.0, 8.0, 8.0, 2.0, 2.0, 47.0, 3.0, 26.0, 47.0, 37.0, 9.0, 20.0, 6.0, 10.0, 9.0, 5.0, 6.0, 18.0, 15.0, 28.0, 3.0, 10.0, 12.0, 7.0, 29.0, 10.0, 2.0, 30.0, 8.0, 19.0, 15.0, 10.0, 34.0, 23.0, 9.0, 72.0, 49.0, 11.0, 11.0, 36.0, 43.0, 10.0, 37.0, 5.0, 14.0, 6.0, 9.0, 11.0, 30.0, 21.0, 7.0, 73.0, 1.0, 13.0, 2.0, 7.0, 24.0, 10.0, 74.0, 20.0, 2.0, 10.0, 24.0, 6.0, 16.0, 9.0, 54.0, 6.0, 3.0, 8.0, 6.0, 31.0, 6.0, 13.0, 38.0, 2.0, 28.0, 5.0, 9.0, 23.0, 7.0, 11.0, 7.0, 4.0, 101.0, 8.0, 74.0, 34.0, 19.0, 3.0, 5.0, 7.0, 12.0, 6.0, 10.0, 43.0, 4.0, 4.0, 19.0, 8.0, 21.0, 28.0, 32.0, 26.0, 16.0, 7.0, 5.0, 4.0, 8.0, 63.0, 9.0, 19.0, 4.0, 4.0, 9.0, 23.0, 9.0, 7.0, 12.0, 8.0, 24.0, 37.0, 9.0, 17.0, 5.0, 16.0, 25.0, 24.0, 9.0, 3.0, 26.0, 20.0, 27.0, 34.0, 20.0, 22.0, 19.0, 20.0, 13.0, 10.0, 10.0, 6.0, 18.0, 10.0, 14.0, 15.0, 22.0, 16.0, 1.0, 6.0, 9.0, 27.0, 18.0, 9.0, 3.0, 18.0, 9.0, 27.0, 9.0, 2.0, 4.0, 30.0, 8.0, 25.0, 32.0, 4.0, 26.0, 9.0, 7.0, 138.0, 28.0, 1.0, 11.0, 23.0, 15.0, 10.0, 25.0, 10.0, 4.0, 24.0, 15.0, 1.0, 20.0, 19.0, 23.0, 43.0, 6.0, 8.0, 19.0, 14.0, 9.0, 17.0, 22.0, 10.0, 18.0, 2.0, 8.0, 6.0, 1.0, 30.0, 15.0, 3.0, 29.0, 56.0, 10.0, 9.0, 17.0, 10.0, 33.0, 11.0, 10.0, 21.0, 14.0, 24.0, 5.0, 2.0, 15.0, 4.0, 11.0, 9.0, 9.0, 13.0, 22.0, 10.0, 8.0, 4.0, 18.0, 11.0, 33.0, 9.0, 32.0, 51.0, 9.0, 8.0, 30.0, 8.0, 15.0, 8.0, 56.0, 8.0, 22.0, 10.0, 9.0, 12.0, 8.0, 34.0, 20.0, 18.0, 16.0, 7.0, 10.0, 93.0, 12.0, 3.0, 3.0, 34.0, 11.0, 3.0, 9.0, 46.0, 15.0, 23.0, 1.0, 74.0, 13.0, 20.0, 56.0, 61.0, 16.0, 16.0, 19.0, 21.0, 28.0, 9.0, 12.0, 13.0, 19.0, 16.0, 11.0, 20.0, 53.0, 31.0, 10.0, 28.0, 22.0, 39.0, 11.0, 11.0, 18.0, 12.0, 9.0, 11.0, 10.0, 20.0, 25.0, 42.0, 33.0, 8.0, 16.0, 2.0, 40.0, 37.0, 8.0, 8.0, 36.0, 45.0, 8.0, 114.0, 10.0, 10.0, 9.0, 12.0, 34.0, 28.0, 14.0, 20.0, 25.0, 6.0, 11.0, 19.0, 21.0, 15.0, 9.0, 9.0, 20.0, 25.0, 3.0, 15.0, 22.0, 9.0, 2.0, 20.0, 10.0, 34.0, 8.0, 20.0, 72.0, 27.0, 94.0, 5.0, 19.0, 109.0, 53.0, 1.0, 97.0, 2.0, 24.0, 9.0, 55.0, 9.0, 38.0, 13.0, 33.0, 4.0, 18.0, 20.0, 52.0, 7.0, 3.0, 31.0, 3.0, 9.0, 20.0, 21.0, 4.0, 26.0, 10.0, 4.0, 77.0, 11.0, 9.0, 18.0, 22.0, 10.0, 21.0, 10.0, 4.0, 22.0, 10.0, 8.0, 10.0, 21.0, 6.0, 21.0, 12.0, 15.0, 9.0, 38.0, 3.0, 28.0, 2.0, 22.0, 8.0, 33.0, 28.0, 83.0, 8.0, 11.0, 6.0, 40.0, 5.0, 21.0, 5.0, 47.0, 1.0, 12.0, 5.0, 40.0, 6.0, 14.0, 20.0, 14.0, 9.0, 12.0, 32.0, 58.0, 13.0, 7.0, 2.0, 52.0, 9.0, 30.0, 20.0, 10.0, 19.0, 70.0, 26.0, 9.0, 56.0, 9.0, 24.0, 9.0, 20.0, 26.0, 20.0, 18.0, 18.0, 18.0, 16.0, 3.0, 1.0, 4.0, 19.0, 10.0, 11.0, 21.0, 2.0, 10.0, 85.0, 20.0, 53.0, 2.0, 28.0, 20.0, 28.0, 40.0, 10.0, 2.0, 27.0, 7.0, 23.0, 4.0, 14.0, 20.0, 65.0, 83.0, 4.0, 6.0, 1.0, 11.0, 14.0, 17.0, 26.0, 6.0, 47.0, 26.0, 25.0, 2.0, 26.0, 56.0, 27.0, 7.0, 34.0, 10.0, 13.0, 18.0, 23.0, 40.0, 9.0, 2.0, 5.0, 10.0, 61.0, 6.0, 10.0, 10.0, 15.0, 2.0, 59.0, 4.0, 10.0, 10.0, 14.0, 3.0, 9.0, 10.0, 3.0, 9.0, 15.0, 40.0, 31.0, 1.0, 1.0, 12.0, 30.0, 19.0, 3.0, 40.0, 11.0, 18.0, 9.0, 13.0, 4.0, 14.0, 2.0, 24.0, 18.0, 16.0, 37.0, 21.0, 17.0, 23.0, 20.0, 9.0, 3.0, 10.0, 18.0, 20.0, 31.0, 15.0, 65.0, 5.0, 42.0, 18.0, 2.0, 35.0, 7.0, 4.0, 22.0, 12.0, 9.0, 1.0, 33.0, 11.0, 1.0, 3.0, 9.0, 4.0, 2.0, 30.0, 14.0, 20.0, 3.0, 4.0, 3.0, 8.0, 23.0, 18.0, 4.0, 1.0, 7.0, 13.0, 10.0, 3.0, 24.0, 5.0, 10.0, 5.0, 7.0, 44.0, 5.0, 47.0, 46.0, 8.0, 10.0, 7.0, 46.0, 3.0, 23.0, 12.0, 10.0, 32.0, 10.0, 85.0, 20.0, 25.0, 27.0, 11.0, 4.0, 13.0, 9.0, 4.0, 11.0, 28.0, 8.0, 31.0, 31.0, 8.0, 5.0, 3.0, 12.0, 20.0, 40.0, 29.0, 29.0, 12.0, 2.0, 12.0, 23.0, 15.0, 34.0, 10.0, 25.0, 40.0, 15.0, 20.0, 5.0, 7.0, 8.0, 36.0, 5.0, 35.0, 20.0, 8.0, 6.0, 6.0, 34.0, 20.0, 44.0, 5.0, 117.0, 20.0, 10.0, 21.0, 16.0, 2.0, 14.0, 10.0, 20.0, 34.0, 10.0, 11.0, 24.0, 11.0, 23.0, 10.0, 16.0, 11.0, 25.0, 8.0, 12.0, 24.0, 56.0, 28.0, 22.0, 7.0, 12.0, 14.0, 8.0, 14.0, 8.0, 8.0, 3.0, 9.0, 24.0, 15.0, 4.0, 14.0, 3.0, 9.0, 7.0, 22.0, 21.0, 1.0, 10.0, 16.0, 3.0, 8.0, 4.0, 26.0, 28.0, 11.0, 36.0, 1.0, 38.0, 10.0, 3.0, 18.0, 36.0, 9.0, 1.0, 3.0, 18.0, 11.0, 6.0, 20.0, 16.0, 28.0, 9.0, 10.0, 5.0, 10.0, 19.0, 34.0, 40.0, 9.0, 5.0, 11.0, 11.0, 18.0, 10.0, 5.0, 31.0, 25.0, 11.0, 12.0, 21.0, 18.0, 26.0, 30.0, 2.0, 9.0, 20.0, 8.0, 22.0, 21.0, 18.0, 34.0, 55.0, 6.0, 28.0, 12.0, 37.0, 3.0, 64.0, 43.0, 10.0, 26.0, 11.0, 229.0, 9.0, 19.0, 3.0, 9.0, 4.0, 34.0, 4.0, 73.0, 3.0, 18.0, 4.0, 54.0, 9.0, 8.0, 49.0, 1.0, 20.0, 1.0, 4.0, 28.0, 96.0, 49.0, 20.0, 25.0, 9.0, 1.0, 36.0, 1.0, 39.0, 23.0, 11.0, 9.0, 25.0, 33.0, 11.0, 4.0, 4.0, 10.0, 2.0, 2.0, 9.0, 9.0, 28.0, 13.0, 8.0, 23.0, 1.0, 2.0, 1.0, 8.0, 7.0, 8.0, 28.0, 38.0, 24.0, 23.0, 8.0, 9.0, 8.0, 94.0, 6.0, 15.0, 19.0, 1.0, 40.0, 23.0, 10.0, 7.0, 6.0, 4.0, 17.0, 11.0, 1.0, 19.0, 14.0, 32.0, 25.0, 3.0, 9.0, 28.0, 6.0, 14.0, 3.0, 8.0, 4.0, 69.0, 1.0, 4.0, 2.0, 22.0, 12.0, 9.0, 3.0, 2.0, 10.0, 10.0, 27.0, 10.0, 46.0, 47.0, 44.0, 21.0, 3.0, 23.0, 28.0, 11.0, 13.0, 12.0, 9.0, 33.0, 23.0, 1.0, 20.0, 2.0, 73.0, 15.0, 1.0, 11.0, 1.0, 3.0, 5.0, 41.0, 2.0, 23.0, 19.0, 13.0, 7.0, 12.0, 59.0, 19.0, 45.0, 2.0, 3.0, 37.0, 8.0, 11.0, 22.0, 10.0, 83.0, 34.0, 2.0, 30.0, 6.0, 8.0, 9.0, 45.0, 9.0, 39.0, 8.0, 36.0, 36.0, 1.0, 4.0, 56.0, 10.0, 6.0, 14.0, 18.0, 19.0, 19.0, 6.0, 47.0, 11.0, 21.0, 8.0, 68.0, 18.0, 21.0, 76.0, 9.0, 32.0, 1.0, 19.0, 6.0, 10.0, 9.0, 34.0, 21.0, 79.0, 7.0, 26.0, 7.0, 4.0, 8.0, 1.0, 36.0, 2.0, 9.0, 65.0, 12.0, 5.0, 9.0, 15.0, 11.0, 2.0, 2.0, 11.0, 1.0, 6.0, 10.0, 7.0, 74.0, 14.0, 31.0, 14.0, 10.0, 10.0, 55.0, 8.0, 51.0, 6.0, 8.0, 5.0, 32.0, 17.0, 9.0, 11.0, 59.0, 32.0, 33.0, 1.0, 16.0, 126.0, 4.0, 4.0, 9.0, 4.0, 7.0, 7.0, 25.0, 33.0, 29.0, 1.0, 57.0, 3.0, 11.0, 53.0, 32.0, 22.0, 2.0, 4.0, 5.0, 25.0, 22.0, 24.0, 18.0, 4.0, 18.0, 8.0, 11.0, 5.0, 16.0, 5.0, 11.0, 9.0, 1.0, 4.0, 16.0, 13.0, 47.0, 5.0, 2.0, 10.0, 7.0, 1.0, 2.0, 17.0, 59.0, 12.0, 34.0, 10.0, 11.0, 13.0, 10.0, 8.0, 23.0, 48.0, 20.0, 113.0, 10.0, 1.0, 3.0, 10.0, 1.0, 21.0, 11.0, 12.0, 10.0, 4.0, 3.0, 34.0, 88.0, 28.0, 26.0, 9.0, 10.0, 27.0, 2.0, 2.0, 1.0, 37.0, 8.0, 9.0, 3.0, 23.0, 22.0, 2.0, 23.0, 21.0, 30.0, 9.0, 9.0, 1.0, 18.0, 6.0, 23.0, 2.0, 13.0, 5.0, 57.0, 6.0, 3.0, 4.0, 19.0, 10.0, 10.0, 9.0, 34.0, 6.0, 22.0, 19.0, 11.0, 20.0, 18.0, 21.0, 3.0, 10.0, 9.0, 35.0, 4.0, 32.0, 7.0, 124.0, 12.0, 1.0, 2.0, 11.0, 13.0, 11.0, 9.0, 7.0, 11.0, 17.0, 31.0, 6.0, 3.0, 8.0, 11.0, 17.0, 10.0, 15.0, 34.0, 23.0, 18.0, 14.0, 21.0, 46.0, 7.0, 19.0, 10.0, 11.0, 1.0, 10.0, 9.0, 29.0, 9.0, 41.0, 16.0, 67.0, 10.0, 11.0, 19.0, 29.0, 32.0, 25.0, 25.0, 45.0, 4.0, 9.0, 21.0, 4.0, 1.0, 19.0, 4.0, 22.0, 12.0, 18.0, 49.0, 11.0, 58.0, 18.0, 6.0, 8.0, 8.0, 51.0, 10.0, 1.0, 121.0, 10.0, 15.0, 2.0, 41.0, 8.0, 5.0, 26.0, 19.0, 18.0, 8.0, 20.0, 11.0, 19.0, 10.0, 8.0, 95.0, 9.0, 11.0, 36.0, 17.0, 9.0, 19.0, 13.0, 5.0, 33.0, 2.0, 15.0, 34.0, 10.0, 11.0, 29.0, 3.0, 12.0, 9.0, 41.0, 20.0, 8.0, 30.0, 42.0, 5.0, 29.0, 41.0, 11.0, 11.0, 19.0, 38.0, 10.0, 43.0, 4.0, 48.0, 12.0, 9.0, 9.0, 17.0, 18.0, 31.0, 11.0, 5.0, 10.0, 8.0, 9.0, 15.0, 11.0, 11.0, 1.0, 17.0, 13.0, 33.0, 41.0, 26.0, 11.0, 11.0, 57.0, 45.0, 7.0, 9.0, 39.0, 3.0, 51.0, 1.0, 23.0, 1.0, 12.0, 87.0, 10.0, 59.0, 12.0, 34.0, 21.0, 4.0, 11.0, 9.0, 4.0, 19.0, 8.0, 12.0, 40.0, 21.0, 23.0, 6.0, 27.0, 19.0, 26.0, 9.0, 22.0, 1.0, 13.0, 20.0, 3.0, 89.0, 4.0, 11.0, 61.0, 17.0, 44.0, 12.0, 4.0, 16.0, 4.0, 9.0, 55.0, 10.0, 8.0, 15.0, 9.0, 11.0, 5.0, 18.0, 5.0, 5.0, 3.0, 22.0, 98.0, 9.0, 3.0, 3.0, 13.0, 12.0, 10.0, 29.0, 3.0, 20.0, 12.0, 25.0, 35.0, 1.0, 2.0, 34.0, 4.0, 24.0, 21.0, 10.0, 22.0, 7.0, 10.0, 8.0, 22.0, 39.0, 37.0, 5.0, 60.0, 4.0, 9.0, 3.0, 19.0, 5.0, 20.0, 12.0, 32.0, 14.0, 9.0, 5.0, 26.0, 20.0, 13.0, 5.0, 29.0, 29.0, 4.0, 11.0, 18.0, 12.0, 11.0, 24.0, 23.0, 22.0, 10.0, 31.0, 2.0, 12.0, 9.0, 29.0, 38.0, 35.0, 10.0, 54.0, 36.0, 37.0, 19.0, 13.0, 53.0, 25.0, 28.0, 9.0, 46.0, 10.0, 4.0, 14.0, 5.0, 19.0, 5.0, 17.0, 35.0, 32.0, 10.0, 4.0, 20.0, 21.0, 27.0, 3.0, 21.0, 1.0, 13.0, 11.0, 8.0, 8.0, 15.0, 79.0, 12.0, 23.0, 8.0, 9.0, 72.0, 5.0, 10.0, 1.0, 30.0, 22.0, 3.0, 49.0, 65.0, 5.0, 24.0, 38.0, 31.0, 8.0, 1.0, 1.0, 20.0, 8.0, 20.0, 5.0, 10.0, 50.0, 7.0, 10.0, 7.0, 16.0, 4.0, 3.0, 4.0, 9.0, 41.0, 8.0, 21.0, 10.0, 3.0, 59.0, 12.0, 27.0, 18.0, 29.0, 4.0, 11.0, 9.0, 15.0, 8.0, 7.0, 6.0, 14.0, 11.0, 28.0, 8.0, 19.0, 27.0, 6.0, 21.0, 91.0, 14.0, 28.0, 7.0, 39.0, 21.0, 87.0, 33.0, 16.0, 10.0, 25.0, 4.0, 20.0, 18.0, 3.0, 18.0, 26.0, 5.0, 42.0, 12.0, 64.0, 3.0, 16.0, 33.0, 2.0, 13.0, 23.0, 16.0, 66.0, 7.0, 17.0, 86.0, 8.0, 3.0, 2.0, 11.0, 19.0, 5.0, 8.0, 116.0, 1.0, 38.0, 20.0, 13.0, 5.0, 5.0, 35.0, 6.0, 7.0, 21.0, 8.0, 10.0, 35.0, 7.0, 4.0, 22.0, 2.0, 8.0, 20.0, 16.0, 11.0, 23.0, 24.0, 11.0, 1.0, 15.0, 14.0, 21.0, 10.0, 7.0, 45.0, 35.0, 17.0, 39.0, 1.0, 21.0, 16.0, 54.0, 20.0, 11.0, 45.0, 23.0, 23.0, 8.0, 50.0, 22.0, 13.0, 28.0, 16.0, 8.0, 24.0, 34.0, 17.0, 1.0, 21.0, 10.0, 151.0, 24.0, 23.0, 17.0, 4.0, 19.0, 11.0, 25.0, 44.0, 4.0, 31.0, 8.0, 37.0, 11.0, 11.0, 11.0, 42.0, 52.0, 10.0, 19.0, 25.0, 29.0, 23.0, 8.0, 5.0, 2.0, 9.0, 21.0, 20.0, 11.0, 24.0, 9.0, 11.0, 10.0, 32.0, 41.0, 8.0, 23.0, 37.0, 8.0, 9.0, 8.0, 40.0, 11.0, 7.0, 2.0, 57.0, 10.0, 11.0, 4.0, 74.0, 8.0, 36.0, 12.0, 34.0, 1.0, 4.0, 11.0, 57.0, 68.0, 12.0, 5.0, 10.0, 10.0, 26.0, 26.0, 25.0, 24.0, 8.0, 117.0, 14.0, 7.0, 15.0, 32.0, 19.0, 21.0, 5.0, 18.0, 10.0, 9.0, 9.0, 7.0, 19.0, 40.0, 2.0, 22.0, 34.0, 12.0, 13.0, 55.0, 9.0, 3.0, 6.0, 23.0, 15.0, 2.0, 52.0, 7.0, 9.0, 8.0, 9.0, 35.0, 9.0, 28.0, 12.0, 10.0, 4.0, 19.0, 6.0, 34.0, 9.0, 4.0, 15.0, 33.0, 35.0, 16.0, 42.0, 11.0, 19.0, 34.0, 12.0, 6.0, 40.0, 31.0, 5.0, 39.0, 29.0, 3.0, 52.0, 22.0, 21.0, 4.0, 23.0, 10.0, 1.0, 2.0, 4.0, 21.0, 8.0, 63.0, 17.0, 8.0, 22.0, 16.0, 9.0, 5.0, 14.0, 22.0, 28.0, 9.0, 10.0, 16.0, 4.0, 61.0, 44.0, 5.0, 4.0, 21.0, 6.0, 2.0, 24.0, 10.0, 47.0, 20.0, 4.0, 10.0, 6.0, 15.0, 37.0, 20.0, 5.0, 162.0, 10.0, 19.0, 110.0, 23.0, 37.0, 2.0, 2.0, 16.0, 2.0, 14.0, 15.0, 11.0, 2.0, 18.0, 7.0, 17.0, 11.0, 10.0, 16.0, 10.0, 10.0, 17.0, 2.0, 9.0, 29.0, 14.0, 9.0, 31.0, 8.0, 19.0, 16.0, 4.0, 12.0, 10.0, 12.0, 21.0, 40.0, 8.0, 11.0, 3.0, 5.0, 34.0, 8.0, 3.0, 8.0, 8.0, 16.0, 12.0, 12.0, 56.0, 68.0, 22.0, 21.0, 11.0, 28.0, 23.0, 91.0, 20.0, 15.0, 70.0, 43.0, 23.0, 8.0, 7.0, 5.0, 13.0, 20.0, 24.0, 12.0, 2.0, 48.0, 27.0, 2.0, 15.0, 11.0, 128.0, 7.0, 8.0, 24.0, 18.0, 20.0, 26.0, 27.0, 12.0, 4.0, 50.0, 11.0, 10.0, 19.0, 10.0, 5.0, 6.0, 11.0, 7.0, 8.0, 40.0, 3.0, 17.0, 6.0, 7.0, 10.0, 11.0, 19.0, 1.0, 20.0, 6.0, 8.0, 7.0, 6.0, 1.0, 9.0, 19.0, 23.0, 9.0, 38.0, 10.0, 1.0, 24.0, 112.0, 5.0, 21.0, 4.0, 62.0, 18.0, 6.0, 20.0, 126.0, 86.0, 6.0, 10.0, 6.0, 20.0, 4.0, 1.0, 49.0, 29.0, 15.0, 15.0, 20.0, 13.0, 45.0, 16.0, 12.0, 5.0, 20.0, 8.0, 27.0, 32.0, 15.0, 2.0, 7.0, 18.0, 23.0, 11.0, 51.0, 28.0, 40.0, 33.0, 11.0, 49.0, 3.0, 67.0, 21.0, 27.0, 10.0, 2.0, 9.0, 22.0, 2.0, 6.0, 36.0, 18.0, 10.0, 14.0, 8.0, 10.0, 10.0, 24.0, 20.0, 29.0, 10.0, 9.0, 4.0, 30.0, 9.0, 2.0, 5.0, 8.0, 2.0, 11.0, 11.0, 12.0, 19.0, 2.0, 21.0, 22.0, 19.0, 16.0, 27.0, 23.0, 38.0, 35.0, 9.0, 6.0, 22.0, 1.0, 5.0, 22.0, 19.0, 6.0, 117.0, 44.0, 16.0, 6.0, 28.0, 19.0, 18.0, 3.0, 3.0, 10.0, 7.0, 9.0, 72.0, 33.0, 5.0, 10.0, 28.0, 9.0, 9.0, 17.0, 16.0, 9.0, 46.0, 11.0, 41.0, 5.0, 3.0, 1.0, 1.0, 15.0, 18.0, 12.0, 14.0, 8.0, 31.0, 18.0, 11.0, 3.0, 13.0, 23.0, 12.0, 12.0, 10.0, 22.0, 39.0, 11.0, 3.0, 5.0, 11.0, 7.0, 191.0, 4.0, 9.0, 24.0, 12.0, 5.0, 7.0, 13.0, 27.0, 8.0, 11.0, 9.0, 11.0, 4.0, 5.0, 9.0, 3.0, 7.0, 19.0, 4.0, 4.0, 9.0, 17.0, 7.0, 2.0, 71.0, 1.0, 21.0, 9.0, 1.0, 61.0, 22.0, 11.0, 26.0, 3.0, 4.0, 7.0, 13.0, 61.0, 16.0, 34.0, 49.0, 10.0, 19.0, 9.0, 3.0, 15.0, 10.0, 12.0, 4.0, 9.0, 23.0, 23.0, 6.0, 44.0, 113.0, 2.0, 35.0, 3.0, 6.0, 11.0, 9.0, 17.0, 10.0, 12.0, 4.0, 23.0, 4.0, 9.0, 18.0, 39.0, 19.0, 15.0, 8.0, 18.0, 84.0, 37.0, 6.0, 8.0, 4.0, 10.0, 23.0, 14.0, 23.0, 26.0, 23.0, 2.0, 34.0, 10.0, 11.0, 26.0, 4.0, 20.0, 7.0, 10.0, 64.0, 3.0, 3.0, 5.0, 112.0, 9.0, 56.0, 50.0, 6.0, 111.0, 37.0, 9.0, 14.0, 4.0, 21.0, 31.0, 18.0, 9.0, 11.0, 3.0, 10.0, 1.0, 17.0, 10.0, 10.0, 35.0, 22.0, 33.0, 6.0, 3.0, 14.0, 21.0, 6.0, 19.0, 32.0, 12.0, 49.0, 25.0, 1.0, 1.0, 14.0, 47.0, 17.0, 18.0, 30.0, 8.0, 41.0, 8.0, 1.0, 2.0, 39.0, 3.0, 24.0, 5.0, 10.0, 26.0, 30.0, 37.0, 31.0, 8.0, 3.0, 11.0, 19.0, 10.0, 14.0, 9.0, 4.0, 27.0, 19.0, 10.0, 6.0, 9.0, 8.0, 11.0, 8.0, 14.0, 39.0, 33.0, 22.0, 26.0, 9.0, 36.0, 5.0, 10.0, 17.0, 9.0, 20.0, 7.0, 2.0, 4.0, 2.0, 15.0, 18.0, 11.0, 11.0, 7.0, 33.0, 26.0, 11.0, 12.0, 20.0, 8.0, 38.0, 21.0, 27.0, 19.0, 22.0, 9.0, 35.0, 9.0, 8.0, 17.0, 10.0, 7.0, 5.0, 46.0, 44.0, 32.0, 39.0, 26.0, 3.0, 4.0, 3.0, 8.0, 15.0, 16.0, 10.0, 22.0, 25.0, 11.0, 64.0, 28.0, 17.0, 6.0, 30.0, 10.0, 25.0, 32.0, 17.0, 31.0, 44.0, 27.0, 4.0, 4.0, 30.0, 7.0, 4.0, 56.0, 20.0, 21.0, 23.0, 24.0, 14.0, 37.0, 15.0, 54.0, 20.0, 2.0, 37.0, 18.0, 16.0, 8.0, 9.0, 7.0, 37.0, 4.0, 2.0, 11.0, 20.0, 18.0, 9.0, 3.0, 1.0, 8.0, 32.0, 13.0, 27.0, 252.0, 18.0, 16.0, 13.0, 15.0, 17.0, 4.0, 19.0, 19.0, 26.0, 6.0, 87.0, 108.0, 9.0, 2.0, 7.0, 9.0, 2.0, 10.0, 12.0, 8.0, 3.0, 15.0, 8.0, 31.0, 25.0, 31.0, 20.0, 60.0, 12.0, 2.0, 23.0, 3.0, 11.0, 28.0, 74.0, 15.0, 3.0, 15.0, 28.0, 9.0, 9.0, 21.0, 18.0, 2.0, 10.0, 3.0, 29.0, 10.0, 9.0, 23.0, 1.0, 8.0, 3.0, 12.0, 51.0, 33.0, 26.0, 157.0, 10.0, 23.0, 17.0, 15.0, 21.0, 9.0, 21.0, 22.0, 18.0, 14.0, 22.0, 2.0, 4.0, 56.0, 19.0, 4.0, 9.0, 11.0, 11.0, 17.0, 25.0, 8.0, 7.0, 35.0, 37.0, 28.0, 29.0, 16.0, 8.0, 19.0, 14.0, 15.0, 9.0, 2.0, 22.0, 4.0, 9.0, 24.0, 45.0, 4.0, 6.0, 21.0, 10.0, 11.0, 62.0, 41.0, 64.0, 28.0, 18.0, 35.0, 10.0, 7.0, 34.0, 5.0, 11.0, 11.0, 9.0, 19.0, 14.0, 9.0, 58.0, 10.0, 2.0, 5.0, 49.0, 15.0, 87.0, 9.0, 45.0, 30.0, 12.0, 17.0, 1.0, 21.0, 3.0, 2.0, 2.0, 18.0, 11.0, 12.0, 22.0, 9.0, 27.0, 9.0, 21.0, 25.0, 3.0, 10.0, 10.0, 37.0, 38.0, 4.0, 7.0, 9.0, 8.0, 16.0, 11.0, 17.0, 36.0, 1.0, 2.0, 10.0, 9.0, 21.0, 3.0, 27.0, 37.0, 66.0, 10.0, 4.0, 9.0, 18.0, 4.0, 30.0, 61.0, 10.0, 14.0, 25.0, 2.0, 8.0, 10.0, 48.0, 4.0, 9.0, 22.0, 10.0, 9.0, 11.0, 25.0, 1.0, 10.0, 6.0, 5.0, 75.0, 27.0, 20.0, 10.0, 30.0, 10.0, 31.0, 13.0, 10.0, 105.0, 9.0, 4.0, 25.0, 11.0, 9.0, 12.0, 24.0, 32.0, 9.0, 30.0, 20.0, 181.0, 20.0, 16.0, 10.0, 27.0, 40.0, 10.0, 12.0, 18.0, 42.0, 46.0, 12.0, 18.0, 33.0, 4.0, 5.0, 31.0, 3.0, 22.0] 

traffic times  [2.0, 54.0, 33.0, 1.0, 12.0, 69.0, 55.0, 10.0, 51.0, 58.0, 705.0, 38.0, 11.0, 80.0, 142.0, 28.0, 35.0, 74.0, 131.0, 5.0, 6.0, 173.0, 49.0, 20.0, 18.0, 66.0, 1.0, 181.0, 142.0, 42.0, 19.0, 104.0, 6.0, 22.0, 36.0, 7.0, 110.0, 18.0, 41.0, 17.0, 15.0, 94.0, 1.0, 1.0, 12.0, 703.0, 73.0, 42.0, 1.0, 27.0, 40.0, 310.0, 3.0, 17.0, 11.0, 1.0, 13.0, 9.0, 1.0, 9.0, 5.0, 22.0, 5.0, 2.0, 1.0, 25.0, 121.0, 11.0, 12.0, 11.0, 186.0, 1.0, 595.0, 31.0, 17.0, 11.0, 84.0, 7.0, 28.0, 34.0, 85.0, 12.0, 9.0, 28.0, 9.0, 7.0, 174.0, 46.0, 1.0, 197.0, 1.0, 40.0, 12.0, 81.0, 501.0, 1.0, 24.0, 187.0, 1.0, 1.0, 7.0, 40.0, 13.0, 78.0, 28.0, 1.0, 77.0, 104.0, 40.0, 17.0, 18.0, 4.0, 382.0, 29.0, 237.0, 105.0, 31.0, 121.0, 1.0, 41.0, 3.0, 76.0, 49.0, 1.0, 11.0, 17.0, 20.0, 2.0, 154.0, 133.0, 192.0, 94.0, 1.0, 115.0, 29.0, 179.0, 24.0, 74.0, 59.0, 212.0, 11.0, 494.0, 7.0, 47.0, 21.0, 68.0, 8.0, 661.0, 77.0, 154.0, 1.0, 34.0, 14.0, 157.0, 12.0, 31.0, 110.0, 12.0, 326.0, 12.0, 84.0, 65.0, 9.0, 79.0, 460.0, 15.0, 70.0, 11.0, 1.0, 12.0, 2.0, 1.0, 47.0, 35.0, 677.0, 620.0, 9.0, 7.0, 33.0, 171.0, 2.0, 22.0, 18.0, 68.0, 21.0, 6.0, 1.0, 15.0, 130.0, 17.0, 22.0, 170.0, 108.0, 28.0, 2.0, 24.0, 6.0, 34.0, 697.0, 5.0, 18.0, 108.0, 123.0, 7.0, 1.0, 5.0, 7.0, 11.0, 7.0, 63.0, 134.0, 36.0, 7.0, 342.0, 3.0, 1.0, 8.0, 44.0, 23.0, 125.0, 266.0, 69.0, 6.0, 41.0, 58.0, 56.0, 38.0, 91.0, 22.0, 139.0, 13.0, 5.0, 58.0, 12.0, 419.0, 1.0, 30.0, 83.0, 29.0, 13.0, 303.0, 138.0, 7.0, 1.0, 168.0, 1.0, 3.0, 24.0, 120.0, 25.0, 115.0, 24.0, 105.0, 26.0, 18.0, 71.0, 3.0, 14.0, 686.0, 79.0, 140.0, 29.0, 7.0, 2.0, 27.0, 4.0, 1.0, 3.0, 10.0, 62.0, 158.0, 72.0, 10.0, 5.0, 17.0, 3.0, 7.0, 66.0, 585.0, 537.0, 3.0, 40.0, 12.0, 13.0, 31.0, 23.0, 70.0, 42.0, 53.0, 39.0, 11.0, 229.0, 4.0, 26.0, 92.0, 91.0, 109.0, 51.0, 37.0, 17.0, 26.0, 11.0, 40.0, 43.0, 22.0, 49.0, 34.0, 34.0, 134.0, 18.0, 1.0, 5.0, 284.0, 126.0, 28.0, 1.0, 86.0, 11.0, 126.0, 9.0, 13.0, 5.0, 6.0, 52.0, 9.0, 168.0, 79.0, 70.0, 196.0, 197.0, 28.0, 105.0, 1.0, 55.0, 13.0, 12.0, 176.0, 24.0, 7.0, 35.0, 4.0, 9.0, 89.0, 45.0, 65.0, 8.0, 175.0, 1.0, 57.0, 67.0, 31.0, 36.0, 9.0, 31.0, 11.0, 545.0, 11.0, 7.0, 13.0, 19.0, 137.0, 34.0, 134.0, 42.0, 19.0, 98.0, 97.0, 12.0, 30.0, 21.0, 66.0, 163.0, 1.0, 77.0, 6.0, 78.0, 1.0, 6.0, 39.0, 63.0, 12.0, 16.0, 483.0, 50.0, 57.0, 17.0, 26.0, 41.0, 28.0, 707.0, 26.0, 163.0, 59.0, 194.0, 21.0, 23.0, 16.0, 66.0, 273.0, 94.0, 789.0, 341.0, 62.0, 33.0, 197.0, 14.0, 5.0, 3.0, 13.0, 74.0, 12.0, 6.0, 4.0, 12.0, 1.0, 69.0, 22.0, 114.0, 2.0, 12.0, 11.0, 29.0, 493.0, 71.0, 1.0, 17.0, 28.0, 1.0, 338.0, 11.0, 33.0, 27.0, 38.0, 25.0, 753.0, 1.0, 126.0, 36.0, 12.0, 34.0, 15.0, 44.0, 27.0, 20.0, 16.0, 137.0, 7.0, 1.0, 209.0, 253.0, 16.0, 55.0, 63.0, 16.0, 126.0, 6.0, 84.0, 9.0, 95.0, 36.0, 1.0, 82.0, 96.0, 8.0, 1.0, 10.0, 1.0, 105.0, 43.0, 18.0, 22.0, 8.0, 639.0, 71.0, 6.0, 108.0, 24.0, 121.0, 99.0, 1.0, 59.0, 3.0, 164.0, 173.0, 50.0, 24.0, 54.0, 12.0, 4.0, 60.0, 65.0, 126.0, 11.0, 1.0, 11.0, 11.0, 44.0, 10.0, 1.0, 146.0, 20.0, 25.0, 62.0, 27.0, 783.0, 16.0, 6.0, 46.0, 26.0, 17.0, 126.0, 18.0, 6.0, 14.0, 144.0, 7.0, 229.0, 33.0, 25.0, 31.0, 16.0, 1.0, 266.0, 11.0, 23.0, 3.0, 27.0, 60.0, 173.0, 114.0, 269.0, 23.0, 65.0, 168.0, 9.0, 93.0, 28.0, 89.0, 57.0, 1.0, 444.0, 32.0, 786.0, 153.0, 53.0, 15.0, 12.0, 99.0, 20.0, 10.0, 1.0, 237.0, 104.0, 17.0, 98.0, 261.0, 1.0, 79.0, 12.0, 4.0, 4.0, 506.0, 144.0, 76.0, 13.0, 29.0, 18.0, 64.0, 11.0, 22.0, 62.0, 74.0, 65.0, 1.0, 64.0, 1.0, 14.0, 15.0, 67.0, 84.0, 162.0, 6.0, 25.0, 619.0, 36.0, 8.0, 1.0, 15.0, 114.0, 100.0, 47.0, 65.0, 7.0, 8.0, 25.0, 18.0, 1.0, 10.0, 17.0, 89.0, 20.0, 6.0, 79.0, 38.0, 318.0, 77.0, 15.0, 4.0, 6.0, 19.0, 4.0, 33.0, 16.0, 8.0, 13.0, 20.0, 20.0, 76.0, 106.0, 82.0, 11.0, 16.0, 7.0, 4.0, 404.0, 151.0, 13.0, 14.0, 36.0, 212.0, 356.0, 13.0, 11.0, 79.0, 1.0, 13.0, 24.0, 17.0, 147.0, 43.0, 5.0, 51.0, 43.0, 1.0, 399.0, 35.0, 3.0, 21.0, 8.0, 8.0, 1.0, 152.0, 168.0, 8.0, 86.0, 15.0, 29.0, 19.0, 11.0, 93.0, 48.0, 9.0, 19.0, 83.0, 1.0, 233.0, 13.0, 25.0, 15.0, 57.0, 13.0, 17.0, 32.0, 12.0, 11.0, 40.0, 35.0, 4.0, 10.0, 13.0, 7.0, 47.0, 3.0, 135.0, 32.0, 417.0, 232.0, 12.0, 505.0, 14.0, 154.0, 1.0, 2.0, 9.0, 177.0, 31.0, 268.0, 4.0, 13.0, 31.0, 3.0, 33.0, 49.0, 28.0, 545.0, 31.0, 32.0, 5.0, 7.0, 12.0, 1.0, 12.0, 61.0, 1.0, 6.0, 9.0, 85.0, 94.0, 16.0, 9.0, 57.0, 387.0, 11.0, 1.0, 20.0, 15.0, 7.0, 41.0, 637.0, 23.0, 1.0, 46.0, 23.0, 39.0, 91.0, 56.0, 20.0, 1.0, 53.0, 13.0, 83.0, 30.0, 72.0, 76.0, 12.0, 16.0, 318.0, 5.0, 467.0, 45.0, 1.0, 22.0, 67.0, 69.0, 138.0, 1.0, 168.0, 16.0, 20.0, 263.0, 5.0, 53.0, 546.0, 125.0, 4.0, 457.0, 6.0, 59.0, 65.0, 1.0, 13.0, 8.0, 17.0, 55.0, 110.0, 59.0, 22.0, 19.0, 68.0, 28.0, 32.0, 12.0, 24.0, 5.0, 8.0, 21.0, 45.0, 5.0, 57.0, 20.0, 25.0, 39.0, 14.0, 20.0, 147.0, 1.0, 34.0, 127.0, 1.0, 67.0, 549.0, 322.0, 20.0, 10.0, 58.0, 22.0, 22.0, 170.0, 2.0, 268.0, 38.0, 41.0, 1.0, 642.0, 16.0, 33.0, 65.0, 71.0, 24.0, 11.0, 37.0, 12.0, 67.0, 54.0, 37.0, 22.0, 3.0, 579.0, 7.0, 34.0, 23.0, 77.0, 8.0, 323.0, 14.0, 31.0, 6.0, 116.0, 175.0, 11.0, 49.0, 99.0, 32.0, 215.0, 64.0, 18.0, 77.0, 21.0, 66.0, 70.0, 10.0, 44.0, 101.0, 9.0, 1.0, 20.0, 74.0, 2.0, 26.0, 22.0, 16.0, 23.0, 67.0, 116.0, 21.0, 12.0, 81.0, 126.0, 25.0, 8.0, 29.0, 103.0, 39.0, 23.0, 46.0, 14.0, 33.0, 12.0, 55.0, 1.0, 35.0, 425.0, 3.0, 70.0, 111.0, 10.0, 11.0, 50.0, 53.0, 69.0, 1.0, 232.0, 72.0, 50.0, 52.0, 1.0, 6.0, 18.0, 17.0, 1.0, 25.0, 15.0, 160.0, 8.0, 119.0, 9.0, 26.0, 13.0, 38.0, 9.0, 14.0, 27.0, 37.0, 1.0, 37.0, 75.0, 35.0, 21.0, 37.0, 32.0, 24.0, 15.0, 74.0, 107.0, 111.0, 1.0, 37.0, 27.0, 179.0, 2.0, 14.0, 200.0, 113.0, 28.0, 537.0, 20.0, 5.0, 13.0, 534.0, 45.0, 17.0, 165.0, 141.0, 25.0, 35.0, 37.0, 86.0, 134.0, 11.0, 10.0, 12.0, 18.0, 2.0, 251.0, 67.0, 58.0, 1.0, 71.0, 477.0, 105.0, 69.0, 36.0, 2.0, 66.0, 10.0, 29.0, 22.0, 16.0, 37.0, 1.0, 204.0, 1.0, 146.0, 1.0, 31.0, 331.0, 7.0, 59.0, 520.0, 9.0, 63.0, 18.0, 34.0, 1.0, 120.0, 1.0, 1.0, 1.0, 20.0, 32.0, 339.0, 55.0, 21.0, 146.0, 14.0, 103.0, 11.0, 16.0, 10.0, 15.0, 2.0, 120.0, 82.0, 27.0, 1.0, 11.0, 22.0, 1.0, 152.0, 48.0, 1.0, 456.0, 38.0, 7.0, 761.0, 41.0, 15.0, 15.0, 18.0, 1.0, 4.0, 22.0, 5.0, 1.0, 71.0, 109.0, 9.0, 17.0, 8.0, 75.0, 245.0, 106.0, 75.0, 507.0, 6.0, 102.0, 52.0, 11.0, 2.0, 388.0, 68.0, 12.0, 57.0, 4.0, 51.0, 21.0, 174.0, 12.0, 3.0, 92.0, 41.0, 26.0, 9.0, 7.0, 33.0, 365.0, 1.0, 27.0, 35.0, 4.0, 606.0, 13.0, 160.0, 12.0, 8.0, 236.0, 149.0, 47.0, 3.0, 28.0, 14.0, 7.0, 51.0, 36.0, 60.0, 247.0, 11.0, 91.0, 228.0, 16.0, 34.0, 62.0, 13.0, 13.0, 23.0, 25.0, 82.0, 30.0, 24.0, 40.0, 91.0, 6.0, 30.0, 601.0, 12.0, 63.0, 35.0, 88.0, 21.0, 1.0, 28.0, 11.0, 36.0, 27.0, 11.0, 234.0, 19.0, 12.0, 1.0, 34.0, 76.0, 4.0, 36.0, 222.0, 54.0, 62.0, 22.0, 24.0, 10.0, 11.0, 274.0, 40.0, 31.0, 183.0, 143.0, 20.0, 96.0, 39.0, 8.0, 19.0, 19.0, 5.0, 8.0, 40.0, 78.0, 509.0, 1.0, 160.0, 25.0, 46.0, 1.0, 70.0, 22.0, 6.0, 11.0, 23.0, 98.0, 166.0, 31.0, 50.0, 12.0, 13.0, 97.0, 12.0, 26.0, 4.0, 668.0, 5.0, 1.0, 2.0, 129.0, 19.0, 8.0, 12.0, 17.0, 10.0, 140.0, 12.0, 13.0, 15.0, 8.0, 52.0, 1.0, 22.0, 21.0, 358.0, 89.0, 12.0, 30.0, 5.0, 37.0, 22.0, 140.0, 1.0, 3.0, 32.0, 9.0, 34.0, 32.0, 43.0, 28.0, 10.0, 46.0, 565.0, 9.0, 1.0, 1.0, 1.0, 7.0, 231.0, 81.0, 28.0, 93.0, 12.0, 16.0, 8.0, 162.0, 551.0, 116.0, 1.0, 32.0, 422.0, 1.0, 22.0, 59.0, 66.0, 19.0, 68.0, 61.0, 25.0, 229.0, 273.0, 77.0, 1.0, 674.0, 44.0, 13.0, 95.0, 184.0, 37.0, 1.0, 18.0, 92.0, 11.0, 12.0, 16.0, 11.0, 89.0, 1.0, 34.0, 225.0, 10.0, 12.0, 131.0, 518.0, 206.0, 28.0, 8.0, 2.0, 34.0, 7.0, 1.0, 13.0, 17.0, 236.0, 1.0, 471.0, 1.0, 49.0, 1.0, 4.0, 196.0, 20.0, 38.0, 41.0, 4.0, 119.0, 1.0, 1.0, 144.0, 114.0, 137.0, 14.0, 13.0, 33.0, 61.0, 38.0, 16.0, 6.0, 45.0, 13.0, 6.0, 16.0, 10.0, 23.0, 42.0, 17.0, 714.0, 1.0, 152.0, 16.0, 6.0, 1.0, 17.0, 27.0, 24.0, 3.0, 179.0, 1.0, 38.0, 18.0, 204.0, 1.0, 19.0, 117.0, 213.0, 55.0, 448.0, 13.0, 27.0, 140.0, 10.0, 8.0, 12.0, 158.0, 173.0, 39.0, 28.0, 26.0, 2.0, 80.0, 17.0, 50.0, 6.0, 563.0, 14.0, 25.0, 128.0, 1.0, 190.0, 41.0, 24.0, 1.0, 56.0, 2.0, 69.0, 16.0, 6.0, 25.0, 39.0, 1.0, 34.0, 55.0, 446.0, 216.0, 513.0, 19.0, 44.0, 95.0, 1.0, 38.0, 106.0, 1.0, 44.0, 348.0, 35.0, 32.0, 11.0, 60.0, 135.0, 2.0, 37.0, 1.0, 78.0, 33.0, 127.0, 1.0, 21.0, 37.0, 476.0, 43.0, 7.0, 752.0, 23.0, 203.0, 141.0, 45.0, 17.0, 65.0, 13.0, 182.0, 1.0, 41.0, 7.0, 65.0, 1.0, 11.0, 72.0, 7.0, 221.0, 6.0, 57.0, 55.0, 14.0, 67.0, 1.0, 360.0, 5.0, 79.0, 64.0, 63.0, 1.0, 44.0, 229.0, 1.0, 91.0, 195.0, 173.0, 131.0, 22.0, 19.0, 37.0, 24.0, 16.0, 400.0, 168.0, 42.0, 270.0, 7.0, 37.0, 540.0, 2.0, 30.0, 52.0, 12.0, 26.0, 33.0, 11.0, 87.0, 8.0, 5.0, 50.0, 13.0, 638.0, 57.0, 25.0, 43.0, 294.0, 13.0, 1.0, 13.0, 60.0, 23.0, 167.0, 1.0, 49.0, 10.0, 51.0, 3.0, 6.0, 16.0, 11.0, 14.0, 23.0, 347.0, 1.0, 10.0, 239.0, 189.0, 1.0, 63.0, 9.0, 12.0, 4.0, 13.0, 52.0, 19.0, 22.0, 21.0, 1.0, 107.0, 4.0, 7.0, 443.0, 148.0, 137.0, 56.0, 11.0, 193.0, 110.0, 12.0, 3.0, 36.0, 19.0, 20.0, 33.0, 181.0, 1.0, 1.0, 10.0, 459.0, 109.0, 1.0, 43.0, 268.0, 8.0, 509.0, 53.0, 68.0, 31.0, 72.0, 11.0, 24.0, 50.0, 2.0, 1.0, 30.0, 572.0, 51.0, 1.0, 600.0, 1.0, 1.0, 181.0, 55.0, 123.0, 5.0, 1.0, 18.0, 152.0, 11.0, 12.0, 24.0, 25.0, 16.0, 500.0, 85.0, 24.0, 1.0, 137.0, 1.0, 2.0, 13.0, 37.0, 271.0, 35.0, 40.0, 8.0, 12.0, 143.0, 40.0, 184.0, 91.0, 15.0, 43.0, 27.0, 68.0, 277.0, 6.0, 1.0, 12.0, 7.0, 37.0, 11.0, 41.0, 7.0, 12.0, 10.0, 19.0, 6.0, 210.0, 43.0, 35.0, 5.0, 66.0, 16.0, 2.0, 11.0, 47.0, 71.0, 129.0, 3.0, 22.0, 66.0, 1.0, 13.0, 1.0, 45.0, 205.0, 12.0, 7.0, 7.0, 79.0, 20.0, 1.0, 115.0, 29.0, 23.0, 220.0, 21.0, 6.0, 65.0, 488.0, 180.0, 131.0, 8.0, 1.0, 136.0, 10.0, 2.0, 25.0, 22.0, 33.0, 18.0, 2.0, 12.0, 29.0, 1.0, 44.0, 16.0, 14.0, 262.0, 1.0, 15.0, 3.0, 14.0, 49.0, 1.0, 55.0, 18.0, 3.0, 59.0, 7.0, 30.0, 76.0, 163.0, 12.0, 365.0, 19.0, 11.0, 8.0, 33.0, 7.0, 23.0, 2.0, 28.0, 1.0, 142.0, 23.0, 10.0, 188.0, 9.0, 11.0, 3.0, 28.0, 66.0, 2.0, 12.0, 64.0, 51.0, 8.0, 1.0, 48.0, 429.0, 25.0, 116.0, 60.0, 28.0, 39.0, 17.0, 33.0, 8.0, 193.0, 9.0, 20.0, 17.0, 71.0, 47.0, 44.0, 219.0, 42.0, 93.0, 9.0, 711.0, 12.0, 10.0, 33.0, 50.0, 1.0, 73.0, 1.0, 26.0, 74.0, 118.0, 53.0, 25.0, 10.0, 361.0, 52.0, 1.0, 96.0, 143.0, 57.0, 26.0, 153.0, 48.0, 11.0, 54.0, 11.0, 14.0, 15.0, 106.0, 43.0, 65.0, 28.0, 61.0, 13.0, 33.0, 66.0, 85.0, 19.0, 146.0, 7.0, 269.0, 13.0, 21.0, 104.0, 4.0, 32.0, 27.0, 47.0, 7.0, 37.0, 125.0, 36.0, 303.0, 49.0, 35.0, 666.0, 1.0, 27.0, 29.0, 239.0, 24.0, 50.0, 12.0, 3.0, 24.0, 113.0, 8.0, 119.0, 1.0, 41.0, 1.0, 101.0, 180.0, 391.0, 75.0, 26.0, 6.0, 159.0, 133.0, 147.0, 42.0, 23.0, 68.0, 12.0, 8.0, 2.0, 12.0, 23.0, 5.0, 2.0, 12.0, 267.0, 20.0, 34.0, 61.0, 184.0, 83.0, 3.0, 8.0, 61.0, 96.0, 23.0, 1.0, 1.0, 24.0, 345.0, 26.0, 7.0, 342.0, 42.0, 127.0, 1.0, 29.0, 26.0, 182.0, 1.0, 35.0, 1.0, 29.0, 48.0, 34.0, 9.0, 1.0, 212.0, 9.0, 5.0, 5.0, 29.0, 23.0, 194.0, 16.0, 5.0, 633.0, 1.0, 19.0, 43.0, 169.0, 3.0, 9.0, 88.0, 26.0, 198.0, 93.0, 20.0, 27.0, 428.0, 94.0, 92.0, 31.0, 469.0, 130.0, 10.0, 4.0, 72.0, 7.0, 17.0, 1.0, 1.0, 23.0, 451.0, 2.0, 514.0, 44.0, 79.0, 29.0, 1.0, 125.0, 108.0, 8.0, 15.0, 11.0, 20.0, 129.0, 98.0, 41.0, 1.0, 197.0, 30.0, 6.0, 65.0, 5.0, 123.0, 36.0, 60.0, 108.0, 39.0, 188.0, 7.0, 14.0, 172.0, 7.0, 60.0, 139.0, 59.0, 16.0, 24.0, 31.0, 10.0, 304.0, 7.0, 17.0, 209.0, 102.0, 2.0, 205.0, 117.0, 139.0, 10.0, 189.0, 131.0, 3.0, 28.0, 40.0, 60.0, 5.0, 73.0, 9.0, 30.0, 9.0, 227.0, 39.0, 23.0, 54.0, 1.0, 47.0, 16.0, 26.0, 57.0, 22.0, 7.0, 39.0, 1.0, 24.0, 85.0, 11.0, 11.0, 8.0, 84.0, 170.0, 46.0, 422.0, 3.0, 81.0, 475.0, 33.0, 110.0, 7.0, 161.0, 31.0, 412.0, 11.0, 155.0, 3.0, 40.0, 1.0, 224.0, 8.0, 5.0, 1.0, 22.0, 1.0, 19.0, 13.0, 2.0, 9.0, 34.0, 1.0, 26.0, 16.0, 514.0, 78.0, 15.0, 4.0, 23.0, 126.0, 17.0, 5.0, 7.0, 22.0, 42.0, 26.0, 69.0, 1.0, 275.0, 31.0, 7.0, 1.0, 102.0, 13.0, 134.0, 12.0, 31.0, 43.0, 6.0, 11.0, 22.0, 11.0, 151.0, 23.0, 5.0, 5.0, 32.0, 20.0, 58.0, 9.0, 309.0, 87.0, 1.0, 1.0, 22.0, 468.0, 141.0, 139.0, 245.0, 62.0, 43.0, 110.0, 97.0, 11.0, 11.0, 6.0, 1.0, 15.0, 95.0, 5.0, 59.0, 161.0, 11.0, 51.0, 62.0, 1.0, 51.0, 55.0, 18.0, 33.0, 5.0, 24.0, 78.0, 21.0, 19.0, 11.0, 465.0, 12.0, 12.0, 5.0, 11.0, 7.0, 16.0, 34.0, 66.0, 15.0, 4.0, 42.0, 91.0, 69.0, 24.0, 15.0, 5.0, 33.0, 38.0, 63.0, 158.0, 20.0, 58.0, 1.0, 693.0, 57.0, 13.0, 1.0, 19.0, 24.0, 86.0, 3.0, 16.0, 3.0, 16.0, 86.0, 1.0, 32.0, 15.0, 1.0, 7.0, 45.0, 217.0, 25.0, 138.0, 16.0, 3.0, 58.0, 17.0, 1.0, 31.0, 7.0, 1.0, 2.0, 12.0, 1.0, 2.0, 12.0, 27.0, 28.0, 85.0, 22.0, 11.0, 24.0, 45.0, 67.0, 35.0, 412.0, 1.0, 33.0, 336.0, 174.0, 374.0, 27.0, 39.0, 14.0, 108.0, 85.0, 164.0, 24.0, 112.0, 43.0, 5.0, 17.0, 4.0, 257.0, 11.0, 523.0, 14.0, 67.0, 31.0, 5.0, 13.0, 10.0, 52.0, 2.0, 10.0, 229.0, 22.0, 71.0, 286.0, 27.0, 52.0, 43.0, 40.0, 55.0, 298.0, 115.0, 21.0, 88.0, 14.0, 82.0, 83.0, 22.0, 7.0, 5.0, 220.0, 8.0, 1.0, 1.0, 240.0, 599.0, 1.0, 1.0, 7.0, 144.0, 133.0, 2.0, 8.0, 18.0, 55.0, 17.0, 193.0, 69.0, 102.0, 25.0, 6.0, 111.0, 14.0, 2.0, 92.0, 48.0, 60.0, 37.0, 68.0, 13.0, 23.0, 23.0, 187.0, 56.0, 26.0, 77.0, 1.0, 47.0, 1.0, 149.0, 1.0, 168.0, 56.0, 213.0, 283.0, 43.0, 84.0, 157.0, 128.0, 28.0, 32.0, 22.0, 31.0, 8.0, 15.0, 31.0, 15.0, 334.0, 8.0, 1.0, 7.0, 81.0, 211.0, 6.0, 22.0, 119.0, 135.0, 19.0, 8.0, 131.0, 15.0, 89.0, 42.0, 20.0, 37.0, 111.0, 300.0, 13.0, 36.0, 55.0, 16.0, 643.0, 161.0, 15.0, 74.0, 50.0, 145.0, 19.0, 22.0, 206.0, 18.0, 17.0, 1.0, 1.0, 77.0, 367.0, 28.0, 1.0, 10.0, 1.0, 34.0, 23.0, 53.0, 6.0, 11.0, 119.0, 14.0, 16.0, 8.0, 3.0, 12.0, 10.0, 11.0, 8.0, 5.0, 9.0, 129.0, 27.0, 64.0, 20.0, 68.0, 17.0, 18.0, 30.0, 84.0, 84.0, 71.0, 89.0, 9.0, 7.0, 47.0, 52.0, 1.0, 279.0, 32.0, 3.0, 211.0, 27.0, 29.0, 6.0, 24.0, 6.0, 27.0, 22.0, 11.0, 230.0, 646.0, 33.0, 1.0, 27.0, 21.0, 57.0, 271.0, 67.0, 30.0, 70.0, 12.0, 22.0, 11.0, 19.0, 7.0, 22.0, 37.0, 476.0, 58.0, 54.0, 95.0, 2.0, 49.0, 54.0, 282.0, 124.0, 103.0, 41.0, 379.0, 16.0, 107.0, 462.0, 77.0, 42.0, 50.0, 27.0, 103.0, 21.0, 135.0, 283.0, 8.0, 1.0, 72.0, 1.0, 10.0, 1.0, 76.0, 14.0, 51.0, 33.0, 98.0, 33.0, 35.0, 33.0, 68.0, 77.0, 115.0, 7.0, 8.0, 1.0, 192.0, 55.0, 20.0, 18.0, 30.0, 37.0, 111.0, 274.0, 15.0, 39.0, 34.0, 126.0, 243.0, 50.0, 469.0, 68.0, 56.0, 104.0, 6.0, 102.0, 26.0, 10.0, 60.0, 48.0, 27.0, 23.0, 24.0, 23.0, 25.0, 58.0, 6.0, 357.0, 9.0, 14.0, 92.0, 41.0, 24.0, 581.0, 97.0, 18.0, 166.0, 119.0, 41.0, 81.0, 1.0, 71.0, 190.0, 8.0, 474.0, 69.0, 38.0, 121.0, 395.0, 17.0, 61.0, 12.0, 4.0, 31.0, 11.0, 45.0, 11.0, 24.0, 13.0, 6.0, 1.0, 24.0, 14.0, 3.0, 81.0, 23.0, 612.0, 1.0, 8.0, 12.0, 8.0, 1.0, 19.0, 524.0, 31.0, 1.0, 7.0, 252.0, 13.0, 34.0, 72.0, 51.0, 7.0, 66.0, 218.0, 29.0, 92.0, 14.0, 23.0, 25.0, 193.0, 14.0, 48.0, 10.0, 12.0, 24.0, 104.0, 14.0, 19.0, 15.0, 24.0, 28.0, 1.0, 1.0, 1.0, 16.0, 43.0, 58.0, 19.0, 11.0, 54.0, 37.0, 9.0, 199.0, 8.0, 23.0, 12.0, 7.0, 143.0, 127.0, 71.0, 84.0, 22.0, 16.0, 10.0, 7.0, 177.0, 12.0, 13.0, 1.0, 2.0, 10.0, 46.0, 25.0, 14.0, 57.0, 102.0, 42.0, 20.0, 144.0, 1.0, 24.0, 1.0, 1.0, 42.0, 6.0, 35.0, 6.0, 55.0, 26.0, 1.0, 39.0, 81.0, 267.0, 97.0, 41.0, 21.0, 585.0, 7.0, 248.0, 3.0, 2.0, 139.0, 19.0, 18.0, 12.0, 20.0, 3.0, 75.0, 61.0, 1.0, 1.0, 419.0, 95.0, 15.0, 21.0, 72.0, 13.0, 78.0, 27.0, 5.0, 31.0, 21.0, 487.0, 354.0, 35.0, 21.0, 7.0, 36.0, 15.0, 11.0, 60.0, 5.0, 104.0, 23.0, 51.0, 45.0, 4.0, 134.0, 58.0, 25.0, 51.0, 8.0, 34.0, 24.0, 104.0, 81.0, 234.0, 29.0, 199.0, 1.0, 7.0, 13.0, 63.0, 23.0, 6.0, 17.0, 38.0, 26.0, 22.0, 42.0, 16.0, 93.0, 10.0, 34.0, 1.0, 1.0, 32.0, 15.0, 27.0, 65.0, 53.0, 1.0, 205.0, 144.0, 31.0, 12.0, 157.0, 10.0, 32.0, 133.0, 55.0, 140.0, 18.0, 78.0, 140.0, 303.0, 188.0, 626.0, 5.0, 170.0, 147.0, 26.0, 14.0, 12.0, 18.0, 9.0, 13.0, 183.0, 17.0, 16.0, 11.0, 171.0, 1.0, 68.0, 398.0, 17.0, 141.0, 26.0, 174.0, 13.0, 22.0, 24.0, 25.0, 40.0, 340.0, 22.0, 259.0, 75.0, 21.0, 41.0, 340.0, 24.0, 1.0, 26.0, 43.0, 15.0, 28.0, 5.0, 16.0, 51.0, 4.0, 16.0, 8.0, 22.0, 6.0, 20.0, 21.0, 1.0, 494.0, 27.0, 1.0, 99.0, 70.0, 64.0, 55.0, 49.0, 33.0, 19.0, 173.0, 6.0, 126.0, 120.0, 28.0, 1.0, 8.0, 25.0, 51.0, 150.0, 115.0, 10.0, 15.0, 227.0, 40.0, 19.0, 11.0, 47.0, 17.0, 54.0, 33.0, 22.0, 1.0, 251.0, 56.0, 575.0, 66.0, 505.0, 9.0, 163.0, 7.0, 115.0, 17.0, 21.0, 10.0, 116.0, 20.0, 7.0, 120.0, 15.0, 28.0, 293.0, 28.0, 519.0, 7.0, 16.0, 14.0, 21.0, 10.0, 2.0, 8.0, 26.0, 23.0, 11.0, 20.0, 17.0, 1.0, 36.0, 38.0, 48.0, 40.0, 88.0, 6.0, 44.0, 146.0, 22.0, 5.0, 7.0, 7.0, 19.0, 121.0, 14.0, 24.0, 48.0, 5.0, 1.0, 26.0, 11.0, 557.0, 9.0, 18.0, 6.0, 554.0, 270.0, 16.0, 119.0, 15.0, 37.0, 70.0, 1.0, 64.0, 35.0, 56.0, 30.0, 18.0, 1.0, 12.0, 123.0, 11.0, 9.0, 688.0, 25.0, 1.0, 3.0, 170.0, 99.0, 15.0, 15.0, 58.0, 1.0, 24.0, 205.0, 47.0, 13.0, 16.0, 161.0, 7.0, 209.0, 33.0, 157.0, 487.0] 

total times  [11.0, 93.0, 34.0, 12.0, 43.0, 1.0, 21.0, 117.0, 55.0, 8.0, 9.0, 2.0, 57.0, 26.0, 51.0, 60.0, 4.0, 707.0, 38.0, 29.0, 7.0, 108.0, 178.0, 2.0, 29.0, 8.0, 82.0, 19.0, 6.0, 1.0, 75.0, 155.0, 23.0, 10.0, 177.0, 62.0, 22.0, 36.0, 66.0, 7.0, 20.0, 24.0, 18.0, 406.0, 149.0, 45.0, 9.0, 24.0, 7.0, 123.0, 9.0, 10.0, 32.0, 22.0, 78.0, 50.0, 7.0, 135.0, 18.0, 56.0, 19.0, 16.0, 98.0, 9.0, 5.0, 23.0, 12.0, 10.0, 787.0, 92.0, 51.0, 21.0, 28.0, 44.0, 329.0, 8.0, 20.0, 19.0, 20.0, 4.0, 17.0, 15.0, 36.0, 5.0, 36.0, 1.0, 13.0, 36.0, 10.0, 6.0, 20.0, 9.0, 25.0, 64.0, 2.0, 5.0, 29.0, 158.0, 19.0, 26.0, 4.0, 29.0, 10.0, 61.0, 186.0, 30.0, 6.0, 5.0, 8.0, 595.0, 35.0, 13.0, 10.0, 33.0, 11.0, 20.0, 89.0, 11.0, 11.0, 4.0, 28.0, 54.0, 104.0, 44.0, 12.0, 13.0, 57.0, 10.0, 13.0, 230.0, 69.0, 19.0, 232.0, 12.0, 22.0, 6.0, 42.0, 37.0, 32.0, 89.0, 531.0, 43.0, 36.0, 24.0, 8.0, 190.0, 12.0, 8.0, 3.0, 75.0, 15.0, 29.0, 91.0, 57.0, 17.0, 82.0, 15.0, 51.0, 26.0, 8.0, 5.0, 115.0, 15.0, 177.0, 2.0, 42.0, 35.0, 13.0, 36.0, 5.0, 40.0, 382.0, 26.0, 21.0, 29.0, 22.0, 7.0, 271.0, 118.0, 31.0, 121.0, 1.0, 73.0, 5.0, 19.0, 97.0, 10.0, 114.0, 20.0, 15.0, 50.0, 20.0, 20.0, 195.0, 11.0, 133.0, 222.0, 15.0, 5.0, 3.0, 94.0, 5.0, 164.0, 61.0, 191.0, 43.0, 9.0, 10.0, 9.0, 16.0, 27.0, 105.0, 63.0, 1.0, 262.0, 30.0, 556.0, 27.0, 8.0, 47.0, 40.0, 111.0, 48.0, 683.0, 96.0, 165.0, 8.0, 1.0, 50.0, 14.0, 166.0, 37.0, 1.0, 63.0, 24.0, 25.0, 28.0, 114.0, 2.0, 22.0, 16.0, 14.0, 381.0, 21.0, 12.0, 21.0, 13.0, 3.0, 87.0, 67.0, 7.0, 32.0, 90.0, 115.0, 468.0, 15.0, 117.0, 8.0, 56.0, 42.0, 18.0, 22.0, 30.0, 4.0, 68.0, 20.0, 10.0, 49.0, 3.0, 8.0, 829.0, 9.0, 673.0, 9.0, 11.0, 70.0, 10.0, 37.0, 226.0, 3.0, 5.0, 22.0, 22.0, 13.0, 68.0, 39.0, 32.0, 37.0, 79.0, 8.0, 158.0, 49.0, 9.0, 4.0, 17.0, 50.0, 40.0, 171.0, 118.0, 28.0, 11.0, 8.0, 24.0, 13.0, 17.0, 20.0, 20.0, 26.0, 35.0, 10.0, 719.0, 6.0, 38.0, 35.0, 14.0, 131.0, 45.0, 3.0, 10.0, 181.0, 11.0, 19.0, 27.0, 16.0, 20.0, 6.0, 9.0, 10.0, 22.0, 8.0, 66.0, 134.0, 11.0, 38.0, 7.0, 343.0, 23.0, 46.0, 12.0, 4.0, 22.0, 8.0, 2.0, 44.0, 32.0, 9.0, 144.0, 43.0, 270.0, 2.0, 57.0, 69.0, 22.0, 43.0, 60.0, 75.0, 103.0, 23.0, 172.0, 10.0, 72.0, 15.0, 61.0, 21.0, 474.0, 5.0, 63.0, 102.0, 48.0, 2.0, 15.0, 423.0, 142.0, 24.0, 10.0, 1.0, 186.0, 9.0, 34.0, 7.0, 7.0, 26.0, 129.0, 2.0, 13.0, 40.0, 120.0, 6.0, 58.0, 122.0, 15.0, 13.0, 28.0, 46.0, 116.0, 30.0, 39.0, 3.0, 14.0, 45.0, 690.0, 116.0, 187.0, 32.0, 35.0, 6.0, 44.0, 23.0, 7.0, 47.0, 22.0, 19.0, 13.0, 71.0, 196.0, 16.0, 172.0, 10.0, 5.0, 37.0, 3.0, 37.0, 26.0, 12.0, 71.0, 13.0, 6.0, 597.0, 11.0, 537.0, 21.0, 17.0, 51.0, 32.0, 23.0, 2.0, 14.0, 49.0, 28.0, 18.0, 17.0, 113.0, 9.0, 30.0, 6.0, 4.0, 68.0, 4.0, 54.0, 94.0, 30.0, 232.0, 19.0, 4.0, 27.0, 13.0, 140.0, 95.0, 8.0, 29.0, 124.0, 15.0, 55.0, 60.0, 20.0, 17.0, 8.0, 26.0, 11.0, 6.0, 5.0, 68.0, 58.0, 9.0, 12.0, 2.0, 24.0, 23.0, 59.0, 78.0, 3.0, 64.0, 138.0, 18.0, 5.0, 5.0, 292.0, 126.0, 11.0, 4.0, 10.0, 47.0, 16.0, 89.0, 28.0, 15.0, 33.0, 21.0, 6.0, 126.0, 28.0, 13.0, 12.0, 6.0, 52.0, 13.0, 13.0, 224.0, 94.0, 9.0, 73.0, 245.0, 5.0, 20.0, 217.0, 84.0, 122.0, 1.0, 4.0, 65.0, 13.0, 16.0, 7.0, 180.0, 27.0, 35.0, 39.0, 16.0, 17.0, 19.0, 67.0, 9.0, 116.0, 45.0, 2.0, 153.0, 7.0, 10.0, 186.0, 31.0, 5.0, 62.0, 67.0, 53.0, 66.0, 11.0, 50.0, 21.0, 18.0, 8.0, 15.0, 8.0, 10.0, 546.0, 1.0, 11.0, 3.0, 15.0, 7.0, 17.0, 14.0, 11.0, 14.0, 21.0, 7.0, 147.0, 38.0, 22.0, 158.0, 90.0, 23.0, 100.0, 126.0, 12.0, 71.0, 35.0, 16.0, 38.0, 66.0, 184.0, 69.0, 7.0, 77.0, 24.0, 78.0, 25.0, 11.0, 42.0, 92.0, 22.0, 33.0, 486.0, 78.0, 77.0, 40.0, 29.0, 55.0, 53.0, 752.0, 26.0, 178.0, 69.0, 19.0, 204.0, 47.0, 5.0, 50.0, 10.0, 10.0, 20.0, 1.0, 12.0, 27.0, 70.0, 294.0, 20.0, 115.0, 3.0, 11.0, 809.0, 16.0, 6.0, 356.0, 66.0, 33.0, 6.0, 199.0, 44.0, 61.0, 33.0, 35.0, 9.0, 13.0, 22.0, 9.0, 20.0, 77.0, 12.0, 10.0, 23.0, 12.0, 40.0, 69.0, 25.0, 9.0, 124.0, 32.0, 11.0, 39.0, 8.0, 10.0, 22.0, 16.0, 5.0, 11.0, 30.0, 3.0, 7.0, 33.0, 523.0, 18.0, 6.0, 93.0, 22.0, 32.0, 39.0, 21.0, 4.0, 4.0, 12.0, 5.0, 26.0, 6.0, 338.0, 7.0, 30.0, 37.0, 1.0, 48.0, 48.0, 35.0, 779.0, 6.0, 1.0, 44.0, 171.0, 27.0, 98.0, 48.0, 51.0, 18.0, 67.0, 57.0, 22.0, 32.0, 176.0, 14.0, 27.0, 16.0, 1.0, 209.0, 13.0, 292.0, 17.0, 45.0, 55.0, 95.0, 17.0, 78.0, 171.0, 8.0, 9.0, 84.0, 53.0, 28.0, 95.0, 61.0, 25.0, 38.0, 117.0, 102.0, 35.0, 16.0, 8.0, 65.0, 16.0, 8.0, 40.0, 31.0, 137.0, 94.0, 18.0, 12.0, 24.0, 43.0, 668.0, 104.0, 6.0, 37.0, 113.0, 28.0, 141.0, 2.0, 122.0, 19.0, 62.0, 9.0, 19.0, 27.0, 6.0, 45.0, 197.0, 26.0, 22.0, 212.0, 12.0, 50.0, 29.0, 8.0, 19.0, 9.0, 60.0, 56.0, 32.0, 86.0, 1.0, 101.0, 106.0, 164.0, 14.0, 7.0, 21.0, 11.0, 42.0, 16.0, 27.0, 11.0, 11.0, 18.0, 136.0, 10.0, 23.0, 3.0, 86.0, 10.0, 150.0, 16.0, 21.0, 10.0, 83.0, 6.0, 62.0, 64.0, 2.0, 6.0, 820.0, 9.0, 16.0, 10.0, 8.0, 82.0, 30.0, 84.0, 23.0, 18.0, 17.0, 130.0, 43.0, 48.0, 10.0, 22.0, 145.0, 15.0, 15.0, 242.0, 36.0, 8.0, 34.0, 53.0, 12.0, 81.0, 4.0, 14.0, 435.0, 14.0, 3.0, 27.0, 7.0, 30.0, 83.0, 10.0, 177.0, 12.0, 115.0, 271.0, 20.0, 11.0, 21.0, 39.0, 74.0, 179.0, 39.0, 121.0, 80.0, 89.0, 58.0, 5.0, 451.0, 36.0, 793.0, 10.0, 6.0, 11.0, 23.0, 27.0, 4.0, 19.0, 162.0, 91.0, 16.0, 12.0, 138.0, 20.0, 12.0, 10.0, 10.0, 11.0, 7.0, 255.0, 160.0, 26.0, 126.0, 275.0, 19.0, 95.0, 41.0, 38.0, 23.0, 506.0, 148.0, 106.0, 15.0, 1.0, 2.0, 14.0, 37.0, 29.0, 21.0, 97.0, 2.0, 10.0, 15.0, 26.0, 99.0, 10.0, 74.0, 74.0, 5.0, 2.0, 82.0, 3.0, 6.0, 27.0, 15.0, 35.0, 7.0, 71.0, 86.0, 205.0, 2.0, 10.0, 64.0, 11.0, 644.0, 9.0, 37.0, 10.0, 1.0, 15.0, 139.0, 10.0, 102.0, 11.0, 38.0, 80.0, 67.0, 5.0, 5.0, 7.0, 10.0, 28.0, 26.0, 5.0, 26.0, 5.0, 35.0, 45.0, 54.0, 2.0, 12.0, 93.0, 23.0, 5.0, 7.0, 23.0, 204.0, 77.0, 318.0, 158.0, 34.0, 44.0, 6.0, 19.0, 17.0, 38.0, 16.0, 12.0, 44.0, 41.0, 30.0, 8.0, 82.0, 127.0, 82.0, 30.0, 18.0, 39.0, 5.0, 10.0, 441.0, 4.0, 67.0, 5.0, 8.0, 3.0, 5.0, 156.0, 14.0, 22.0, 16.0, 57.0, 8.0, 215.0, 16.0, 17.0, 23.0, 3.0, 102.0, 21.0, 13.0, 24.0, 2.0, 19.0, 196.0, 47.0, 13.0, 55.0, 45.0, 10.0, 11.0, 10.0, 461.0, 37.0, 1.0, 22.0, 36.0, 55.0, 9.0, 19.0, 2.0, 12.0, 44.0, 21.0, 169.0, 187.0, 11.0, 29.0, 116.0, 6.0, 105.0, 81.0, 3.0, 5.0, 25.0, 19.0, 13.0, 112.0, 85.0, 10.0, 37.0, 8.0, 97.0, 25.0, 9.0, 237.0, 17.0, 61.0, 9.0, 25.0, 11.0, 57.0, 1.0, 22.0, 9.0, 17.0, 41.0, 15.0, 65.0, 59.0, 37.0, 2.0, 75.0, 35.0, 8.0, 44.0, 3.0, 15.0, 32.0, 9.0, 10.0, 93.0, 8.0, 8.0, 24.0, 138.0, 50.0, 9.0, 463.0, 260.0, 9.0, 47.0, 505.0, 16.0, 20.0, 9.0, 191.0, 43.0, 19.0, 16.0, 2.0, 33.0, 8.0, 7.0, 191.0, 34.0, 8.0, 2.0, 2.0, 323.0, 7.0, 16.0, 31.0, 38.0, 35.0, 49.0, 82.0, 582.0, 33.0, 38.0, 9.0, 9.0, 27.0, 6.0, 10.0, 12.0, 19.0, 17.0, 6.0, 61.0, 29.0, 15.0, 8.0, 11.0, 113.0, 95.0, 19.0, 28.0, 77.0, 7.0, 387.0, 14.0, 38.0, 30.0, 2.0, 30.0, 15.0, 15.0, 60.0, 641.0, 47.0, 1.0, 10.0, 49.0, 66.0, 23.0, 9.0, 42.0, 172.0, 114.0, 11.0, 11.0, 20.0, 47.0, 43.0, 63.0, 59.0, 84.0, 5.0, 36.0, 72.0, 14.0, 91.0, 9.0, 34.0, 56.0, 339.0, 7.0, 85.0, 476.0, 48.0, 13.0, 3.0, 2.0, 22.0, 74.0, 24.0, 88.0, 218.0, 21.0, 170.0, 10.0, 46.0, 6.0, 16.0, 37.0, 317.0, 6.0, 8.0, 8.0, 6.0, 84.0, 6.0, 550.0, 125.0, 17.0, 501.0, 2.0, 10.0, 59.0, 28.0, 5.0, 9.0, 68.0, 33.0, 7.0, 11.0, 7.0, 17.0, 116.0, 8.0, 91.0, 89.0, 19.0, 110.0, 3.0, 5.0, 59.0, 26.0, 7.0, 23.0, 89.0, 28.0, 6.0, 10.0, 84.0, 14.0, 28.0, 9.0, 19.0, 15.0, 8.0, 48.0, 82.0, 6.0, 98.0, 52.0, 41.0, 48.0, 30.0, 5.0, 31.0, 8.0, 210.0, 9.0, 19.0, 13.0, 4.0, 37.0, 9.0, 150.0, 9.0, 7.0, 12.0, 8.0, 67.0, 8.0, 584.0, 37.0, 9.0, 339.0, 26.0, 5.0, 10.0, 16.0, 92.0, 24.0, 24.0, 22.0, 173.0, 9.0, 3.0, 104.0, 20.0, 6.0, 272.0, 75.0, 44.0, 35.0, 671.0, 22.0, 35.0, 20.0, 13.0, 10.0, 10.0, 6.0, 37.0, 89.0, 10.0, 93.0, 15.0, 46.0, 15.0, 37.0, 16.0, 1.0, 17.0, 6.0, 9.0, 102.0, 18.0, 9.0, 3.0, 78.0, 38.0, 40.0, 30.0, 9.0, 581.0, 4.0, 7.0, 72.0, 31.0, 102.0, 46.0, 327.0, 17.0, 57.0, 9.0, 9.0, 132.0, 93.0, 313.0, 39.0, 1.0, 11.0, 51.0, 131.0, 15.0, 10.0, 63.0, 10.0, 215.0, 4.0, 94.0, 42.0, 85.0, 20.0, 19.0, 23.0, 43.0, 6.0, 25.0, 69.0, 8.0, 70.0, 36.0, 14.0, 48.0, 103.0, 28.0, 27.0, 22.0, 10.0, 18.0, 30.0, 8.0, 6.0, 1.0, 110.0, 15.0, 6.0, 3.0, 29.0, 26.0, 24.0, 72.0, 10.0, 9.0, 23.0, 93.0, 116.0, 10.0, 21.0, 12.0, 33.0, 11.0, 10.0, 21.0, 14.0, 114.0, 126.0, 25.0, 5.0, 2.0, 15.0, 12.0, 29.0, 11.0, 9.0, 9.0, 13.0, 125.0, 39.0, 41.0, 64.0, 25.0, 18.0, 11.0, 74.0, 31.0, 57.0, 32.0, 52.0, 9.0, 43.0, 463.0, 11.0, 70.0, 113.0, 11.0, 15.0, 8.0, 56.0, 17.0, 8.0, 50.0, 58.0, 22.0, 88.0, 10.0, 253.0, 74.0, 8.0, 93.0, 55.0, 21.0, 24.0, 41.0, 17.0, 7.0, 5.0, 44.0, 93.0, 12.0, 19.0, 3.0, 3.0, 203.0, 8.0, 126.0, 29.0, 29.0, 3.0, 9.0, 68.0, 15.0, 23.0, 1.0, 41.0, 9.0, 18.0, 111.0, 13.0, 20.0, 56.0, 98.0, 16.0, 16.0, 19.0, 22.0, 28.0, 9.0, 57.0, 97.0, 35.0, 47.0, 16.0, 11.0, 20.0, 99.0, 73.0, 10.0, 60.0, 15.0, 78.0, 138.0, 161.0, 21.0, 48.0, 18.0, 30.0, 199.0, 9.0, 11.0, 2.0, 22.0, 10.0, 20.0, 234.0, 155.0, 28.0, 570.0, 38.0, 16.0, 2.0, 45.0, 37.0, 8.0, 8.0, 58.0, 45.0, 534.0, 45.0, 8.0, 131.0, 184.0, 160.0, 9.0, 44.0, 76.0, 39.0, 28.0, 108.0, 20.0, 25.0, 134.0, 6.0, 28.0, 19.0, 21.0, 14.0, 12.0, 15.0, 22.0, 6.0, 253.0, 85.0, 62.0, 19.0, 71.0, 478.0, 20.0, 130.0, 3.0, 69.0, 15.0, 67.0, 22.0, 2.0, 20.0, 10.0, 106.0, 27.0, 34.0, 23.0, 42.0, 43.0, 82.0, 27.0, 298.0, 5.0, 29.0, 255.0, 62.0, 1.0, 32.0, 331.0, 11.0, 61.0, 623.0, 2.0, 24.0, 9.0, 55.0, 9.0, 55.0, 13.0, 65.0, 51.0, 4.0, 18.0, 36.0, 21.0, 172.0, 8.0, 3.0, 41.0, 3.0, 9.0, 20.0, 32.0, 4.0, 26.0, 10.0, 4.0, 27.0, 109.0, 347.0, 58.0, 11.0, 39.0, 148.0, 15.0, 18.0, 134.0, 10.0, 41.0, 20.0, 10.0, 41.0, 6.0, 120.0, 104.0, 42.0, 1.0, 15.0, 26.0, 18.0, 171.0, 21.0, 6.0, 78.0, 23.0, 456.0, 40.0, 11.0, 784.0, 9.0, 87.0, 3.0, 53.0, 16.0, 2.0, 20.0, 23.0, 8.0, 4.0, 60.0, 41.0, 83.0, 18.0, 11.0, 84.0, 157.0, 5.0, 38.0, 20.0, 5.0, 61.0, 1.0, 78.0, 264.0, 110.0, 75.0, 5.0, 547.0, 6.0, 6.0, 14.0, 20.0, 124.0, 9.0, 12.0, 84.0, 20.0, 69.0, 13.0, 7.0, 398.0, 120.0, 9.0, 16.0, 95.0, 20.0, 10.0, 19.0, 8.0, 129.0, 52.0, 9.0, 230.0, 30.0, 24.0, 9.0, 6.0, 117.0, 75.0, 20.0, 18.0, 44.0, 18.0, 34.0, 3.0, 1.0, 10.0, 48.0, 393.0, 10.0, 11.0, 22.0, 2.0, 10.0, 27.0, 130.0, 20.0, 57.0, 2.0, 634.0, 20.0, 13.0, 188.0, 61.0, 8.0, 10.0, 2.0, 149.0, 7.0, 268.0, 4.0, 14.0, 20.0, 65.0, 240.0, 47.0, 3.0, 32.0, 14.0, 19.0, 54.0, 42.0, 11.0, 14.0, 17.0, 95.0, 249.0, 6.0, 58.0, 26.0, 125.0, 2.0, 261.0, 56.0, 27.0, 7.0, 34.0, 10.0, 29.0, 18.0, 23.0, 83.0, 9.0, 2.0, 5.0, 66.0, 10.0, 84.0, 6.0, 10.0, 10.0, 37.0, 31.0, 93.0, 4.0, 82.0, 30.0, 44.0, 60.0, 14.0, 91.0, 15.0, 9.0, 30.0, 601.0, 10.0, 3.0, 9.0, 15.0, 12.0, 112.0, 66.0, 91.0, 31.0, 5.0, 31.0, 1.0, 11.0, 38.0, 48.0, 14.0, 273.0, 21.0, 16.0, 20.0, 46.0, 40.0, 11.0, 76.0, 4.0, 38.0, 224.0, 54.0, 18.0, 9.0, 13.0, 4.0, 14.0, 2.0, 96.0, 23.0, 26.0, 18.0, 12.0, 13.0, 274.0, 44.0, 16.0, 35.0, 229.0, 144.0, 23.0, 126.0, 45.0, 17.0, 31.0, 20.0, 9.0, 3.0, 22.0, 10.0, 18.0, 39.0, 31.0, 5.0, 23.0, 113.0, 83.0, 5.0, 559.0, 19.0, 2.0, 35.0, 7.0, 164.0, 29.0, 22.0, 67.0, 10.0, 71.0, 25.0, 1.0, 39.0, 11.0, 20.0, 25.0, 3.0, 98.0, 9.0, 173.0, 4.0, 33.0, 52.0, 42.0, 14.0, 40.0, 109.0, 16.0, 26.0, 8.0, 669.0, 8.0, 8.0, 32.0, 2.0, 147.0, 4.0, 22.0, 1.0, 7.0, 12.0, 34.0, 33.0, 3.0, 34.0, 5.0, 10.0, 5.0, 143.0, 7.0, 65.0, 24.0, 47.0, 71.0, 8.0, 10.0, 8.0, 68.0, 47.0, 27.0, 31.0, 23.0, 378.0, 10.0, 129.0, 10.0, 97.0, 20.0, 55.0, 32.0, 11.0, 9.0, 13.0, 9.0, 40.0, 27.0, 4.0, 11.0, 143.0, 29.0, 8.0, 3.0, 73.0, 31.0, 26.0, 37.0, 34.0, 48.0, 28.0, 13.0, 12.0, 75.0, 605.0, 29.0, 38.0, 5.0, 22.0, 2.0, 12.0, 24.0, 7.0, 15.0, 272.0, 10.0, 30.0, 25.0, 40.0, 116.0, 39.0, 5.0, 7.0, 31.0, 10.0, 198.0, 5.0, 586.0, 145.0, 8.0, 7.0, 34.0, 427.0, 5.0, 28.0, 93.0, 20.0, 119.0, 21.0, 73.0, 187.0, 53.0, 10.0, 229.0, 21.0, 16.0, 2.0, 293.0, 79.0, 20.0, 20.0, 715.0, 10.0, 52.0, 11.0, 22.0, 128.0, 11.0, 188.0, 41.0, 23.0, 19.0, 34.0, 113.0, 25.0, 28.0, 12.0, 24.0, 16.0, 56.0, 18.0, 49.0, 91.0, 32.0, 38.0, 7.0, 12.0, 14.0, 238.0, 13.0, 14.0, 30.0, 8.0, 3.0, 131.0, 518.0, 9.0, 238.0, 52.0, 4.0, 29.0, 3.0, 9.0, 7.0, 22.0, 21.0, 1.0, 21.0, 58.0, 3.0, 11.0, 1.0, 26.0, 17.0, 4.0, 26.0, 236.0, 38.0, 11.0, 475.0, 46.0, 50.0, 39.0, 10.0, 7.0, 219.0, 23.0, 42.0, 87.0, 9.0, 1.0, 15.0, 145.0, 21.0, 7.0, 159.0, 114.0, 138.0, 18.0, 41.0, 56.0, 98.0, 47.0, 16.0, 24.0, 5.0, 64.0, 13.0, 19.0, 34.0, 46.0, 16.0, 29.0, 25.0, 42.0, 5.0, 11.0, 36.0, 714.0, 18.0, 10.0, 15.0, 189.0, 51.0, 11.0, 12.0, 10.0, 32.0, 17.0, 18.0, 62.0, 60.0, 3.0, 2.0, 9.0, 182.0, 20.0, 8.0, 32.0, 43.0, 20.0, 21.0, 204.0, 28.0, 62.0, 181.0, 225.0, 28.0, 12.0, 60.0, 448.0, 58.0, 3.0, 27.0, 213.0, 53.0, 10.0, 8.0, 38.0, 11.0, 229.0, 9.0, 186.0, 184.0, 39.0, 28.0, 26.0, 11.0, 84.0, 21.0, 94.0, 13.0, 4.0, 573.0, 96.0, 3.0, 43.0, 129.0, 1.0, 193.0, 43.0, 26.0, 5.0, 60.0, 56.0, 87.0, 16.0, 9.0, 27.0, 8.0, 49.0, 1.0, 59.0, 10.0, 36.0, 57.0, 4.0, 28.0, 542.0, 265.0, 20.0, 513.0, 44.0, 62.0, 1.0, 36.0, 104.0, 49.0, 23.0, 11.0, 44.0, 106.0, 9.0, 213.0, 33.0, 1.0, 64.0, 352.0, 39.0, 52.0, 2.0, 2.0, 11.0, 9.0, 9.0, 98.0, 135.0, 23.0, 54.0, 23.0, 1.0, 3.0, 1.0, 97.0, 7.0, 8.0, 70.0, 165.0, 5.0, 53.0, 69.0, 482.0, 51.0, 9.0, 8.0, 107.0, 6.0, 15.0, 780.0, 1.0, 27.0, 251.0, 23.0, 145.0, 10.0, 53.0, 17.0, 7.0, 6.0, 69.0, 30.0, 11.0, 1.0, 210.0, 24.0, 32.0, 76.0, 3.0, 9.0, 35.0, 80.0, 14.0, 3.0, 8.0, 5.0, 15.0, 150.0, 9.0, 227.0, 1.0, 10.0, 2.0, 22.0, 62.0, 58.0, 14.0, 12.0, 9.0, 3.0, 2.0, 83.0, 10.0, 27.0, 10.0, 4.0, 46.0, 416.0, 5.0, 132.0, 21.0, 67.0, 3.0, 63.0, 23.0, 29.0, 51.0, 233.0, 11.0, 5.0, 13.0, 91.0, 199.0, 193.0, 9.0, 173.0, 54.0, 1.0, 20.0, 21.0, 37.0, 2.0, 29.0, 89.0, 425.0, 1.0, 168.0, 11.0, 1.0, 42.0, 3.0, 5.0, 311.0, 11.0, 2.0, 23.0, 40.0, 540.0, 21.0, 43.0, 7.0, 12.0, 59.0, 19.0, 105.0, 23.0, 35.0, 35.0, 13.0, 132.0, 25.0, 16.0, 81.0, 10.0, 17.0, 721.0, 34.0, 2.0, 61.0, 30.0, 40.0, 8.0, 45.0, 312.0, 68.0, 20.0, 52.0, 77.0, 36.0, 23.0, 203.0, 5.0, 49.0, 1.0, 20.0, 53.0, 68.0, 10.0, 26.0, 22.0, 37.0, 32.0, 347.0, 18.0, 28.0, 19.0, 14.0, 6.0, 291.0, 11.0, 210.0, 8.0, 68.0, 19.0, 21.0, 148.0, 17.0, 17.0, 9.0, 36.0, 14.0, 19.0, 54.0, 6.0, 10.0, 9.0, 19.0, 34.0, 50.0, 79.0, 24.0, 17.0, 141.0, 7.0, 4.0, 8.0, 1.0, 40.0, 2.0, 11.0, 9.0, 517.0, 169.0, 147.0, 61.0, 30.0, 15.0, 11.0, 201.0, 121.0, 20.0, 3.0, 38.0, 38.0, 20.0, 33.0, 190.0, 6.0, 10.0, 7.0, 74.0, 23.0, 42.0, 10.0, 14.0, 459.0, 127.0, 10.0, 66.0, 43.0, 268.0, 11.0, 511.0, 71.0, 119.0, 40.0, 85.0, 13.0, 24.0, 8.0, 63.0, 34.0, 17.0, 19.0, 11.0, 30.0, 631.0, 51.0, 33.0, 633.0, 1.0, 17.0, 136.0, 4.0, 183.0, 63.0, 4.0, 9.0, 127.0, 12.0, 5.0, 25.0, 25.0, 193.0, 48.0, 1.0, 57.0, 3.0, 11.0, 53.0, 32.0, 22.0, 2.0, 4.0, 5.0, 25.0, 22.0, 45.0, 18.0, 4.0, 18.0, 8.0, 11.0, 5.0, 40.0, 5.0, 11.0, 28.0, 34.0, 500.0, 1.0, 85.0, 28.0, 5.0, 161.0, 23.0, 49.0, 5.0, 24.0, 56.0, 271.0, 7.0, 1.0, 50.0, 8.0, 29.0, 209.0, 44.0, 12.0, 227.0, 92.0, 34.0, 62.0, 31.0, 73.0, 280.0, 13.0, 16.0, 18.0, 14.0, 23.0, 65.0, 66.0, 15.0, 160.0, 10.0, 10.0, 22.0, 13.0, 22.0, 24.0, 1.0, 21.0, 229.0, 43.0, 57.0, 10.0, 9.0, 3.0, 110.0, 19.0, 6.0, 107.0, 28.0, 26.0, 65.0, 81.0, 165.0, 2.0, 3.0, 2.0, 1.0, 67.0, 8.0, 66.0, 18.0, 13.0, 3.0, 32.0, 76.0, 2.0, 23.0, 235.0, 42.0, 9.0, 9.0, 16.0, 18.0, 6.0, 9.0, 102.0, 2.0, 13.0, 5.0, 85.0, 6.0, 3.0, 5.0, 134.0, 10.0, 10.0, 45.0, 66.0, 233.0, 52.0, 6.0, 91.0, 11.0, 512.0, 204.0, 152.0, 8.0, 4.0, 10.0, 142.0, 10.0, 2.0, 9.0, 68.0, 26.0, 65.0, 7.0, 142.0, 24.0, 13.0, 40.0, 21.0, 13.0, 51.0, 11.0, 9.0, 7.0, 11.0, 17.0, 56.0, 6.0, 17.0, 8.0, 11.0, 262.0, 17.0, 5.0, 10.0, 15.0, 15.0, 46.0, 46.0, 52.0, 19.0, 14.0, 86.0, 23.0, 59.0, 7.0, 64.0, 32.0, 30.0, 80.0, 181.0, 17.0, 11.0, 1.0, 10.0, 365.0, 22.0, 9.0, 40.0, 10.0, 50.0, 11.0, 28.0, 53.0, 28.0, 16.0, 68.0, 10.0, 11.0, 142.0, 52.0, 39.0, 188.0, 49.0, 43.0, 25.0, 48.0, 4.0, 37.0, 21.0, 4.0, 70.0, 1.0, 30.0, 16.0, 66.0, 22.0, 72.0, 9.0, 27.0, 97.0, 11.0, 438.0, 25.0, 183.0, 60.0, 18.0, 39.0, 56.0, 35.0, 91.0, 10.0, 13.0, 1.0, 323.0, 11.0, 20.0, 17.0, 90.0, 49.0, 49.0, 15.0, 2.0, 266.0, 8.0, 5.0, 77.0, 120.0, 9.0, 18.0, 8.0, 20.0, 728.0, 12.0, 36.0, 10.0, 8.0, 95.0, 9.0, 53.0, 36.0, 17.0, 9.0, 50.0, 29.0, 95.0, 5.0, 33.0, 2.0, 25.0, 30.0, 74.0, 161.0, 53.0, 10.0, 11.0, 25.0, 48.0, 3.0, 12.0, 9.0, 402.0, 20.0, 8.0, 82.0, 42.0, 16.0, 125.0, 41.0, 11.0, 11.0, 146.0, 61.0, 28.0, 181.0, 48.0, 38.0, 10.0, 43.0, 15.0, 58.0, 59.0, 12.0, 23.0, 9.0, 39.0, 124.0, 31.0, 47.0, 11.0, 67.0, 28.0, 62.0, 26.0, 10.0, 8.0, 9.0, 15.0, 11.0, 52.0, 1.0, 70.0, 111.0, 19.0, 151.0, 9.0, 273.0, 13.0, 55.0, 22.0, 152.0, 30.0, 52.0, 11.0, 57.0, 32.0, 45.0, 7.0, 66.0, 10.0, 37.0, 170.0, 3.0, 87.0, 1.0, 23.0, 1.0, 12.0, 400.0, 67.0, 102.0, 686.0, 34.0, 5.0, 55.0, 4.0, 33.0, 260.0, 9.0, 4.0, 32.0, 19.0, 8.0, 12.0, 40.0, 53.0, 40.0, 7.0, 24.0, 136.0, 10.0, 6.0, 154.0, 20.0, 26.0, 56.0, 32.0, 1.0, 13.0, 121.0, 180.0, 3.0, 480.0, 85.0, 27.0, 9.0, 176.0, 194.0, 173.0, 86.0, 45.0, 72.0, 14.0, 4.0, 16.0, 12.0, 6.0, 15.0, 39.0, 66.0, 10.0, 8.0, 15.0, 9.0, 22.0, 17.0, 18.0, 271.0, 5.0, 20.0, 42.0, 5.0, 3.0, 92.0, 291.0, 84.0, 9.0, 3.0, 6.0, 12.0, 83.0, 100.0, 43.0, 20.0, 30.0, 24.0, 3.0, 345.0, 46.0, 27.0, 342.0, 76.0, 170.0, 1.0, 2.0, 35.0, 31.0, 38.0, 186.0, 34.0, 21.0, 10.0, 65.0, 1.0, 7.0, 39.0, 8.0, 22.0, 97.0, 80.0, 5.0, 9.0, 70.0, 216.0, 11.0, 8.0, 4.0, 9.0, 31.0, 40.0, 3.0, 197.0, 45.0, 5.0, 9.0, 20.0, 633.0, 12.0, 32.0, 14.0, 9.0, 5.0, 24.0, 45.0, 172.0, 7.0, 26.0, 10.0, 88.0, 20.0, 13.0, 5.0, 55.0, 235.0, 93.0, 20.0, 31.0, 446.0, 97.0, 18.0, 12.0, 11.0, 124.0, 54.0, 500.0, 10.0, 31.0, 2.0, 142.0, 9.0, 10.0, 42.0, 38.0, 115.0, 10.0, 70.0, 58.0, 1.0, 1.0, 37.0, 19.0, 23.0, 13.0, 504.0, 36.0, 552.0, 9.0, 90.0, 10.0, 4.0, 14.0, 83.0, 5.0, 31.0, 29.0, 5.0, 151.0, 35.0, 149.0, 18.0, 19.0, 11.0, 49.0, 134.0, 128.0, 68.0, 4.0, 21.0, 1.0, 219.0, 11.0, 8.0, 8.0, 15.0, 30.0, 9.0, 144.0, 12.0, 23.0, 8.0, 14.0, 201.0, 5.0, 10.0, 46.0, 90.0, 137.0, 39.0, 3.0, 49.0, 192.0, 8.0, 17.0, 244.0, 5.0, 11.0, 92.0, 185.0, 31.0, 8.0, 1.0, 25.0, 20.0, 8.0, 24.0, 33.0, 40.0, 5.0, 10.0, 305.0, 65.0, 7.0, 10.0, 7.0, 20.0, 16.0, 213.0, 3.0, 109.0, 6.0, 9.0, 210.0, 166.0, 8.0, 21.0, 156.0, 3.0, 11.0, 256.0, 151.0, 3.0, 32.0, 43.0, 96.0, 31.0, 108.0, 18.0, 43.0, 11.0, 18.0, 250.0, 8.0, 46.0, 23.0, 6.0, 77.0, 21.0, 28.0, 8.0, 19.0, 27.0, 6.0, 21.0, 91.0, 14.0, 50.0, 28.0, 30.0, 73.0, 84.0, 26.0, 104.0, 80.0, 16.0, 10.0, 25.0, 4.0, 28.0, 20.0, 85.0, 11.0, 12.0, 18.0, 8.0, 3.0, 18.0, 26.0, 5.0, 133.0, 192.0, 46.0, 491.0, 3.0, 16.0, 7.0, 123.0, 485.0, 54.0, 133.0, 16.0, 66.0, 9.0, 7.0, 17.0, 257.0, 8.0, 34.0, 2.0, 11.0, 437.0, 5.0, 8.0, 15.0, 271.0, 1.0, 38.0, 3.0, 40.0, 30.0, 246.0, 19.0, 5.0, 5.0, 36.0, 6.0, 7.0, 27.0, 5.0, 21.0, 8.0, 10.0, 35.0, 19.0, 16.0, 7.0, 6.0, 31.0, 2.0, 34.0, 9.0, 55.0, 16.0, 11.0, 23.0, 40.0, 11.0, 1.0, 15.0, 514.0, 81.0, 15.0, 14.0, 35.0, 10.0, 39.0, 171.0, 61.0, 22.0, 12.0, 70.0, 1.0, 21.0, 66.0, 26.0, 132.0, 20.0, 20.0, 329.0, 63.0, 23.0, 8.0, 66.0, 31.0, 120.0, 41.0, 16.0, 8.0, 24.0, 136.0, 12.0, 38.0, 34.0, 17.0, 44.0, 12.0, 12.0, 21.0, 10.0, 182.0, 11.0, 175.0, 25.0, 37.0, 17.0, 8.0, 32.0, 20.0, 62.0, 19.0, 11.0, 25.0, 53.0, 4.0, 31.0, 8.0, 346.0, 11.0, 87.0, 11.0, 20.0, 42.0, 5.0, 22.0, 520.0, 10.0, 19.0, 174.0, 177.0, 249.0, 23.0, 8.0, 67.0, 2.0, 60.0, 21.0, 20.0, 11.0, 142.0, 97.0, 9.0, 14.0, 31.0, 24.0, 32.0, 42.0, 15.0, 8.0, 23.0, 37.0, 8.0, 9.0, 110.0, 53.0, 66.0, 181.0, 11.0, 7.0, 54.0, 66.0, 2.0, 66.0, 10.0, 52.0, 11.0, 4.0, 74.0, 63.0, 20.0, 69.0, 12.0, 39.0, 1.0, 28.0, 11.0, 83.0, 86.0, 19.0, 79.0, 12.0, 5.0, 10.0, 10.0, 26.0, 26.0, 25.0, 498.0, 12.0, 29.0, 117.0, 14.0, 7.0, 15.0, 5.0, 32.0, 12.0, 35.0, 21.0, 21.0, 52.0, 69.0, 31.0, 13.0, 60.0, 7.0, 118.0, 109.0, 35.0, 17.0, 34.0, 35.0, 41.0, 63.0, 192.0, 12.0, 13.0, 84.0, 73.0, 3.0, 6.0, 5.0, 723.0, 15.0, 2.0, 117.0, 29.0, 9.0, 8.0, 9.0, 36.0, 20.0, 9.0, 26.0, 118.0, 23.0, 10.0, 17.0, 7.0, 43.0, 6.0, 129.0, 5.0, 9.0, 4.0, 36.0, 30.0, 1.0, 40.0, 89.0, 16.0, 259.0, 11.0, 28.0, 19.0, 172.0, 17.0, 12.0, 6.0, 43.0, 59.0, 57.0, 5.0, 40.0, 67.0, 9.0, 1.0, 3.0, 62.0, 22.0, 5.0, 32.0, 42.0, 37.0, 30.0, 117.0, 40.0, 16.0, 33.0, 1.0, 2.0, 56.0, 21.0, 84.0, 98.0, 17.0, 8.0, 434.0, 26.0, 9.0, 39.0, 337.0, 5.0, 14.0, 205.0, 28.0, 392.0, 10.0, 27.0, 39.0, 17.0, 16.0, 121.0, 61.0, 85.0, 208.0, 5.0, 4.0, 24.0, 21.0, 127.0, 2.0, 75.0, 10.0, 9.0, 47.0, 46.0, 8.0, 4.0, 260.0, 11.0, 10.0, 6.0, 533.0, 15.0, 14.0, 67.0, 35.0, 9.0, 21.0, 47.0, 56.0, 31.0, 15.0, 400.0, 10.0, 22.0, 71.0, 19.0, 396.0, 31.0, 52.0, 43.0, 63.0, 92.0, 308.0, 119.0, 32.0, 111.0, 2.0, 17.0, 103.0, 15.0, 87.0, 22.0, 11.0, 2.0, 10.0, 5.0, 238.0, 21.0, 18.0, 11.0, 11.0, 240.0, 16.0, 10.0, 617.0, 17.0, 1.0, 12.0, 11.0, 9.0, 181.0, 135.0, 14.0, 9.0, 33.0, 8.0, 36.0, 43.0, 55.0, 21.0, 193.0, 91.0, 10.0, 120.0, 55.0, 46.0, 116.0, 14.0, 19.0, 92.0, 11.0, 3.0, 52.0, 60.0, 41.0, 5.0, 34.0, 8.0, 79.0, 8.0, 17.0, 23.0, 8.0, 16.0, 12.0, 23.0, 206.0, 112.0, 27.0, 145.0, 5.0, 76.0, 21.0, 11.0, 28.0, 1.0, 151.0, 32.0, 168.0, 56.0, 304.0, 20.0, 15.0, 353.0, 93.0, 23.0, 8.0, 7.0, 5.0, 13.0, 84.0, 187.0, 161.0, 40.0, 2.0, 89.0, 57.0, 2.0, 39.0, 15.0, 8.0, 16.0, 31.0, 32.0, 472.0, 8.0, 7.0, 1.0, 8.0, 37.0, 83.0, 211.0, 32.0, 20.0, 26.0, 154.0, 27.0, 135.0, 40.0, 8.0, 135.0, 15.0, 148.0, 61.0, 10.0, 19.0, 10.0, 35.0, 6.0, 11.0, 7.0, 8.0, 87.0, 123.0, 317.0, 6.0, 16.0, 7.0, 46.0, 55.0, 36.0, 671.0, 1.0, 20.0, 6.0, 179.0, 7.0, 6.0, 1.0, 17.0, 9.0, 19.0, 103.0, 9.0, 88.0, 10.0, 151.0, 19.0, 46.0, 318.0, 18.0, 25.0, 5.0, 21.0, 11.0, 4.0, 62.0, 27.0, 6.0, 20.0, 203.0, 462.0, 30.0, 6.0, 10.0, 14.0, 20.0, 10.0, 5.0, 34.0, 1.0, 72.0, 82.0, 21.0, 35.0, 119.0, 20.0, 37.0, 45.0, 16.0, 12.0, 5.0, 17.0, 10.0, 20.0, 8.0, 7.0, 49.0, 51.0, 35.0, 2.0, 7.0, 10.0, 31.0, 9.0, 161.0, 11.0, 88.0, 28.0, 64.0, 68.0, 72.0, 50.0, 18.0, 33.0, 11.0, 141.0, 3.0, 160.0, 100.0, 121.0, 19.0, 11.0, 47.0, 56.0, 10.0, 2.0, 9.0, 22.0, 2.0, 6.0, 315.0, 58.0, 21.0, 211.0, 14.0, 27.0, 33.0, 8.0, 10.0, 23.0, 58.0, 20.0, 12.0, 61.0, 10.0, 9.0, 26.0, 30.0, 13.0, 9.0, 2.0, 5.0, 238.0, 2.0, 666.0, 11.0, 12.0, 58.0, 5.0, 2.0, 30.0, 23.0, 21.0, 61.0, 22.0, 19.0, 294.0, 70.0, 32.0, 70.0, 13.0, 32.0, 47.0, 42.0, 55.0, 25.0, 40.0, 35.0, 476.0, 9.0, 6.0, 61.0, 22.0, 1.0, 5.0, 82.0, 123.0, 17.0, 172.0, 44.0, 16.0, 6.0, 82.0, 307.0, 142.0, 3.0, 3.0, 10.0, 7.0, 103.0, 44.0, 9.0, 451.0, 49.0, 107.0, 5.0, 480.0, 113.0, 9.0, 9.0, 17.0, 42.0, 75.0, 31.0, 9.0, 158.0, 39.0, 183.0, 5.0, 3.0, 284.0, 8.0, 2.0, 75.0, 25.0, 28.0, 12.0, 14.0, 5.0, 8.0, 107.0, 38.0, 70.0, 3.0, 13.0, 35.0, 130.0, 36.0, 39.0, 35.0, 68.0, 77.0, 12.0, 115.0, 12.0, 26.0, 38.0, 39.0, 20.0, 3.0, 192.0, 60.0, 20.0, 18.0, 37.0, 40.0, 131.0, 7.0, 473.0, 4.0, 9.0, 15.0, 24.0, 12.0, 5.0, 39.0, 7.0, 34.0, 147.0, 27.0, 251.0, 11.0, 65.0, 474.0, 11.0, 72.0, 5.0, 9.0, 3.0, 59.0, 7.0, 132.0, 14.0, 4.0, 4.0, 9.0, 128.0, 7.0, 2.0, 107.0, 19.0, 89.0, 48.0, 9.0, 27.0, 24.0, 26.0, 84.0, 22.0, 29.0, 60.0, 26.0, 26.0, 366.0, 13.0, 21.0, 114.0, 111.0, 49.0, 584.0, 140.0, 49.0, 10.0, 19.0, 18.0, 182.0, 3.0, 143.0, 41.0, 84.0, 20.0, 12.0, 4.0, 90.0, 23.0, 213.0, 14.0, 475.0, 122.0, 113.0, 46.0, 121.0, 397.0, 61.0, 3.0, 67.0, 31.0, 22.0, 17.0, 10.0, 52.0, 15.0, 68.0, 11.0, 24.0, 14.0, 10.0, 9.0, 28.0, 24.0, 62.0, 32.0, 81.0, 15.0, 23.0, 8.0, 18.0, 696.0, 47.0, 6.0, 21.0, 14.0, 12.0, 20.0, 42.0, 546.0, 63.0, 36.0, 39.0, 2.0, 57.0, 10.0, 11.0, 68.0, 4.0, 100.0, 67.0, 10.0, 64.0, 3.0, 3.0, 5.0, 7.0, 68.0, 220.0, 112.0, 9.0, 56.0, 50.0, 29.0, 6.0, 111.0, 37.0, 102.0, 17.0, 25.0, 42.0, 14.0, 195.0, 17.0, 4.0, 77.0, 41.0, 38.0, 9.0, 11.0, 25.0, 104.0, 3.0, 17.0, 19.0, 25.0, 1.0, 17.0, 28.0, 46.0, 20.0, 36.0, 22.0, 42.0, 17.0, 6.0, 3.0, 57.0, 63.0, 29.0, 39.0, 69.0, 19.0, 77.0, 9.0, 12.0, 256.0, 8.0, 27.0, 12.0, 32.0, 1.0, 152.0, 14.0, 184.0, 97.0, 84.0, 18.0, 26.0, 19.0, 14.0, 37.0, 190.0, 62.0, 30.0, 1.0, 1.0, 6.0, 2.0, 14.0, 94.0, 3.0, 24.0, 30.0, 10.0, 26.0, 30.0, 61.0, 94.0, 110.0, 3.0, 11.0, 43.0, 19.0, 10.0, 14.0, 24.0, 161.0, 5.0, 27.0, 28.0, 30.0, 10.0, 6.0, 9.0, 1.0, 8.0, 11.0, 42.0, 14.0, 49.0, 9.0, 39.0, 97.0, 48.0, 27.0, 9.0, 36.0, 39.0, 5.0, 83.0, 267.0, 99.0, 10.0, 67.0, 30.0, 9.0, 587.0, 9.0, 268.0, 18.0, 2.0, 4.0, 2.0, 2.0, 141.0, 27.0, 42.0, 18.0, 16.0, 11.0, 23.0, 11.0, 7.0, 7.0, 114.0, 87.0, 11.0, 12.0, 20.0, 8.0, 48.0, 21.0, 27.0, 19.0, 22.0, 9.0, 44.0, 421.0, 9.0, 110.0, 16.0, 17.0, 10.0, 21.0, 7.0, 72.0, 18.0, 132.0, 29.0, 5.0, 32.0, 74.0, 525.0, 39.0, 357.0, 70.0, 24.0, 7.0, 37.0, 4.0, 3.0, 8.0, 15.0, 15.0, 12.0, 84.0, 10.0, 22.0, 30.0, 11.0, 64.0, 141.0, 50.0, 67.0, 49.0, 8.0, 137.0, 30.0, 10.0, 89.0, 25.0, 92.0, 25.0, 65.0, 78.0, 27.0, 4.0, 4.0, 30.0, 7.0, 4.0, 104.0, 146.0, 20.0, 264.0, 31.0, 222.0, 7.0, 13.0, 13.0, 87.0, 47.0, 53.0, 37.0, 101.0, 53.0, 2.0, 37.0, 22.0, 68.0, 16.0, 18.0, 8.0, 9.0, 108.0, 54.0, 37.0, 7.0, 5.0, 2.0, 34.0, 16.0, 11.0, 47.0, 90.0, 53.0, 9.0, 14.0, 205.0, 144.0, 33.0, 12.0, 157.0, 10.0, 33.0, 151.0, 32.0, 76.0, 141.0, 20.0, 113.0, 252.0, 166.0, 16.0, 13.0, 15.0, 311.0, 17.0, 192.0, 19.0, 19.0, 626.0, 5.0, 206.0, 148.0, 41.0, 87.0, 14.0, 108.0, 12.0, 27.0, 11.0, 15.0, 197.0, 35.0, 16.0, 2.0, 30.0, 171.0, 22.0, 8.0, 3.0, 15.0, 8.0, 31.0, 25.0, 31.0, 20.0, 135.0, 398.0, 12.0, 2.0, 23.0, 173.0, 3.0, 27.0, 174.0, 11.0, 28.0, 18.0, 105.0, 25.0, 31.0, 15.0, 3.0, 64.0, 28.0, 9.0, 341.0, 42.0, 21.0, 18.0, 2.0, 10.0, 262.0, 113.0, 10.0, 39.0, 73.0, 1.0, 8.0, 340.0, 3.0, 25.0, 22.0, 51.0, 68.0, 77.0, 182.0, 10.0, 23.0, 52.0, 5.0, 15.0, 25.0, 53.0, 21.0, 4.0, 19.0, 9.0, 21.0, 30.0, 18.0, 14.0, 22.0, 33.0, 12.0, 23.0, 21.0, 5.0, 550.0, 29.0, 19.0, 4.0, 4.0, 9.0, 11.0, 11.0, 17.0, 108.0, 25.0, 72.0, 64.0, 55.0, 8.0, 7.0, 92.0, 37.0, 71.0, 48.0, 197.0, 6.0, 8.0, 154.0, 14.0, 123.0, 36.0, 15.0, 9.0, 2.0, 31.0, 12.0, 43.0, 85.0, 152.0, 160.0, 19.0, 19.0, 233.0, 61.0, 19.0, 29.0, 66.0, 87.0, 104.0, 102.0, 28.0, 18.0, 35.0, 41.0, 7.0, 44.0, 5.0, 11.0, 252.0, 65.0, 11.0, 9.0, 577.0, 70.0, 524.0, 14.0, 9.0, 9.0, 229.0, 10.0, 2.0, 5.0, 49.0, 15.0, 101.0, 9.0, 169.0, 22.0, 51.0, 12.0, 17.0, 18.0, 118.0, 21.0, 20.0, 15.0, 120.0, 24.0, 30.0, 2.0, 311.0, 30.0, 539.0, 11.0, 12.0, 47.0, 9.0, 14.0, 54.0, 9.0, 31.0, 25.0, 3.0, 20.0, 27.0, 71.0, 38.0, 25.0, 15.0, 7.0, 9.0, 22.0, 17.0, 8.0, 26.0, 40.0, 58.0, 73.0, 82.0, 95.0, 2.0, 11.0, 48.0, 10.0, 9.0, 21.0, 149.0, 22.0, 41.0, 7.0, 44.0, 66.0, 29.0, 134.0, 23.0, 18.0, 4.0, 63.0, 61.0, 67.0, 27.0, 35.0, 28.0, 15.0, 8.0, 10.0, 615.0, 13.0, 36.0, 22.0, 6.0, 10.0, 9.0, 558.0, 11.0, 270.0, 41.0, 1.0, 10.0, 125.0, 5.0, 17.0, 112.0, 70.0, 5.0, 91.0, 20.0, 35.0, 60.0, 10.0, 68.0, 10.0, 18.0, 5.0, 52.0, 144.0, 13.0, 13.0, 10.0, 793.0, 9.0, 4.0, 25.0, 11.0, 9.0, 12.0, 58.0, 41.0, 9.0, 6.0, 30.0, 20.0, 359.0, 119.0, 16.0, 15.0, 25.0, 85.0, 51.0, 10.0, 12.0, 49.0, 206.0, 47.0, 42.0, 59.0, 20.0, 12.0, 188.0, 33.0, 10.0, 4.0, 5.0, 210.0, 72.0, 3.0, 22.0, 157.0] 

MGT times  [39.0, 2.0, 24.0, 1.0, 21.0, 40.0, 8.0, 9.0, 2.0, 47.0, 26.0, 4.0, 12.0, 7.0, 17.0, 27.0, 2.0, 8.0, 47.0, 19.0, 6.0, 1.0, 15.0, 10.0, 4.0, 7.0, 10.0, 7.0, 20.0, 23.0, 18.0, 216.0, 7.0, 9.0, 7.0, 19.0, 9.0, 10.0, 17.0, 36.0, 50.0, 25.0, 8.0, 9.0, 13.0, 10.0, 84.0, 13.0, 2.0, 20.0, 11.0, 8.0, 17.0, 1.0, 15.0, 27.0, 5.0, 27.0, 1.0, 4.0, 31.0, 10.0, 6.0, 20.0, 9.0, 50.0, 4.0, 29.0, 14.0, 4.0, 29.0, 10.0, 40.0, 20.0, 6.0, 5.0, 8.0, 13.0, 10.0, 11.0, 20.0, 11.0, 4.0, 11.0, 10.0, 44.0, 23.0, 56.0, 14.0, 18.0, 27.0, 2.0, 22.0, 6.0, 37.0, 10.0, 24.0, 32.0, 3.0, 24.0, 8.0, 2.0, 8.0, 3.0, 75.0, 15.0, 18.0, 74.0, 9.0, 4.0, 15.0, 14.0, 26.0, 8.0, 30.0, 15.0, 73.0, 2.0, 18.0, 13.0, 18.0, 5.0, 27.0, 26.0, 21.0, 22.0, 7.0, 34.0, 6.0, 23.0, 2.0, 19.0, 12.0, 10.0, 56.0, 10.0, 33.0, 10.0, 41.0, 11.0, 22.0, 15.0, 5.0, 3.0, 49.0, 26.0, 5.0, 11.0, 9.0, 10.0, 9.0, 16.0, 27.0, 31.0, 1.0, 42.0, 10.0, 53.0, 10.0, 8.0, 12.0, 43.0, 40.0, 16.0, 10.0, 5.0, 8.0, 7.0, 25.0, 1.0, 23.0, 24.0, 25.0, 28.0, 2.0, 22.0, 16.0, 46.0, 21.0, 12.0, 21.0, 3.0, 7.0, 32.0, 81.0, 27.0, 38.0, 8.0, 56.0, 31.0, 17.0, 10.0, 20.0, 12.0, 20.0, 10.0, 7.0, 3.0, 8.0, 143.0, 9.0, 53.0, 11.0, 53.0, 10.0, 47.0, 3.0, 13.0, 8.0, 26.0, 28.0, 56.0, 8.0, 20.0, 49.0, 9.0, 4.0, 19.0, 40.0, 10.0, 11.0, 13.0, 17.0, 8.0, 20.0, 26.0, 10.0, 22.0, 6.0, 33.0, 12.0, 14.0, 18.0, 45.0, 3.0, 10.0, 49.0, 4.0, 10.0, 12.0, 1.0, 9.0, 6.0, 9.0, 22.0, 8.0, 11.0, 20.0, 16.0, 12.0, 4.0, 12.0, 2.0, 9.0, 10.0, 43.0, 2.0, 57.0, 16.0, 10.0, 55.0, 25.0, 10.0, 50.0, 5.0, 3.0, 1.0, 55.0, 25.0, 19.0, 19.0, 2.0, 111.0, 8.0, 10.0, 18.0, 9.0, 25.0, 7.0, 2.0, 13.0, 8.0, 6.0, 25.0, 9.0, 15.0, 13.0, 2.0, 21.0, 37.0, 17.0, 26.0, 3.0, 14.0, 31.0, 4.0, 28.0, 47.0, 19.0, 4.0, 8.0, 11.0, 7.0, 38.0, 10.0, 9.0, 13.0, 1.0, 30.0, 16.0, 100.0, 20.0, 30.0, 26.0, 12.0, 13.0, 6.0, 12.0, 11.0, 18.0, 17.0, 2.0, 20.0, 23.0, 2.0, 9.0, 5.0, 18.0, 17.0, 35.0, 9.0, 30.0, 6.0, 4.0, 16.0, 4.0, 46.0, 10.0, 19.0, 13.0, 39.0, 8.0, 29.0, 7.0, 15.0, 23.0, 20.0, 8.0, 6.0, 5.0, 28.0, 15.0, 9.0, 12.0, 2.0, 24.0, 37.0, 3.0, 21.0, 4.0, 11.0, 4.0, 10.0, 19.0, 6.0, 28.0, 33.0, 21.0, 6.0, 11.0, 13.0, 47.0, 15.0, 9.0, 41.0, 5.0, 20.0, 20.0, 56.0, 17.0, 4.0, 4.0, 4.0, 7.0, 28.0, 16.0, 17.0, 19.0, 55.0, 27.0, 2.0, 81.0, 7.0, 11.0, 31.0, 13.0, 22.0, 14.0, 3.0, 18.0, 8.0, 15.0, 8.0, 10.0, 1.0, 11.0, 3.0, 15.0, 7.0, 17.0, 7.0, 2.0, 22.0, 24.0, 38.0, 19.0, 33.0, 4.0, 16.0, 38.0, 21.0, 60.0, 7.0, 9.0, 14.0, 3.0, 21.0, 5.0, 7.0, 20.0, 14.0, 23.0, 5.0, 17.0, 36.0, 15.0, 10.0, 19.0, 2.0, 26.0, 5.0, 21.0, 10.0, 10.0, 1.0, 12.0, 27.0, 12.0, 20.0, 12.0, 3.0, 11.0, 12.0, 16.0, 6.0, 10.0, 6.0, 19.0, 56.0, 22.0, 35.0, 9.0, 13.0, 9.0, 9.0, 20.0, 3.0, 11.0, 31.0, 3.0, 9.0, 1.0, 21.0, 11.0, 39.0, 8.0, 10.0, 22.0, 5.0, 3.0, 7.0, 33.0, 21.0, 18.0, 6.0, 13.0, 22.0, 31.0, 15.0, 21.0, 4.0, 12.0, 5.0, 26.0, 6.0, 7.0, 10.0, 1.0, 12.0, 1.0, 1.0, 17.0, 6.0, 44.0, 37.0, 27.0, 62.0, 36.0, 8.0, 15.0, 22.0, 11.0, 39.0, 14.0, 12.0, 16.0, 13.0, 39.0, 45.0, 25.0, 78.0, 45.0, 9.0, 44.0, 28.0, 18.0, 25.0, 37.0, 26.0, 35.0, 8.0, 8.0, 54.0, 16.0, 8.0, 23.0, 22.0, 22.0, 43.0, 12.0, 28.0, 29.0, 24.0, 37.0, 11.0, 2.0, 14.0, 9.0, 3.0, 19.0, 27.0, 6.0, 42.0, 25.0, 26.0, 22.0, 39.0, 12.0, 8.0, 19.0, 9.0, 1.0, 36.0, 28.0, 18.0, 1.0, 36.0, 106.0, 30.0, 3.0, 7.0, 11.0, 11.0, 31.0, 16.0, 27.0, 11.0, 18.0, 82.0, 13.0, 3.0, 86.0, 10.0, 16.0, 10.0, 49.0, 6.0, 28.0, 2.0, 6.0, 37.0, 9.0, 8.0, 28.0, 30.0, 49.0, 23.0, 18.0, 4.0, 43.0, 23.0, 4.0, 15.0, 4.0, 8.0, 14.0, 12.0, 56.0, 14.0, 169.0, 3.0, 4.0, 14.0, 10.0, 4.0, 12.0, 20.0, 11.0, 21.0, 16.0, 1.0, 21.0, 18.0, 42.0, 4.0, 7.0, 10.0, 6.0, 11.0, 23.0, 27.0, 4.0, 19.0, 1.0, 29.0, 30.0, 10.0, 10.0, 11.0, 6.0, 18.0, 56.0, 28.0, 8.0, 8.0, 7.0, 19.0, 34.0, 19.0, 21.0, 1.0, 2.0, 14.0, 37.0, 24.0, 2.0, 10.0, 27.0, 10.0, 4.0, 2.0, 10.0, 3.0, 27.0, 10.0, 7.0, 37.0, 2.0, 31.0, 11.0, 15.0, 9.0, 17.0, 10.0, 11.0, 38.0, 25.0, 5.0, 5.0, 1.0, 5.0, 26.0, 5.0, 25.0, 29.0, 29.0, 2.0, 12.0, 3.0, 5.0, 7.0, 8.0, 116.0, 30.0, 81.0, 11.0, 32.0, 3.0, 5.0, 4.0, 23.0, 13.0, 3.0, 8.0, 6.0, 21.0, 10.0, 2.0, 23.0, 5.0, 27.0, 4.0, 21.0, 5.0, 8.0, 3.0, 5.0, 22.0, 12.0, 8.0, 3.0, 16.0, 3.0, 3.0, 23.0, 11.0, 2.0, 40.0, 8.0, 11.0, 10.0, 62.0, 1.0, 19.0, 5.0, 39.0, 9.0, 19.0, 2.0, 35.0, 21.0, 10.0, 10.0, 11.0, 13.0, 30.0, 6.0, 80.0, 52.0, 3.0, 5.0, 25.0, 19.0, 31.0, 9.0, 8.0, 6.0, 15.0, 9.0, 4.0, 29.0, 9.0, 1.0, 11.0, 1.0, 9.0, 9.0, 9.0, 3.0, 45.0, 12.0, 37.0, 2.0, 75.0, 34.0, 3.0, 18.0, 9.0, 10.0, 37.0, 8.0, 8.0, 21.0, 18.0, 9.0, 46.0, 19.0, 9.0, 27.0, 20.0, 9.0, 29.0, 43.0, 19.0, 5.0, 15.0, 8.0, 7.0, 8.0, 8.0, 2.0, 2.0, 47.0, 3.0, 26.0, 47.0, 37.0, 9.0, 20.0, 6.0, 10.0, 9.0, 5.0, 6.0, 18.0, 15.0, 28.0, 3.0, 10.0, 12.0, 7.0, 29.0, 10.0, 2.0, 30.0, 8.0, 19.0, 15.0, 10.0, 34.0, 23.0, 9.0, 72.0, 49.0, 11.0, 11.0, 36.0, 43.0, 10.0, 37.0, 5.0, 14.0, 6.0, 9.0, 11.0, 30.0, 21.0, 7.0, 73.0, 1.0, 13.0, 2.0, 7.0, 24.0, 10.0, 74.0, 20.0, 2.0, 10.0, 24.0, 6.0, 16.0, 9.0, 54.0, 6.0, 3.0, 8.0, 6.0, 31.0, 6.0, 13.0, 38.0, 2.0, 28.0, 5.0, 9.0, 23.0, 7.0, 11.0, 7.0, 4.0, 101.0, 8.0, 74.0, 34.0, 19.0, 3.0, 5.0, 7.0, 12.0, 6.0, 10.0, 43.0, 4.0, 4.0, 19.0, 8.0, 21.0, 28.0, 32.0, 26.0, 16.0, 7.0, 5.0, 4.0, 8.0, 63.0, 9.0, 19.0, 4.0, 4.0, 9.0, 23.0, 9.0, 7.0, 12.0, 8.0, 24.0, 37.0, 9.0, 17.0, 5.0, 16.0, 25.0, 24.0, 9.0, 3.0, 26.0, 20.0, 27.0, 34.0, 20.0, 22.0, 19.0, 20.0, 13.0, 10.0, 10.0, 6.0, 18.0, 10.0, 14.0, 15.0, 22.0, 16.0, 1.0, 6.0, 9.0, 27.0, 18.0, 9.0, 3.0, 18.0, 9.0, 27.0, 9.0, 2.0, 4.0, 30.0, 8.0, 25.0, 32.0, 4.0, 26.0, 9.0, 7.0, 138.0, 28.0, 1.0, 11.0, 23.0, 15.0, 10.0, 25.0, 10.0, 4.0, 24.0, 15.0, 1.0, 20.0, 19.0, 23.0, 43.0, 6.0, 8.0, 19.0, 14.0, 9.0, 17.0, 22.0, 10.0, 18.0, 2.0, 8.0, 6.0, 1.0, 30.0, 15.0, 3.0, 29.0, 56.0, 10.0, 9.0, 17.0, 10.0, 33.0, 11.0, 10.0, 21.0, 14.0, 24.0, 5.0, 2.0, 15.0, 4.0, 11.0, 9.0, 9.0, 13.0, 22.0, 10.0, 8.0, 4.0, 18.0, 11.0, 33.0, 9.0, 32.0, 51.0, 9.0, 8.0, 30.0, 8.0, 15.0, 8.0, 56.0, 8.0, 22.0, 10.0, 9.0, 12.0, 8.0, 34.0, 20.0, 18.0, 16.0, 7.0, 10.0, 93.0, 12.0, 3.0, 3.0, 34.0, 11.0, 3.0, 9.0, 46.0, 15.0, 23.0, 1.0, 74.0, 13.0, 20.0, 56.0, 61.0, 16.0, 16.0, 19.0, 21.0, 28.0, 9.0, 12.0, 13.0, 19.0, 16.0, 11.0, 20.0, 53.0, 31.0, 10.0, 28.0, 22.0, 39.0, 11.0, 11.0, 18.0, 12.0, 9.0, 11.0, 10.0, 20.0, 25.0, 42.0, 33.0, 8.0, 16.0, 2.0, 40.0, 37.0, 8.0, 8.0, 36.0, 45.0, 8.0, 114.0, 10.0, 10.0, 9.0, 12.0, 34.0, 28.0, 14.0, 20.0, 25.0, 6.0, 11.0, 19.0, 21.0, 15.0, 9.0, 9.0, 20.0, 25.0, 3.0, 15.0, 22.0, 9.0, 2.0, 20.0, 10.0, 34.0, 8.0, 20.0, 72.0, 27.0, 94.0, 5.0, 19.0, 109.0, 53.0, 1.0, 97.0, 2.0, 24.0, 9.0, 55.0, 9.0, 38.0, 13.0, 33.0, 4.0, 18.0, 20.0, 52.0, 7.0, 3.0, 31.0, 3.0, 9.0, 20.0, 21.0, 4.0, 26.0, 10.0, 4.0, 77.0, 11.0, 9.0, 18.0, 22.0, 10.0, 21.0, 10.0, 4.0, 22.0, 10.0, 8.0, 10.0, 21.0, 6.0, 21.0, 12.0, 15.0, 9.0, 38.0, 3.0, 28.0, 2.0, 22.0, 8.0, 33.0, 28.0, 83.0, 8.0, 11.0, 6.0, 40.0, 5.0, 21.0, 5.0, 47.0, 1.0, 12.0, 5.0, 40.0, 6.0, 14.0, 20.0, 14.0, 9.0, 12.0, 32.0, 58.0, 13.0, 7.0, 2.0, 52.0, 9.0, 30.0, 20.0, 10.0, 19.0, 70.0, 26.0, 9.0, 56.0, 9.0, 24.0, 9.0, 20.0, 26.0, 20.0, 18.0, 18.0, 18.0, 16.0, 3.0, 1.0, 4.0, 19.0, 10.0, 11.0, 21.0, 2.0, 10.0, 85.0, 20.0, 53.0, 2.0, 28.0, 20.0, 28.0, 40.0, 10.0, 2.0, 27.0, 7.0, 23.0, 4.0, 14.0, 20.0, 65.0, 83.0, 4.0, 6.0, 1.0, 11.0, 14.0, 17.0, 26.0, 6.0, 47.0, 26.0, 25.0, 2.0, 26.0, 56.0, 27.0, 7.0, 34.0, 10.0, 13.0, 18.0, 23.0, 40.0, 9.0, 2.0, 5.0, 10.0, 61.0, 6.0, 10.0, 10.0, 15.0, 2.0, 59.0, 4.0, 10.0, 10.0, 14.0, 3.0, 9.0, 10.0, 3.0, 9.0, 15.0, 40.0, 31.0, 1.0, 1.0, 12.0, 30.0, 19.0, 3.0, 40.0, 11.0, 18.0, 9.0, 13.0, 4.0, 14.0, 2.0, 24.0, 18.0, 16.0, 37.0, 21.0, 17.0, 23.0, 20.0, 9.0, 3.0, 10.0, 18.0, 20.0, 31.0, 15.0, 65.0, 5.0, 42.0, 18.0, 2.0, 35.0, 7.0, 4.0, 22.0, 12.0, 9.0, 1.0, 33.0, 11.0, 1.0, 3.0, 9.0, 4.0, 2.0, 30.0, 14.0, 20.0, 3.0, 4.0, 3.0, 8.0, 23.0, 18.0, 4.0, 1.0, 7.0, 13.0, 10.0, 3.0, 24.0, 5.0, 10.0, 5.0, 7.0, 44.0, 5.0, 47.0, 46.0, 8.0, 10.0, 7.0, 46.0, 3.0, 23.0, 12.0, 10.0, 32.0, 10.0, 85.0, 20.0, 25.0, 27.0, 11.0, 4.0, 13.0, 9.0, 4.0, 11.0, 28.0, 8.0, 31.0, 31.0, 8.0, 5.0, 3.0, 12.0, 20.0, 40.0, 29.0, 29.0, 12.0, 2.0, 12.0, 23.0, 15.0, 34.0, 10.0, 25.0, 40.0, 15.0, 20.0, 5.0, 7.0, 8.0, 36.0, 5.0, 35.0, 20.0, 8.0, 6.0, 6.0, 34.0, 20.0, 44.0, 5.0, 117.0, 20.0, 10.0, 21.0, 16.0, 2.0, 14.0, 10.0, 20.0, 34.0, 10.0, 11.0, 24.0, 11.0, 23.0, 10.0, 16.0, 11.0, 25.0, 8.0, 12.0, 24.0, 56.0, 28.0, 22.0, 7.0, 12.0, 14.0, 8.0, 14.0, 8.0, 8.0, 3.0, 9.0, 24.0, 15.0, 4.0, 14.0, 3.0, 9.0, 7.0, 22.0, 21.0, 1.0, 10.0, 16.0, 3.0, 8.0, 4.0, 26.0, 28.0, 11.0, 36.0, 1.0, 38.0, 10.0, 3.0, 18.0, 36.0, 9.0, 1.0, 3.0, 18.0, 11.0, 6.0, 20.0, 16.0, 28.0, 9.0, 10.0, 5.0, 10.0, 19.0, 34.0, 40.0, 9.0, 5.0, 11.0, 11.0, 18.0, 10.0, 5.0, 31.0, 25.0, 11.0, 12.0, 21.0, 18.0, 26.0, 30.0, 2.0, 9.0, 20.0, 8.0, 22.0, 21.0, 18.0, 34.0, 55.0, 6.0, 28.0, 12.0, 37.0, 3.0, 64.0, 43.0, 10.0, 26.0, 11.0, 229.0, 9.0, 19.0, 3.0, 9.0, 4.0, 34.0, 4.0, 73.0, 3.0, 18.0, 4.0, 54.0, 9.0, 8.0, 49.0, 1.0, 20.0, 1.0, 4.0, 28.0, 96.0, 49.0, 20.0, 25.0, 9.0, 1.0, 36.0, 1.0, 39.0, 23.0, 11.0, 9.0, 25.0, 33.0, 11.0, 4.0, 4.0, 10.0, 2.0, 2.0, 9.0, 9.0, 28.0, 13.0, 8.0, 23.0, 1.0, 2.0, 1.0, 8.0, 7.0, 8.0, 28.0, 38.0, 24.0, 23.0, 8.0, 9.0, 8.0, 94.0, 6.0, 15.0, 19.0, 1.0, 40.0, 23.0, 10.0, 7.0, 6.0, 4.0, 17.0, 11.0, 1.0, 19.0, 14.0, 32.0, 25.0, 3.0, 9.0, 28.0, 6.0, 14.0, 3.0, 8.0, 4.0, 69.0, 1.0, 4.0, 2.0, 22.0, 12.0, 9.0, 3.0, 2.0, 10.0, 10.0, 27.0, 10.0, 46.0, 47.0, 44.0, 21.0, 3.0, 23.0, 28.0, 11.0, 13.0, 12.0, 9.0, 33.0, 23.0, 1.0, 20.0, 2.0, 73.0, 15.0, 1.0, 11.0, 1.0, 3.0, 5.0, 41.0, 2.0, 23.0, 19.0, 13.0, 7.0, 12.0, 59.0, 19.0, 45.0, 2.0, 3.0, 37.0, 8.0, 11.0, 22.0, 10.0, 83.0, 34.0, 2.0, 30.0, 6.0, 8.0, 9.0, 45.0, 9.0, 39.0, 8.0, 36.0, 36.0, 1.0, 4.0, 56.0, 10.0, 6.0, 14.0, 18.0, 19.0, 19.0, 6.0, 47.0, 11.0, 21.0, 8.0, 68.0, 18.0, 21.0, 76.0, 9.0, 32.0, 1.0, 19.0, 6.0, 10.0, 9.0, 34.0, 21.0, 79.0, 7.0, 26.0, 7.0, 4.0, 8.0, 1.0, 36.0, 2.0, 9.0, 65.0, 12.0, 5.0, 9.0, 15.0, 11.0, 2.0, 2.0, 11.0, 1.0, 6.0, 10.0, 7.0, 74.0, 14.0, 31.0, 14.0, 10.0, 10.0, 55.0, 8.0, 51.0, 6.0, 8.0, 5.0, 32.0, 17.0, 9.0, 11.0, 59.0, 32.0, 33.0, 1.0, 16.0, 126.0, 4.0, 4.0, 9.0, 4.0, 7.0, 7.0, 25.0, 33.0, 29.0, 1.0, 57.0, 3.0, 11.0, 53.0, 32.0, 22.0, 2.0, 4.0, 5.0, 25.0, 22.0, 24.0, 18.0, 4.0, 18.0, 8.0, 11.0, 5.0, 16.0, 5.0, 11.0, 9.0, 1.0, 4.0, 16.0, 13.0, 47.0, 5.0, 2.0, 10.0, 7.0, 1.0, 2.0, 17.0, 59.0, 12.0, 34.0, 10.0, 11.0, 13.0, 10.0, 8.0, 23.0, 48.0, 20.0, 113.0, 10.0, 1.0, 3.0, 10.0, 1.0, 21.0, 11.0, 12.0, 10.0, 4.0, 3.0, 34.0, 88.0, 28.0, 26.0, 9.0, 10.0, 27.0, 2.0, 2.0, 1.0, 37.0, 8.0, 9.0, 3.0, 23.0, 22.0, 2.0, 23.0, 21.0, 30.0, 9.0, 9.0, 1.0, 18.0, 6.0, 23.0, 2.0, 13.0, 5.0, 57.0, 6.0, 3.0, 4.0, 19.0, 10.0, 10.0, 9.0, 34.0, 6.0, 22.0, 19.0, 11.0, 20.0, 18.0, 21.0, 3.0, 10.0, 9.0, 35.0, 4.0, 32.0, 7.0, 124.0, 12.0, 1.0, 2.0, 11.0, 13.0, 11.0, 9.0, 7.0, 11.0, 17.0, 31.0, 6.0, 3.0, 8.0, 11.0, 17.0, 10.0, 15.0, 34.0, 23.0, 18.0, 14.0, 21.0, 46.0, 7.0, 19.0, 10.0, 11.0, 1.0, 10.0, 9.0, 29.0, 9.0, 41.0, 16.0, 67.0, 10.0, 11.0, 19.0, 29.0, 32.0, 25.0, 25.0, 45.0, 4.0, 9.0, 21.0, 4.0, 1.0, 19.0, 4.0, 22.0, 12.0, 18.0, 49.0, 11.0, 58.0, 18.0, 6.0, 8.0, 8.0, 51.0, 10.0, 1.0, 121.0, 10.0, 15.0, 2.0, 41.0, 8.0, 5.0, 26.0, 19.0, 18.0, 8.0, 20.0, 11.0, 19.0, 10.0, 8.0, 95.0, 9.0, 11.0, 36.0, 17.0, 9.0, 19.0, 13.0, 5.0, 33.0, 2.0, 15.0, 34.0, 10.0, 11.0, 29.0, 3.0, 12.0, 9.0, 41.0, 20.0, 8.0, 30.0, 42.0, 5.0, 29.0, 41.0, 11.0, 11.0, 19.0, 38.0, 10.0, 43.0, 4.0, 48.0, 12.0, 9.0, 9.0, 17.0, 18.0, 31.0, 11.0, 5.0, 10.0, 8.0, 9.0, 15.0, 11.0, 11.0, 1.0, 17.0, 13.0, 33.0, 41.0, 26.0, 11.0, 11.0, 57.0, 45.0, 7.0, 9.0, 39.0, 3.0, 51.0, 1.0, 23.0, 1.0, 12.0, 87.0, 10.0, 59.0, 12.0, 34.0, 21.0, 4.0, 11.0, 9.0, 4.0, 19.0, 8.0, 12.0, 40.0, 21.0, 23.0, 6.0, 27.0, 19.0, 26.0, 9.0, 22.0, 1.0, 13.0, 20.0, 3.0, 89.0, 4.0, 11.0, 61.0, 17.0, 44.0, 12.0, 4.0, 16.0, 4.0, 9.0, 55.0, 10.0, 8.0, 15.0, 9.0, 11.0, 5.0, 18.0, 5.0, 5.0, 3.0, 22.0, 98.0, 9.0, 3.0, 3.0, 13.0, 12.0, 10.0, 29.0, 3.0, 20.0, 12.0, 25.0, 35.0, 1.0, 2.0, 34.0, 4.0, 24.0, 21.0, 10.0, 22.0, 7.0, 10.0, 8.0, 22.0, 39.0, 37.0, 5.0, 60.0, 4.0, 9.0, 3.0, 19.0, 5.0, 20.0, 12.0, 32.0, 14.0, 9.0, 5.0, 26.0, 20.0, 13.0, 5.0, 29.0, 29.0, 4.0, 11.0, 18.0, 12.0, 11.0, 24.0, 23.0, 22.0, 10.0, 31.0, 2.0, 12.0, 9.0, 29.0, 38.0, 35.0, 10.0, 54.0, 36.0, 37.0, 19.0, 13.0, 53.0, 25.0, 28.0, 9.0, 46.0, 10.0, 4.0, 14.0, 5.0, 19.0, 5.0, 17.0, 35.0, 32.0, 10.0, 4.0, 20.0, 21.0, 27.0, 3.0, 21.0, 1.0, 13.0, 11.0, 8.0, 8.0, 15.0, 79.0, 12.0, 23.0, 8.0, 9.0, 72.0, 5.0, 10.0, 1.0, 30.0, 22.0, 3.0, 49.0, 65.0, 5.0, 24.0, 38.0, 31.0, 8.0, 1.0, 1.0, 20.0, 8.0, 20.0, 5.0, 10.0, 50.0, 7.0, 10.0, 7.0, 16.0, 4.0, 3.0, 4.0, 9.0, 41.0, 8.0, 21.0, 10.0, 3.0, 59.0, 12.0, 27.0, 18.0, 29.0, 4.0, 11.0, 9.0, 15.0, 8.0, 7.0, 6.0, 14.0, 11.0, 28.0, 8.0, 19.0, 27.0, 6.0, 21.0, 91.0, 14.0, 28.0, 7.0, 39.0, 21.0, 87.0, 33.0, 16.0, 10.0, 25.0, 4.0, 20.0, 18.0, 3.0, 18.0, 26.0, 5.0, 42.0, 12.0, 64.0, 3.0, 16.0, 33.0, 2.0, 13.0, 23.0, 16.0, 66.0, 7.0, 17.0, 86.0, 8.0, 3.0, 2.0, 11.0, 19.0, 5.0, 8.0, 116.0, 1.0, 38.0, 20.0, 13.0, 5.0, 5.0, 35.0, 6.0, 7.0, 21.0, 8.0, 10.0, 35.0, 7.0, 4.0, 22.0, 2.0, 8.0, 20.0, 16.0, 11.0, 23.0, 24.0, 11.0, 1.0, 15.0, 14.0, 21.0, 10.0, 7.0, 45.0, 35.0, 17.0, 39.0, 1.0, 21.0, 16.0, 54.0, 20.0, 11.0, 45.0, 23.0, 23.0, 8.0, 50.0, 22.0, 13.0, 28.0, 16.0, 8.0, 24.0, 34.0, 17.0, 1.0, 21.0, 10.0, 151.0, 24.0, 23.0, 17.0, 4.0, 19.0, 11.0, 25.0, 44.0, 4.0, 31.0, 8.0, 37.0, 11.0, 11.0, 11.0, 42.0, 52.0, 10.0, 19.0, 25.0, 29.0, 23.0, 8.0, 5.0, 2.0, 9.0, 21.0, 20.0, 11.0, 24.0, 9.0, 11.0, 10.0, 32.0, 41.0, 8.0, 23.0, 37.0, 8.0, 9.0, 8.0, 40.0, 11.0, 7.0, 2.0, 57.0, 10.0, 11.0, 4.0, 74.0, 8.0, 36.0, 12.0, 34.0, 1.0, 4.0, 11.0, 57.0, 68.0, 12.0, 5.0, 10.0, 10.0, 26.0, 26.0, 25.0, 24.0, 8.0, 117.0, 14.0, 7.0, 15.0, 32.0, 19.0, 21.0, 5.0, 18.0, 10.0, 9.0, 9.0, 7.0, 19.0, 40.0, 2.0, 22.0, 34.0, 12.0, 13.0, 55.0, 9.0, 3.0, 6.0, 23.0, 15.0, 2.0, 52.0, 7.0, 9.0, 8.0, 9.0, 35.0, 9.0, 28.0, 12.0, 10.0, 4.0, 19.0, 6.0, 34.0, 9.0, 4.0, 15.0, 33.0, 35.0, 16.0, 42.0, 11.0, 19.0, 34.0, 12.0, 6.0, 40.0, 31.0, 5.0, 39.0, 29.0, 3.0, 52.0, 22.0, 21.0, 4.0, 23.0, 10.0, 1.0, 2.0, 4.0, 21.0, 8.0, 63.0, 17.0, 8.0, 22.0, 16.0, 9.0, 5.0, 14.0, 22.0, 28.0, 9.0, 10.0, 16.0, 4.0, 61.0, 44.0, 5.0, 4.0, 21.0, 6.0, 2.0, 24.0, 10.0, 47.0, 20.0, 4.0, 10.0, 6.0, 15.0, 37.0, 20.0, 5.0, 162.0, 10.0, 19.0, 110.0, 23.0, 37.0, 2.0, 2.0, 16.0, 2.0, 14.0, 15.0, 11.0, 2.0, 18.0, 7.0, 17.0, 11.0, 10.0, 16.0, 10.0, 10.0, 17.0, 2.0, 9.0, 29.0, 14.0, 9.0, 31.0, 8.0, 19.0, 16.0, 4.0, 12.0, 10.0, 12.0, 21.0, 40.0, 8.0, 11.0, 3.0, 5.0, 34.0, 8.0, 3.0, 8.0, 8.0, 16.0, 12.0, 12.0, 56.0, 68.0, 22.0, 21.0, 11.0, 28.0, 23.0, 91.0, 20.0, 15.0, 70.0, 43.0, 23.0, 8.0, 7.0, 5.0, 13.0, 20.0, 24.0, 12.0, 2.0, 48.0, 27.0, 2.0, 15.0, 11.0, 128.0, 7.0, 8.0, 24.0, 18.0, 20.0, 26.0, 27.0, 12.0, 4.0, 50.0, 11.0, 10.0, 19.0, 10.0, 5.0, 6.0, 11.0, 7.0, 8.0, 40.0, 3.0, 17.0, 6.0, 7.0, 10.0, 11.0, 19.0, 1.0, 20.0, 6.0, 8.0, 7.0, 6.0, 1.0, 9.0, 19.0, 23.0, 9.0, 38.0, 10.0, 1.0, 24.0, 112.0, 5.0, 21.0, 4.0, 62.0, 18.0, 6.0, 20.0, 126.0, 86.0, 6.0, 10.0, 6.0, 20.0, 4.0, 1.0, 49.0, 29.0, 15.0, 15.0, 20.0, 13.0, 45.0, 16.0, 12.0, 5.0, 20.0, 8.0, 27.0, 32.0, 15.0, 2.0, 7.0, 18.0, 23.0, 11.0, 51.0, 28.0, 40.0, 33.0, 11.0, 49.0, 3.0, 67.0, 21.0, 27.0, 10.0, 2.0, 9.0, 22.0, 2.0, 6.0, 36.0, 18.0, 10.0, 14.0, 8.0, 10.0, 10.0, 24.0, 20.0, 29.0, 10.0, 9.0, 4.0, 30.0, 9.0, 2.0, 5.0, 8.0, 2.0, 11.0, 11.0, 12.0, 19.0, 2.0, 21.0, 22.0, 19.0, 16.0, 27.0, 23.0, 38.0, 35.0, 9.0, 6.0, 22.0, 1.0, 5.0, 22.0, 19.0, 6.0, 117.0, 44.0, 16.0, 6.0, 28.0, 19.0, 18.0, 3.0, 3.0, 10.0, 7.0, 9.0, 72.0, 33.0, 5.0, 10.0, 28.0, 9.0, 9.0, 17.0, 16.0, 9.0, 46.0, 11.0, 41.0, 5.0, 3.0, 1.0, 1.0, 15.0, 18.0, 12.0, 14.0, 8.0, 31.0, 18.0, 11.0, 3.0, 13.0, 23.0, 12.0, 12.0, 10.0, 22.0, 39.0, 11.0, 3.0, 5.0, 11.0, 7.0, 191.0, 4.0, 9.0, 24.0, 12.0, 5.0, 7.0, 13.0, 27.0, 8.0, 11.0, 9.0, 11.0, 4.0, 5.0, 9.0, 3.0, 7.0, 19.0, 4.0, 4.0, 9.0, 17.0, 7.0, 2.0, 71.0, 1.0, 21.0, 9.0, 1.0, 61.0, 22.0, 11.0, 26.0, 3.0, 4.0, 7.0, 13.0, 61.0, 16.0, 34.0, 49.0, 10.0, 19.0, 9.0, 3.0, 15.0, 10.0, 12.0, 4.0, 9.0, 23.0, 23.0, 6.0, 44.0, 113.0, 2.0, 35.0, 3.0, 6.0, 11.0, 9.0, 17.0, 10.0, 12.0, 4.0, 23.0, 4.0, 9.0, 18.0, 39.0, 19.0, 15.0, 8.0, 18.0, 84.0, 37.0, 6.0, 8.0, 4.0, 10.0, 23.0, 14.0, 23.0, 26.0, 23.0, 2.0, 34.0, 10.0, 11.0, 26.0, 4.0, 20.0, 7.0, 10.0, 64.0, 3.0, 3.0, 5.0, 112.0, 9.0, 56.0, 50.0, 6.0, 111.0, 37.0, 9.0, 14.0, 4.0, 21.0, 31.0, 18.0, 9.0, 11.0, 3.0, 10.0, 1.0, 17.0, 10.0, 10.0, 35.0, 22.0, 33.0, 6.0, 3.0, 14.0, 21.0, 6.0, 19.0, 32.0, 12.0, 49.0, 25.0, 1.0, 1.0, 14.0, 47.0, 17.0, 18.0, 30.0, 8.0, 41.0, 8.0, 1.0, 2.0, 39.0, 3.0, 24.0, 5.0, 10.0, 26.0, 30.0, 37.0, 31.0, 8.0, 3.0, 11.0, 19.0, 10.0, 14.0, 9.0, 4.0, 27.0, 19.0, 10.0, 6.0, 9.0, 8.0, 11.0, 8.0, 14.0, 39.0, 33.0, 22.0, 26.0, 9.0, 36.0, 5.0, 10.0, 17.0, 9.0, 20.0, 7.0, 2.0, 4.0, 2.0, 15.0, 18.0, 11.0, 11.0, 7.0, 33.0, 26.0, 11.0, 12.0, 20.0, 8.0, 38.0, 21.0, 27.0, 19.0, 22.0, 9.0, 35.0, 9.0, 8.0, 17.0, 10.0, 7.0, 5.0, 46.0, 44.0, 32.0, 39.0, 26.0, 3.0, 4.0, 3.0, 8.0, 15.0, 16.0, 10.0, 22.0, 25.0, 11.0, 64.0, 28.0, 17.0, 6.0, 30.0, 10.0, 25.0, 32.0, 17.0, 31.0, 44.0, 27.0, 4.0, 4.0, 30.0, 7.0, 4.0, 56.0, 20.0, 21.0, 23.0, 24.0, 14.0, 37.0, 15.0, 54.0, 20.0, 2.0, 37.0, 18.0, 16.0, 8.0, 9.0, 7.0, 37.0, 4.0, 2.0, 11.0, 20.0, 18.0, 9.0, 3.0, 1.0, 8.0, 32.0, 13.0, 27.0, 252.0, 18.0, 16.0, 13.0, 15.0, 17.0, 4.0, 19.0, 19.0, 26.0, 6.0, 87.0, 108.0, 9.0, 2.0, 7.0, 9.0, 2.0, 10.0, 12.0, 8.0, 3.0, 15.0, 8.0, 31.0, 25.0, 31.0, 20.0, 60.0, 12.0, 2.0, 23.0, 3.0, 11.0, 28.0, 74.0, 15.0, 3.0, 15.0, 28.0, 9.0, 9.0, 21.0, 18.0, 2.0, 10.0, 3.0, 29.0, 10.0, 9.0, 23.0, 1.0, 8.0, 3.0, 12.0, 51.0, 33.0, 26.0, 157.0, 10.0, 23.0, 17.0, 15.0, 21.0, 9.0, 21.0, 22.0, 18.0, 14.0, 22.0, 2.0, 4.0, 56.0, 19.0, 4.0, 9.0, 11.0, 11.0, 17.0, 25.0, 8.0, 7.0, 35.0, 37.0, 28.0, 29.0, 16.0, 8.0, 19.0, 14.0, 15.0, 9.0, 2.0, 22.0, 4.0, 9.0, 24.0, 45.0, 4.0, 6.0, 21.0, 10.0, 11.0, 62.0, 41.0, 64.0, 28.0, 18.0, 35.0, 10.0, 7.0, 34.0, 5.0, 11.0, 11.0, 9.0, 19.0, 14.0, 9.0, 58.0, 10.0, 2.0, 5.0, 49.0, 15.0, 87.0, 9.0, 45.0, 30.0, 12.0, 17.0, 1.0, 21.0, 3.0, 2.0, 2.0, 18.0, 11.0, 12.0, 22.0, 9.0, 27.0, 9.0, 21.0, 25.0, 3.0, 10.0, 10.0, 37.0, 38.0, 4.0, 7.0, 9.0, 8.0, 16.0, 11.0, 17.0, 36.0, 1.0, 2.0, 10.0, 9.0, 21.0, 3.0, 27.0, 37.0, 66.0, 10.0, 4.0, 9.0, 18.0, 4.0, 30.0, 61.0, 10.0, 14.0, 25.0, 2.0, 8.0, 10.0, 48.0, 4.0, 9.0, 22.0, 10.0, 9.0, 11.0, 25.0, 1.0, 10.0, 6.0, 5.0, 75.0, 27.0, 20.0, 10.0, 30.0, 10.0, 31.0, 13.0, 10.0, 105.0, 9.0, 4.0, 25.0, 11.0, 9.0, 12.0, 24.0, 32.0, 9.0, 30.0, 20.0, 181.0, 20.0, 16.0, 10.0, 27.0, 40.0, 10.0, 12.0, 18.0, 42.0, 46.0, 12.0, 18.0, 33.0, 4.0, 5.0, 31.0, 3.0, 22.0] 

SGT times  [2.0, 54.0, 33.0, 1.0, 12.0, 69.0, 55.0, 10.0, 51.0, 58.0, 705.0, 38.0, 11.0, 80.0, 142.0, 28.0, 35.0, 74.0, 131.0, 5.0, 6.0, 173.0, 49.0, 20.0, 18.0, 66.0, 1.0, 181.0, 142.0, 42.0, 19.0, 104.0, 6.0, 22.0, 36.0, 7.0, 110.0, 18.0, 41.0, 17.0, 15.0, 94.0, 1.0, 1.0, 12.0, 703.0, 73.0, 42.0, 1.0, 27.0, 40.0, 310.0, 3.0, 17.0, 11.0, 1.0, 13.0, 9.0, 1.0, 9.0, 5.0, 22.0, 5.0, 2.0, 1.0, 25.0, 121.0, 11.0, 12.0, 11.0, 186.0, 1.0, 595.0, 31.0, 17.0, 11.0, 84.0, 7.0, 28.0, 34.0, 85.0, 12.0, 9.0, 28.0, 9.0, 7.0, 174.0, 46.0, 1.0, 197.0, 1.0, 40.0, 12.0, 81.0, 501.0, 1.0, 24.0, 187.0, 1.0, 1.0, 7.0, 40.0, 13.0, 78.0, 28.0, 1.0, 77.0, 104.0, 40.0, 17.0, 18.0, 4.0, 382.0, 29.0, 237.0, 105.0, 31.0, 121.0, 1.0, 41.0, 3.0, 76.0, 49.0, 1.0, 11.0, 17.0, 20.0, 2.0, 154.0, 133.0, 192.0, 94.0, 1.0, 115.0, 29.0, 179.0, 24.0, 74.0, 59.0, 212.0, 11.0, 494.0, 7.0, 47.0, 21.0, 68.0, 8.0, 661.0, 77.0, 154.0, 1.0, 34.0, 14.0, 157.0, 12.0, 31.0, 110.0, 12.0, 326.0, 12.0, 84.0, 65.0, 9.0, 79.0, 460.0, 15.0, 70.0, 11.0, 1.0, 12.0, 2.0, 1.0, 47.0, 35.0, 677.0, 620.0, 9.0, 7.0, 33.0, 171.0, 2.0, 22.0, 18.0, 68.0, 21.0, 6.0, 1.0, 15.0, 130.0, 17.0, 22.0, 170.0, 108.0, 28.0, 2.0, 24.0, 6.0, 34.0, 697.0, 5.0, 18.0, 108.0, 123.0, 7.0, 1.0, 5.0, 7.0, 11.0, 7.0, 63.0, 134.0, 36.0, 7.0, 342.0, 3.0, 1.0, 8.0, 44.0, 23.0, 125.0, 266.0, 69.0, 6.0, 41.0, 58.0, 56.0, 38.0, 91.0, 22.0, 139.0, 13.0, 5.0, 58.0, 12.0, 419.0, 1.0, 30.0, 83.0, 29.0, 13.0, 303.0, 138.0, 7.0, 1.0, 168.0, 1.0, 3.0, 24.0, 120.0, 25.0, 115.0, 24.0, 105.0, 26.0, 18.0, 71.0, 3.0, 14.0, 686.0, 79.0, 140.0, 29.0, 7.0, 2.0, 27.0, 4.0, 1.0, 3.0, 10.0, 62.0, 158.0, 72.0, 10.0, 5.0, 17.0, 3.0, 7.0, 66.0, 585.0, 537.0, 3.0, 40.0, 12.0, 13.0, 31.0, 23.0, 70.0, 42.0, 53.0, 39.0, 11.0, 229.0, 4.0, 26.0, 92.0, 91.0, 109.0, 51.0, 37.0, 17.0, 26.0, 11.0, 40.0, 43.0, 22.0, 49.0, 34.0, 34.0, 134.0, 18.0, 1.0, 5.0, 284.0, 126.0, 28.0, 1.0, 86.0, 11.0, 126.0, 9.0, 13.0, 5.0, 6.0, 52.0, 9.0, 168.0, 79.0, 70.0, 196.0, 197.0, 28.0, 105.0, 1.0, 55.0, 13.0, 12.0, 176.0, 24.0, 7.0, 35.0, 4.0, 9.0, 89.0, 45.0, 65.0, 8.0, 175.0, 1.0, 57.0, 67.0, 31.0, 36.0, 9.0, 31.0, 11.0, 545.0, 11.0, 7.0, 13.0, 19.0, 137.0, 34.0, 134.0, 42.0, 19.0, 98.0, 97.0, 12.0, 30.0, 21.0, 66.0, 163.0, 1.0, 77.0, 6.0, 78.0, 1.0, 6.0, 39.0, 63.0, 12.0, 16.0, 483.0, 50.0, 57.0, 17.0, 26.0, 41.0, 28.0, 707.0, 26.0, 163.0, 59.0, 194.0, 21.0, 23.0, 16.0, 66.0, 273.0, 94.0, 789.0, 341.0, 62.0, 33.0, 197.0, 14.0, 5.0, 3.0, 13.0, 74.0, 12.0, 6.0, 4.0, 12.0, 1.0, 69.0, 22.0, 114.0, 2.0, 12.0, 11.0, 29.0, 493.0, 71.0, 1.0, 17.0, 28.0, 1.0, 338.0, 11.0, 33.0, 27.0, 38.0, 25.0, 753.0, 1.0, 126.0, 36.0, 12.0, 34.0, 15.0, 44.0, 27.0, 20.0, 16.0, 137.0, 7.0, 1.0, 209.0, 253.0, 16.0, 55.0, 63.0, 16.0, 126.0, 6.0, 84.0, 9.0, 95.0, 36.0, 1.0, 82.0, 96.0, 8.0, 1.0, 10.0, 1.0, 105.0, 43.0, 18.0, 22.0, 8.0, 639.0, 71.0, 6.0, 108.0, 24.0, 121.0, 99.0, 1.0, 59.0, 3.0, 164.0, 173.0, 50.0, 24.0, 54.0, 12.0, 4.0, 60.0, 65.0, 126.0, 11.0, 1.0, 11.0, 11.0, 44.0, 10.0, 1.0, 146.0, 20.0, 25.0, 62.0, 27.0, 783.0, 16.0, 6.0, 46.0, 26.0, 17.0, 126.0, 18.0, 6.0, 14.0, 144.0, 7.0, 229.0, 33.0, 25.0, 31.0, 16.0, 1.0, 266.0, 11.0, 23.0, 3.0, 27.0, 60.0, 173.0, 114.0, 269.0, 23.0, 65.0, 168.0, 9.0, 93.0, 28.0, 89.0, 57.0, 1.0, 444.0, 32.0, 786.0, 153.0, 53.0, 15.0, 12.0, 99.0, 20.0, 10.0, 1.0, 237.0, 104.0, 17.0, 98.0, 261.0, 1.0, 79.0, 12.0, 4.0, 4.0, 506.0, 144.0, 76.0, 13.0, 29.0, 18.0, 64.0, 11.0, 22.0, 62.0, 74.0, 65.0, 1.0, 64.0, 1.0, 14.0, 15.0, 67.0, 84.0, 162.0, 6.0, 25.0, 619.0, 36.0, 8.0, 1.0, 15.0, 114.0, 100.0, 47.0, 65.0, 7.0, 8.0, 25.0, 18.0, 1.0, 10.0, 17.0, 89.0, 20.0, 6.0, 79.0, 38.0, 318.0, 77.0, 15.0, 4.0, 6.0, 19.0, 4.0, 33.0, 16.0, 8.0, 13.0, 20.0, 20.0, 76.0, 106.0, 82.0, 11.0, 16.0, 7.0, 4.0, 404.0, 151.0, 13.0, 14.0, 36.0, 212.0, 356.0, 13.0, 11.0, 79.0, 1.0, 13.0, 24.0, 17.0, 147.0, 43.0, 5.0, 51.0, 43.0, 1.0, 399.0, 35.0, 3.0, 21.0, 8.0, 8.0, 1.0, 152.0, 168.0, 8.0, 86.0, 15.0, 29.0, 19.0, 11.0, 93.0, 48.0, 9.0, 19.0, 83.0, 1.0, 233.0, 13.0, 25.0, 15.0, 57.0, 13.0, 17.0, 32.0, 12.0, 11.0, 40.0, 35.0, 4.0, 10.0, 13.0, 7.0, 47.0, 3.0, 135.0, 32.0, 417.0, 232.0, 12.0, 505.0, 14.0, 154.0, 1.0, 2.0, 9.0, 177.0, 31.0, 268.0, 4.0, 13.0, 31.0, 3.0, 33.0, 49.0, 28.0, 545.0, 31.0, 32.0, 5.0, 7.0, 12.0, 1.0, 12.0, 61.0, 1.0, 6.0, 9.0, 85.0, 94.0, 16.0, 9.0, 57.0, 387.0, 11.0, 1.0, 20.0, 15.0, 7.0, 41.0, 637.0, 23.0, 1.0, 46.0, 23.0, 39.0, 91.0, 56.0, 20.0, 1.0, 53.0, 13.0, 83.0, 30.0, 72.0, 76.0, 12.0, 16.0, 318.0, 5.0, 467.0, 45.0, 1.0, 22.0, 67.0, 69.0, 138.0, 1.0, 168.0, 16.0, 20.0, 263.0, 5.0, 53.0, 546.0, 125.0, 4.0, 457.0, 6.0, 59.0, 65.0, 1.0, 13.0, 8.0, 17.0, 55.0, 110.0, 59.0, 22.0, 19.0, 68.0, 28.0, 32.0, 12.0, 24.0, 5.0, 8.0, 21.0, 45.0, 5.0, 57.0, 20.0, 25.0, 39.0, 14.0, 20.0, 147.0, 1.0, 34.0, 127.0, 1.0, 67.0, 549.0, 322.0, 20.0, 10.0, 58.0, 22.0, 22.0, 170.0, 2.0, 268.0, 38.0, 41.0, 1.0, 642.0, 16.0, 33.0, 65.0, 71.0, 24.0, 11.0, 37.0, 12.0, 67.0, 54.0, 37.0, 22.0, 3.0, 579.0, 7.0, 34.0, 23.0, 77.0, 8.0, 323.0, 14.0, 31.0, 6.0, 116.0, 175.0, 11.0, 49.0, 99.0, 32.0, 215.0, 64.0, 18.0, 77.0, 21.0, 66.0, 70.0, 10.0, 44.0, 101.0, 9.0, 1.0, 20.0, 74.0, 2.0, 26.0, 22.0, 16.0, 23.0, 67.0, 116.0, 21.0, 12.0, 81.0, 126.0, 25.0, 8.0, 29.0, 103.0, 39.0, 23.0, 46.0, 14.0, 33.0, 12.0, 55.0, 1.0, 35.0, 425.0, 3.0, 70.0, 111.0, 10.0, 11.0, 50.0, 53.0, 69.0, 1.0, 232.0, 72.0, 50.0, 52.0, 1.0, 6.0, 18.0, 17.0, 1.0, 25.0, 15.0, 160.0, 8.0, 119.0, 9.0, 26.0, 13.0, 38.0, 9.0, 14.0, 27.0, 37.0, 1.0, 37.0, 75.0, 35.0, 21.0, 37.0, 32.0, 24.0, 15.0, 74.0, 107.0, 111.0, 1.0, 37.0, 27.0, 179.0, 2.0, 14.0, 200.0, 113.0, 28.0, 537.0, 20.0, 5.0, 13.0, 534.0, 45.0, 17.0, 165.0, 141.0, 25.0, 35.0, 37.0, 86.0, 134.0, 11.0, 10.0, 12.0, 18.0, 2.0, 251.0, 67.0, 58.0, 1.0, 71.0, 477.0, 105.0, 69.0, 36.0, 2.0, 66.0, 10.0, 29.0, 22.0, 16.0, 37.0, 1.0, 204.0, 1.0, 146.0, 1.0, 31.0, 331.0, 7.0, 59.0, 520.0, 9.0, 63.0, 18.0, 34.0, 1.0, 120.0, 1.0, 1.0, 1.0, 20.0, 32.0, 339.0, 55.0, 21.0, 146.0, 14.0, 103.0, 11.0, 16.0, 10.0, 15.0, 2.0, 120.0, 82.0, 27.0, 1.0, 11.0, 22.0, 1.0, 152.0, 48.0, 1.0, 456.0, 38.0, 7.0, 761.0, 41.0, 15.0, 15.0, 18.0, 1.0, 4.0, 22.0, 5.0, 1.0, 71.0, 109.0, 9.0, 17.0, 8.0, 75.0, 245.0, 106.0, 75.0, 507.0, 6.0, 102.0, 52.0, 11.0, 2.0, 388.0, 68.0, 12.0, 57.0, 4.0, 51.0, 21.0, 174.0, 12.0, 3.0, 92.0, 41.0, 26.0, 9.0, 7.0, 33.0, 365.0, 1.0, 27.0, 35.0, 4.0, 606.0, 13.0, 160.0, 12.0, 8.0, 236.0, 149.0, 47.0, 3.0, 28.0, 14.0, 7.0, 51.0, 36.0, 60.0, 247.0, 11.0, 91.0, 228.0, 16.0, 34.0, 62.0, 13.0, 13.0, 23.0, 25.0, 82.0, 30.0, 24.0, 40.0, 91.0, 6.0, 30.0, 601.0, 12.0, 63.0, 35.0, 88.0, 21.0, 1.0, 28.0, 11.0, 36.0, 27.0, 11.0, 234.0, 19.0, 12.0, 1.0, 34.0, 76.0, 4.0, 36.0, 222.0, 54.0, 62.0, 22.0, 24.0, 10.0, 11.0, 274.0, 40.0, 31.0, 183.0, 143.0, 20.0, 96.0, 39.0, 8.0, 19.0, 19.0, 5.0, 8.0, 40.0, 78.0, 509.0, 1.0, 160.0, 25.0, 46.0, 1.0, 70.0, 22.0, 6.0, 11.0, 23.0, 98.0, 166.0, 31.0, 50.0, 12.0, 13.0, 97.0, 12.0, 26.0, 4.0, 668.0, 5.0, 1.0, 2.0, 129.0, 19.0, 8.0, 12.0, 17.0, 10.0, 140.0, 12.0, 13.0, 15.0, 8.0, 52.0, 1.0, 22.0, 21.0, 358.0, 89.0, 12.0, 30.0, 5.0, 37.0, 22.0, 140.0, 1.0, 3.0, 32.0, 9.0, 34.0, 32.0, 43.0, 28.0, 10.0, 46.0, 565.0, 9.0, 1.0, 1.0, 1.0, 7.0, 231.0, 81.0, 28.0, 93.0, 12.0, 16.0, 8.0, 162.0, 551.0, 116.0, 1.0, 32.0, 422.0, 1.0, 22.0, 59.0, 66.0, 19.0, 68.0, 61.0, 25.0, 229.0, 273.0, 77.0, 1.0, 674.0, 44.0, 13.0, 95.0, 184.0, 37.0, 1.0, 18.0, 92.0, 11.0, 12.0, 16.0, 11.0, 89.0, 1.0, 34.0, 225.0, 10.0, 12.0, 131.0, 518.0, 206.0, 28.0, 8.0, 2.0, 34.0, 7.0, 1.0, 13.0, 17.0, 236.0, 1.0, 471.0, 1.0, 49.0, 1.0, 4.0, 196.0, 20.0, 38.0, 41.0, 4.0, 119.0, 1.0, 1.0, 144.0, 114.0, 137.0, 14.0, 13.0, 33.0, 61.0, 38.0, 16.0, 6.0, 45.0, 13.0, 6.0, 16.0, 10.0, 23.0, 42.0, 17.0, 714.0, 1.0, 152.0, 16.0, 6.0, 1.0, 17.0, 27.0, 24.0, 3.0, 179.0, 1.0, 38.0, 18.0, 204.0, 1.0, 19.0, 117.0, 213.0, 55.0, 448.0, 13.0, 27.0, 140.0, 10.0, 8.0, 12.0, 158.0, 173.0, 39.0, 28.0, 26.0, 2.0, 80.0, 17.0, 50.0, 6.0, 563.0, 14.0, 25.0, 128.0, 1.0, 190.0, 41.0, 24.0, 1.0, 56.0, 2.0, 69.0, 16.0, 6.0, 25.0, 39.0, 1.0, 34.0, 55.0, 446.0, 216.0, 513.0, 19.0, 44.0, 95.0, 1.0, 38.0, 106.0, 1.0, 44.0, 348.0, 35.0, 32.0, 11.0, 60.0, 135.0, 2.0, 37.0, 1.0, 78.0, 33.0, 127.0, 1.0, 21.0, 37.0, 476.0, 43.0, 7.0, 752.0, 23.0, 203.0, 141.0, 45.0, 17.0, 65.0, 13.0, 182.0, 1.0, 41.0, 7.0, 65.0, 1.0, 11.0, 72.0, 7.0, 221.0, 6.0, 57.0, 55.0, 14.0, 67.0, 1.0, 360.0, 5.0, 79.0, 64.0, 63.0, 1.0, 44.0, 229.0, 1.0, 91.0, 195.0, 173.0, 131.0, 22.0, 19.0, 37.0, 24.0, 16.0, 400.0, 168.0, 42.0, 270.0, 7.0, 37.0, 540.0, 2.0, 30.0, 52.0, 12.0, 26.0, 33.0, 11.0, 87.0, 8.0, 5.0, 50.0, 13.0, 638.0, 57.0, 25.0, 43.0, 294.0, 13.0, 1.0, 13.0, 60.0, 23.0, 167.0, 1.0, 49.0, 10.0, 51.0, 3.0, 6.0, 16.0, 11.0, 14.0, 23.0, 347.0, 1.0, 10.0, 239.0, 189.0, 1.0, 63.0, 9.0, 12.0, 4.0, 13.0, 52.0, 19.0, 22.0, 21.0, 1.0, 107.0, 4.0, 7.0, 443.0, 148.0, 137.0, 56.0, 11.0, 193.0, 110.0, 12.0, 3.0, 36.0, 19.0, 20.0, 33.0, 181.0, 1.0, 1.0, 10.0, 459.0, 109.0, 1.0, 43.0, 268.0, 8.0, 509.0, 53.0, 68.0, 31.0, 72.0, 11.0, 24.0, 50.0, 2.0, 1.0, 30.0, 572.0, 51.0, 1.0, 600.0, 1.0, 1.0, 181.0, 55.0, 123.0, 5.0, 1.0, 18.0, 152.0, 11.0, 12.0, 24.0, 25.0, 16.0, 500.0, 85.0, 24.0, 1.0, 137.0, 1.0, 2.0, 13.0, 37.0, 271.0, 35.0, 40.0, 8.0, 12.0, 143.0, 40.0, 184.0, 91.0, 15.0, 43.0, 27.0, 68.0, 277.0, 6.0, 1.0, 12.0, 7.0, 37.0, 11.0, 41.0, 7.0, 12.0, 10.0, 19.0, 6.0, 210.0, 43.0, 35.0, 5.0, 66.0, 16.0, 2.0, 11.0, 47.0, 71.0, 129.0, 3.0, 22.0, 66.0, 1.0, 13.0, 1.0, 45.0, 205.0, 12.0, 7.0, 7.0, 79.0, 20.0, 1.0, 115.0, 29.0, 23.0, 220.0, 21.0, 6.0, 65.0, 488.0, 180.0, 131.0, 8.0, 1.0, 136.0, 10.0, 2.0, 25.0, 22.0, 33.0, 18.0, 2.0, 12.0, 29.0, 1.0, 44.0, 16.0, 14.0, 262.0, 1.0, 15.0, 3.0, 14.0, 49.0, 1.0, 55.0, 18.0, 3.0, 59.0, 7.0, 30.0, 76.0, 163.0, 12.0, 365.0, 19.0, 11.0, 8.0, 33.0, 7.0, 23.0, 2.0, 28.0, 1.0, 142.0, 23.0, 10.0, 188.0, 9.0, 11.0, 3.0, 28.0, 66.0, 2.0, 12.0, 64.0, 51.0, 8.0, 1.0, 48.0, 429.0, 25.0, 116.0, 60.0, 28.0, 39.0, 17.0, 33.0, 8.0, 193.0, 9.0, 20.0, 17.0, 71.0, 47.0, 44.0, 219.0, 42.0, 93.0, 9.0, 711.0, 12.0, 10.0, 33.0, 50.0, 1.0, 73.0, 1.0, 26.0, 74.0, 118.0, 53.0, 25.0, 10.0, 361.0, 52.0, 1.0, 96.0, 143.0, 57.0, 26.0, 153.0, 48.0, 11.0, 54.0, 11.0, 14.0, 15.0, 106.0, 43.0, 65.0, 28.0, 61.0, 13.0, 33.0, 66.0, 85.0, 19.0, 146.0, 7.0, 269.0, 13.0, 21.0, 104.0, 4.0, 32.0, 27.0, 47.0, 7.0, 37.0, 125.0, 36.0, 303.0, 49.0, 35.0, 666.0, 1.0, 27.0, 29.0, 239.0, 24.0, 50.0, 12.0, 3.0, 24.0, 113.0, 8.0, 119.0, 1.0, 41.0, 1.0, 101.0, 180.0, 391.0, 75.0, 26.0, 6.0, 159.0, 133.0, 147.0, 42.0, 23.0, 68.0, 12.0, 8.0, 2.0, 12.0, 23.0, 5.0, 2.0, 12.0, 267.0, 20.0, 34.0, 61.0, 184.0, 83.0, 3.0, 8.0, 61.0, 96.0, 23.0, 1.0, 1.0, 24.0, 345.0, 26.0, 7.0, 342.0, 42.0, 127.0, 1.0, 29.0, 26.0, 182.0, 1.0, 35.0, 1.0, 29.0, 48.0, 34.0, 9.0, 1.0, 212.0, 9.0, 5.0, 5.0, 29.0, 23.0, 194.0, 16.0, 5.0, 633.0, 1.0, 19.0, 43.0, 169.0, 3.0, 9.0, 88.0, 26.0, 198.0, 93.0, 20.0, 27.0, 428.0, 94.0, 92.0, 31.0, 469.0, 130.0, 10.0, 4.0, 72.0, 7.0, 17.0, 1.0, 1.0, 23.0, 451.0, 2.0, 514.0, 44.0, 79.0, 29.0, 1.0, 125.0, 108.0, 8.0, 15.0, 11.0, 20.0, 129.0, 98.0, 41.0, 1.0, 197.0, 30.0, 6.0, 65.0, 5.0, 123.0, 36.0, 60.0, 108.0, 39.0, 188.0, 7.0, 14.0, 172.0, 7.0, 60.0, 139.0, 59.0, 16.0, 24.0, 31.0, 10.0, 304.0, 7.0, 17.0, 209.0, 102.0, 2.0, 205.0, 117.0, 139.0, 10.0, 189.0, 131.0, 3.0, 28.0, 40.0, 60.0, 5.0, 73.0, 9.0, 30.0, 9.0, 227.0, 39.0, 23.0, 54.0, 1.0, 47.0, 16.0, 26.0, 57.0, 22.0, 7.0, 39.0, 1.0, 24.0, 85.0, 11.0, 11.0, 8.0, 84.0, 170.0, 46.0, 422.0, 3.0, 81.0, 475.0, 33.0, 110.0, 7.0, 161.0, 31.0, 412.0, 11.0, 155.0, 3.0, 40.0, 1.0, 224.0, 8.0, 5.0, 1.0, 22.0, 1.0, 19.0, 13.0, 2.0, 9.0, 34.0, 1.0, 26.0, 16.0, 514.0, 78.0, 15.0, 4.0, 23.0, 126.0, 17.0, 5.0, 7.0, 22.0, 42.0, 26.0, 69.0, 1.0, 275.0, 31.0, 7.0, 1.0, 102.0, 13.0, 134.0, 12.0, 31.0, 43.0, 6.0, 11.0, 22.0, 11.0, 151.0, 23.0, 5.0, 5.0, 32.0, 20.0, 58.0, 9.0, 309.0, 87.0, 1.0, 1.0, 22.0, 468.0, 141.0, 139.0, 245.0, 62.0, 43.0, 110.0, 97.0, 11.0, 11.0, 6.0, 1.0, 15.0, 95.0, 5.0, 59.0, 161.0, 11.0, 51.0, 62.0, 1.0, 51.0, 55.0, 18.0, 33.0, 5.0, 24.0, 78.0, 21.0, 19.0, 11.0, 465.0, 12.0, 12.0, 5.0, 11.0, 7.0, 16.0, 34.0, 66.0, 15.0, 4.0, 42.0, 91.0, 69.0, 24.0, 15.0, 5.0, 33.0, 38.0, 63.0, 158.0, 20.0, 58.0, 1.0, 693.0, 57.0, 13.0, 1.0, 19.0, 24.0, 86.0, 3.0, 16.0, 3.0, 16.0, 86.0, 1.0, 32.0, 15.0, 1.0, 7.0, 45.0, 217.0, 25.0, 138.0, 16.0, 3.0, 58.0, 17.0, 1.0, 31.0, 7.0, 1.0, 2.0, 12.0, 1.0, 2.0, 12.0, 27.0, 28.0, 85.0, 22.0, 11.0, 24.0, 45.0, 67.0, 35.0, 412.0, 1.0, 33.0, 336.0, 174.0, 374.0, 27.0, 39.0, 14.0, 108.0, 85.0, 164.0, 24.0, 112.0, 43.0, 5.0, 17.0, 4.0, 257.0, 11.0, 523.0, 14.0, 67.0, 31.0, 5.0, 13.0, 10.0, 52.0, 2.0, 10.0, 229.0, 22.0, 71.0, 286.0, 27.0, 52.0, 43.0, 40.0, 55.0, 298.0, 115.0, 21.0, 88.0, 14.0, 82.0, 83.0, 22.0, 7.0, 5.0, 220.0, 8.0, 1.0, 1.0, 240.0, 599.0, 1.0, 1.0, 7.0, 144.0, 133.0, 2.0, 8.0, 18.0, 55.0, 17.0, 193.0, 69.0, 102.0, 25.0, 6.0, 111.0, 14.0, 2.0, 92.0, 48.0, 60.0, 37.0, 68.0, 13.0, 23.0, 23.0, 187.0, 56.0, 26.0, 77.0, 1.0, 47.0, 1.0, 149.0, 1.0, 168.0, 56.0, 213.0, 283.0, 43.0, 84.0, 157.0, 128.0, 28.0, 32.0, 22.0, 31.0, 8.0, 15.0, 31.0, 15.0, 334.0, 8.0, 1.0, 7.0, 81.0, 211.0, 6.0, 22.0, 119.0, 135.0, 19.0, 8.0, 131.0, 15.0, 89.0, 42.0, 20.0, 37.0, 111.0, 300.0, 13.0, 36.0, 55.0, 16.0, 643.0, 161.0, 15.0, 74.0, 50.0, 145.0, 19.0, 22.0, 206.0, 18.0, 17.0, 1.0, 1.0, 77.0, 367.0, 28.0, 1.0, 10.0, 1.0, 34.0, 23.0, 53.0, 6.0, 11.0, 119.0, 14.0, 16.0, 8.0, 3.0, 12.0, 10.0, 11.0, 8.0, 5.0, 9.0, 129.0, 27.0, 64.0, 20.0, 68.0, 17.0, 18.0, 30.0, 84.0, 84.0, 71.0, 89.0, 9.0, 7.0, 47.0, 52.0, 1.0, 279.0, 32.0, 3.0, 211.0, 27.0, 29.0, 6.0, 24.0, 6.0, 27.0, 22.0, 11.0, 230.0, 646.0, 33.0, 1.0, 27.0, 21.0, 57.0, 271.0, 67.0, 30.0, 70.0, 12.0, 22.0, 11.0, 19.0, 7.0, 22.0, 37.0, 476.0, 58.0, 54.0, 95.0, 2.0, 49.0, 54.0, 282.0, 124.0, 103.0, 41.0, 379.0, 16.0, 107.0, 462.0, 77.0, 42.0, 50.0, 27.0, 103.0, 21.0, 135.0, 283.0, 8.0, 1.0, 72.0, 1.0, 10.0, 1.0, 76.0, 14.0, 51.0, 33.0, 98.0, 33.0, 35.0, 33.0, 68.0, 77.0, 115.0, 7.0, 8.0, 1.0, 192.0, 55.0, 20.0, 18.0, 30.0, 37.0, 111.0, 274.0, 15.0, 39.0, 34.0, 126.0, 243.0, 50.0, 469.0, 68.0, 56.0, 104.0, 6.0, 102.0, 26.0, 10.0, 60.0, 48.0, 27.0, 23.0, 24.0, 23.0, 25.0, 58.0, 6.0, 357.0, 9.0, 14.0, 92.0, 41.0, 24.0, 581.0, 97.0, 18.0, 166.0, 119.0, 41.0, 81.0, 1.0, 71.0, 190.0, 8.0, 474.0, 69.0, 38.0, 121.0, 395.0, 17.0, 61.0, 12.0, 4.0, 31.0, 11.0, 45.0, 11.0, 24.0, 13.0, 6.0, 1.0, 24.0, 14.0, 3.0, 81.0, 23.0, 612.0, 1.0, 8.0, 12.0, 8.0, 1.0, 19.0, 524.0, 31.0, 1.0, 7.0, 252.0, 13.0, 34.0, 72.0, 51.0, 7.0, 66.0, 218.0, 29.0, 92.0, 14.0, 23.0, 25.0, 193.0, 14.0, 48.0, 10.0, 12.0, 24.0, 104.0, 14.0, 19.0, 15.0, 24.0, 28.0, 1.0, 1.0, 1.0, 16.0, 43.0, 58.0, 19.0, 11.0, 54.0, 37.0, 9.0, 199.0, 8.0, 23.0, 12.0, 7.0, 143.0, 127.0, 71.0, 84.0, 22.0, 16.0, 10.0, 7.0, 177.0, 12.0, 13.0, 1.0, 2.0, 10.0, 46.0, 25.0, 14.0, 57.0, 102.0, 42.0, 20.0, 144.0, 1.0, 24.0, 1.0, 1.0, 42.0, 6.0, 35.0, 6.0, 55.0, 26.0, 1.0, 39.0, 81.0, 267.0, 97.0, 41.0, 21.0, 585.0, 7.0, 248.0, 3.0, 2.0, 139.0, 19.0, 18.0, 12.0, 20.0, 3.0, 75.0, 61.0, 1.0, 1.0, 419.0, 95.0, 15.0, 21.0, 72.0, 13.0, 78.0, 27.0, 5.0, 31.0, 21.0, 487.0, 354.0, 35.0, 21.0, 7.0, 36.0, 15.0, 11.0, 60.0, 5.0, 104.0, 23.0, 51.0, 45.0, 4.0, 134.0, 58.0, 25.0, 51.0, 8.0, 34.0, 24.0, 104.0, 81.0, 234.0, 29.0, 199.0, 1.0, 7.0, 13.0, 63.0, 23.0, 6.0, 17.0, 38.0, 26.0, 22.0, 42.0, 16.0, 93.0, 10.0, 34.0, 1.0, 1.0, 32.0, 15.0, 27.0, 65.0, 53.0, 1.0, 205.0, 144.0, 31.0, 12.0, 157.0, 10.0, 32.0, 133.0, 55.0, 140.0, 18.0, 78.0, 140.0, 303.0, 188.0, 626.0, 5.0, 170.0, 147.0, 26.0, 14.0, 12.0, 18.0, 9.0, 13.0, 183.0, 17.0, 16.0, 11.0, 171.0, 1.0, 68.0, 398.0, 17.0, 141.0, 26.0, 174.0, 13.0, 22.0, 24.0, 25.0, 40.0, 340.0, 22.0, 259.0, 75.0, 21.0, 41.0, 340.0, 24.0, 1.0, 26.0, 43.0, 15.0, 28.0, 5.0, 16.0, 51.0, 4.0, 16.0, 8.0, 22.0, 6.0, 20.0, 21.0, 1.0, 494.0, 27.0, 1.0, 99.0, 70.0, 64.0, 55.0, 49.0, 33.0, 19.0, 173.0, 6.0, 126.0, 120.0, 28.0, 1.0, 8.0, 25.0, 51.0, 150.0, 115.0, 10.0, 15.0, 227.0, 40.0, 19.0, 11.0, 47.0, 17.0, 54.0, 33.0, 22.0, 1.0, 251.0, 56.0, 575.0, 66.0, 505.0, 9.0, 163.0, 7.0, 115.0, 17.0, 21.0, 10.0, 116.0, 20.0, 7.0, 120.0, 15.0, 28.0, 293.0, 28.0, 519.0, 7.0, 16.0, 14.0, 21.0, 10.0, 2.0, 8.0, 26.0, 23.0, 11.0, 20.0, 17.0, 1.0, 36.0, 38.0, 48.0, 40.0, 88.0, 6.0, 44.0, 146.0, 22.0, 5.0, 7.0, 7.0, 19.0, 121.0, 14.0, 24.0, 48.0, 5.0, 1.0, 26.0, 11.0, 557.0, 9.0, 18.0, 6.0, 554.0, 270.0, 16.0, 119.0, 15.0, 37.0, 70.0, 1.0, 64.0, 35.0, 56.0, 30.0, 18.0, 1.0, 12.0, 123.0, 11.0, 9.0, 688.0, 25.0, 1.0, 3.0, 170.0, 99.0, 15.0, 15.0, 58.0, 1.0, 24.0, 205.0, 47.0, 13.0, 16.0, 161.0, 7.0, 209.0, 33.0, 157.0, 487.0]
