avgTJ:  17.158834027364662
stdDvTJ:  21.96385261565032
avgTJ without 0:  21.365925925925925
stdDvTJ without 0:  22.600937912242326
maxTJ:  44.57142857142857
minTJ:  3.25

avgTT:  24.603960396039604
stdDvTT:  33.065290708865696
avgTT without 0:  24.603960396039604
stdDvTT without 0:  33.065290708865696
maxTT:  56.3
minTT:  7.0

avgTotT:  26.097462302317027
stdDvTotT:  32.674479574737106
avgTotT without 0:  26.817460317460316
stdDvTotT without 0:  32.82936963616544
maxTotT:  55.285714285714285
minTotT:  13.521739130434783

avgMGT:  24.706755753526355
stdDvMGT:  29.680533222220678
avgMGT without 0:  25.39488744753911
stdDvMGT without 0:  29.799241093377542
maxMGT:  56.53846153846154
minMGT:  12.785714285714286

avgSGT:  17.65068493150685
stdDvSGT:  24.643650010342196
avgSGT without 0:  17.65068493150685
stdDvSGT without 0:  24.643650010342196
maxSGT:  86.5
minSGT:  1.0

free lanes %:  31.313965004952127 %, number of free traverse:  1897 num of traverse 6058
number of times in traffic %:  26.64245625619016 %, numero di volte nel traffico:  1614 num of traverse 6058
not free passage %:  68.76857048530867 %, number of not free passage:  4166 num of traverse 6058
junction times
 [1.0, 12.0, 8.0, 23.0, 68.0, 11.0, 67.0, 11.0, 1.0, 16.0, 18.0, 2.0, 17.0, 27.0, 35.0, 4.0, 7.0, 59.0, 59.0, 16.0, 28.0, 44.0, 24.0, 1.0, 41.0, 8.0, 27.0, 1.0, 12.0, 19.0, 13.0, 2.0, 21.0, 24.0, 55.0, 19.0, 7.0, 10.0, 3.0, 12.0, 1.0, 13.0, 11.0, 12.0, 5.0, 38.0, 2.0, 21.0, 6.0, 21.0, 6.0, 4.0, 14.0, 5.0, 39.0, 1.0, 30.0, 5.0, 6.0, 6.0, 3.0, 14.0, 25.0, 55.0, 14.0, 105.0, 46.0, 29.0, 17.0, 17.0, 8.0, 9.0, 100.0, 22.0, 34.0, 1.0, 43.0, 23.0, 31.0, 8.0, 50.0, 18.0, 9.0, 54.0, 22.0, 5.0, 8.0, 16.0, 16.0, 2.0, 79.0, 61.0, 18.0, 21.0, 27.0, 44.0, 8.0, 56.0, 11.0, 17.0, 17.0, 35.0, 11.0, 47.0, 11.0, 29.0, 12.0, 12.0, 44.0, 4.0, 25.0, 11.0, 50.0, 6.0, 6.0, 91.0, 25.0, 53.0, 57.0, 10.0, 32.0, 36.0, 34.0, 2.0, 14.0, 16.0, 9.0, 17.0, 8.0, 26.0, 19.0, 20.0, 15.0, 21.0, 5.0, 69.0, 20.0, 34.0, 2.0, 8.0, 4.0, 28.0, 14.0, 10.0, 15.0, 2.0, 7.0, 19.0, 5.0, 68.0, 3.0, 3.0, 17.0, 10.0, 2.0, 11.0, 4.0, 105.0, 3.0, 16.0, 23.0, 19.0, 13.0, 21.0, 14.0, 44.0, 21.0, 35.0, 37.0, 85.0, 11.0, 10.0, 30.0, 2.0, 18.0, 13.0, 24.0, 42.0, 44.0, 16.0, 53.0, 9.0, 89.0, 5.0, 16.0, 12.0, 1.0, 15.0, 11.0, 6.0, 10.0, 14.0, 8.0, 20.0, 11.0, 10.0, 10.0, 18.0, 1.0, 5.0, 7.0, 19.0, 1.0, 44.0, 23.0, 14.0, 23.0, 23.0, 66.0, 6.0, 4.0, 76.0, 19.0, 24.0, 18.0, 5.0, 2.0, 47.0, 28.0, 2.0, 11.0, 16.0, 44.0, 1.0, 2.0, 16.0, 11.0, 15.0, 4.0, 5.0, 1.0, 9.0, 22.0, 62.0, 3.0, 10.0, 6.0, 1.0, 8.0, 25.0, 13.0, 48.0, 66.0, 70.0, 103.0, 2.0, 1.0, 16.0, 8.0, 86.0, 7.0, 37.0, 1.0, 46.0, 1.0, 62.0, 96.0, 25.0, 22.0, 21.0, 72.0, 14.0, 73.0, 1.0, 4.0, 11.0, 2.0, 3.0, 19.0, 48.0, 69.0, 2.0, 1.0, 17.0, 7.0, 16.0, 14.0, 39.0, 40.0, 2.0, 40.0, 56.0, 1.0, 11.0, 24.0, 16.0, 8.0, 43.0, 8.0, 9.0, 1.0, 4.0, 51.0, 5.0, 57.0, 7.0, 39.0, 10.0, 10.0, 4.0, 6.0, 26.0, 37.0, 2.0, 16.0, 10.0, 7.0, 55.0, 1.0, 9.0, 13.0, 5.0, 19.0, 10.0, 13.0, 41.0, 21.0, 25.0, 17.0, 150.0, 19.0, 8.0, 4.0, 5.0, 70.0, 16.0, 83.0, 6.0, 8.0, 8.0, 30.0, 50.0, 5.0, 14.0, 15.0, 9.0, 13.0, 17.0, 8.0, 15.0, 9.0, 9.0, 19.0, 2.0, 2.0, 20.0, 149.0, 8.0, 13.0, 3.0, 41.0, 20.0, 36.0, 21.0, 39.0, 7.0, 2.0, 2.0, 7.0, 6.0, 61.0, 18.0, 17.0, 69.0, 17.0, 32.0, 10.0, 11.0, 39.0, 4.0, 5.0, 2.0, 21.0, 35.0, 64.0, 19.0, 1.0, 29.0, 41.0, 13.0, 44.0, 13.0, 3.0, 15.0, 10.0, 3.0, 18.0, 1.0, 87.0, 23.0, 2.0, 9.0, 27.0, 3.0, 16.0, 54.0, 16.0, 16.0, 45.0, 8.0, 10.0, 55.0, 10.0, 4.0, 70.0, 22.0, 7.0, 30.0, 4.0, 17.0, 18.0, 43.0, 8.0, 16.0, 29.0, 250.0, 9.0, 16.0, 8.0, 3.0, 11.0, 15.0, 21.0, 10.0, 40.0, 3.0, 17.0, 38.0, 7.0, 3.0, 13.0, 30.0, 19.0, 5.0, 14.0, 34.0, 25.0, 9.0, 39.0, 17.0, 61.0, 8.0, 10.0, 10.0, 45.0, 13.0, 1.0, 17.0, 9.0, 4.0, 15.0, 7.0, 28.0, 15.0, 6.0, 12.0, 17.0, 44.0, 29.0, 39.0, 1.0, 1.0, 13.0, 25.0, 17.0, 10.0, 5.0, 25.0, 14.0, 17.0, 13.0, 16.0, 1.0, 14.0, 8.0, 30.0, 5.0, 59.0, 23.0, 8.0, 3.0, 42.0, 32.0, 18.0, 72.0, 23.0, 15.0, 76.0, 12.0, 12.0, 7.0, 10.0, 35.0, 25.0, 2.0, 22.0, 12.0, 1.0, 8.0, 18.0, 41.0, 8.0, 47.0, 16.0, 7.0, 14.0, 4.0, 2.0, 11.0, 13.0, 11.0, 26.0, 1.0, 26.0, 9.0, 19.0, 43.0, 15.0, 5.0, 5.0, 15.0, 9.0, 10.0, 38.0, 82.0, 6.0, 42.0, 11.0, 37.0, 31.0, 11.0, 9.0, 100.0, 2.0, 2.0, 41.0, 36.0, 3.0, 13.0, 3.0, 16.0, 6.0, 21.0, 49.0, 23.0, 1.0, 1.0, 26.0, 10.0, 48.0, 23.0, 3.0, 19.0, 1.0, 35.0, 22.0, 9.0, 2.0, 9.0, 55.0, 10.0, 8.0, 4.0, 3.0, 25.0, 11.0, 44.0, 9.0, 16.0, 24.0, 37.0, 18.0, 1.0, 6.0, 16.0, 15.0, 50.0, 3.0, 9.0, 32.0, 5.0, 15.0, 2.0, 9.0, 4.0, 24.0, 9.0, 12.0, 19.0, 15.0, 9.0, 2.0, 14.0, 1.0, 37.0, 211.0, 38.0, 5.0, 8.0, 1.0, 2.0, 18.0, 8.0, 89.0, 32.0, 5.0, 12.0, 31.0, 13.0, 2.0, 9.0, 2.0, 1.0, 8.0, 14.0, 41.0, 13.0, 18.0, 63.0, 12.0, 28.0, 3.0, 18.0, 11.0, 24.0, 23.0, 9.0, 7.0, 13.0, 9.0, 5.0, 3.0, 1.0, 3.0, 46.0, 43.0, 10.0, 8.0, 6.0, 35.0, 21.0, 21.0, 113.0, 10.0, 53.0, 10.0, 2.0, 11.0, 6.0, 9.0, 24.0, 24.0, 2.0, 31.0, 16.0, 15.0, 4.0, 17.0, 32.0, 53.0, 13.0, 10.0, 8.0, 16.0, 1.0, 9.0, 3.0, 23.0, 3.0, 18.0, 38.0, 28.0, 5.0, 19.0, 9.0, 18.0, 26.0, 5.0, 52.0, 24.0, 27.0, 39.0, 15.0, 1.0, 17.0, 9.0, 2.0, 18.0, 13.0, 3.0, 5.0, 4.0, 10.0, 5.0, 22.0, 9.0, 58.0, 52.0, 9.0, 13.0, 31.0, 3.0, 14.0, 42.0, 11.0, 9.0, 1.0, 12.0, 11.0, 10.0, 21.0, 28.0, 5.0, 65.0, 25.0, 8.0, 3.0, 48.0, 4.0, 14.0, 1.0, 47.0, 10.0, 8.0, 4.0, 25.0, 21.0, 18.0, 6.0, 5.0, 12.0, 13.0, 75.0, 8.0, 20.0, 12.0, 9.0, 33.0, 19.0, 11.0, 17.0, 8.0, 37.0, 13.0, 28.0, 26.0, 17.0, 40.0, 20.0, 3.0, 45.0, 18.0, 28.0, 24.0, 58.0, 4.0, 26.0, 40.0, 3.0, 48.0, 3.0, 11.0, 23.0, 29.0, 1.0, 13.0, 58.0, 38.0, 48.0, 24.0, 11.0, 34.0, 25.0, 24.0, 52.0, 20.0, 17.0, 13.0, 14.0, 12.0, 39.0, 18.0, 33.0, 42.0, 26.0, 19.0, 46.0, 11.0, 18.0, 115.0, 10.0, 21.0, 26.0, 38.0, 13.0, 58.0, 4.0, 7.0, 11.0, 3.0, 4.0, 2.0, 11.0, 9.0, 57.0, 14.0, 15.0, 30.0, 8.0, 18.0, 11.0, 10.0, 9.0, 2.0, 25.0, 19.0, 17.0, 9.0, 8.0, 15.0, 10.0, 30.0, 34.0, 14.0, 3.0, 1.0, 13.0, 2.0, 15.0, 27.0, 6.0, 42.0, 10.0, 6.0, 16.0, 38.0, 2.0, 68.0, 13.0, 5.0, 36.0, 38.0, 31.0, 23.0, 23.0, 13.0, 24.0, 88.0, 8.0, 3.0, 12.0, 41.0, 16.0, 33.0, 6.0, 9.0, 5.0, 2.0, 11.0, 29.0, 13.0, 8.0, 9.0, 9.0, 4.0, 2.0, 9.0, 13.0, 42.0, 18.0, 14.0, 11.0, 36.0, 7.0, 32.0, 68.0, 9.0, 24.0, 23.0, 5.0, 4.0, 82.0, 115.0, 20.0, 35.0, 10.0, 57.0, 6.0, 1.0, 4.0, 73.0, 51.0, 2.0, 76.0, 10.0, 10.0, 18.0, 2.0, 10.0, 10.0, 58.0, 2.0, 27.0, 12.0, 15.0, 9.0, 20.0, 14.0, 39.0, 12.0, 34.0, 19.0, 13.0, 2.0, 30.0, 9.0, 6.0, 16.0, 16.0, 90.0, 4.0, 10.0, 3.0, 10.0, 3.0, 7.0, 76.0, 8.0, 8.0, 13.0, 17.0, 2.0, 26.0, 9.0, 1.0, 35.0, 20.0, 44.0, 18.0, 4.0, 9.0, 8.0, 22.0, 35.0, 14.0, 27.0, 1.0, 10.0, 15.0, 51.0, 1.0, 14.0, 9.0, 13.0, 9.0, 9.0, 31.0, 13.0, 54.0, 36.0, 23.0, 5.0, 4.0, 16.0, 18.0, 10.0, 60.0, 38.0, 23.0, 5.0, 58.0, 27.0, 12.0, 13.0, 43.0, 14.0, 1.0, 6.0, 1.0, 27.0, 4.0, 13.0, 17.0, 60.0, 8.0, 2.0, 54.0, 7.0, 118.0, 21.0, 7.0, 42.0, 18.0, 18.0, 64.0, 41.0, 8.0, 5.0, 34.0, 6.0, 12.0, 1.0, 13.0, 25.0, 1.0, 9.0, 4.0, 23.0, 12.0, 8.0, 9.0, 22.0, 2.0, 1.0, 10.0, 22.0, 8.0, 2.0, 37.0, 20.0, 31.0, 55.0, 22.0, 31.0, 86.0, 10.0, 122.0, 9.0, 85.0, 6.0, 20.0, 30.0, 18.0, 3.0, 57.0, 18.0, 1.0, 29.0, 18.0, 12.0, 48.0, 1.0, 30.0, 4.0, 26.0, 74.0, 10.0, 6.0, 27.0, 4.0, 18.0, 33.0, 47.0, 22.0, 9.0, 9.0, 18.0, 28.0, 41.0, 12.0, 19.0, 10.0, 17.0, 45.0, 14.0, 25.0, 44.0, 31.0, 57.0, 12.0, 2.0, 20.0, 1.0, 15.0, 7.0, 17.0, 8.0, 16.0, 14.0, 20.0, 31.0, 11.0, 11.0, 6.0, 27.0, 12.0, 45.0, 11.0, 8.0, 19.0, 8.0, 8.0, 44.0, 68.0, 21.0, 11.0, 18.0, 19.0, 33.0, 2.0, 10.0, 2.0, 12.0, 31.0, 5.0, 33.0, 41.0, 16.0, 33.0, 20.0, 1.0, 12.0, 41.0, 12.0, 44.0, 36.0, 94.0, 11.0, 35.0, 16.0, 37.0, 29.0, 23.0, 2.0, 23.0, 4.0, 19.0, 32.0, 2.0, 1.0, 9.0, 18.0, 9.0, 43.0, 18.0, 33.0, 25.0, 16.0, 30.0, 4.0, 44.0, 9.0, 17.0, 43.0, 19.0, 28.0, 8.0, 26.0, 19.0, 36.0, 37.0, 56.0, 25.0, 22.0, 75.0, 31.0, 5.0, 40.0, 4.0, 6.0, 21.0, 13.0, 18.0, 2.0, 6.0, 21.0, 13.0, 13.0, 12.0, 5.0, 16.0, 20.0, 16.0, 17.0, 18.0, 26.0, 9.0, 26.0, 6.0, 35.0, 1.0, 33.0, 5.0, 40.0, 9.0, 14.0, 10.0, 25.0, 5.0, 13.0, 10.0, 15.0, 9.0, 88.0, 4.0, 8.0, 52.0, 116.0, 5.0, 6.0, 8.0, 23.0, 11.0, 6.0, 9.0, 10.0, 21.0, 54.0, 101.0, 10.0, 13.0, 25.0, 2.0, 9.0, 8.0, 2.0, 51.0, 15.0, 44.0, 1.0, 15.0, 23.0, 13.0, 15.0, 4.0, 38.0, 42.0, 101.0, 10.0, 9.0, 16.0, 4.0, 11.0, 15.0, 15.0, 22.0, 29.0, 7.0, 10.0, 91.0, 7.0, 18.0, 14.0, 20.0, 8.0, 11.0, 20.0, 2.0, 9.0, 66.0, 3.0, 21.0, 8.0, 9.0, 75.0, 28.0, 45.0, 13.0, 2.0, 20.0, 17.0, 2.0, 15.0, 27.0, 4.0, 7.0, 24.0, 21.0, 11.0, 31.0, 9.0, 5.0, 29.0, 16.0, 16.0, 1.0, 18.0, 9.0, 45.0, 9.0, 27.0, 9.0, 14.0, 10.0, 7.0, 9.0, 33.0, 8.0, 17.0, 64.0, 10.0, 7.0, 3.0, 21.0, 15.0, 24.0, 8.0, 11.0, 13.0, 13.0, 1.0, 14.0, 9.0, 39.0, 69.0, 28.0, 22.0, 24.0, 8.0, 1.0, 5.0, 15.0, 7.0, 20.0, 26.0, 2.0, 5.0, 54.0, 70.0, 16.0, 15.0, 2.0, 41.0, 33.0, 25.0, 14.0, 11.0, 17.0, 9.0, 7.0, 4.0, 11.0, 201.0, 1.0, 13.0, 3.0, 83.0, 11.0, 28.0, 15.0, 54.0, 47.0, 21.0, 37.0, 25.0, 8.0, 10.0, 14.0, 31.0, 11.0] 

traffic times
 [43.0, 12.0, 11.0, 33.0, 115.0, 18.0, 1.0, 19.0, 9.0, 1.0, 14.0, 15.0, 11.0, 8.0, 5.0, 22.0, 19.0, 19.0, 12.0, 13.0, 32.0, 8.0, 26.0, 119.0, 8.0, 37.0, 36.0, 7.0, 14.0, 14.0, 64.0, 6.0, 102.0, 17.0, 40.0, 14.0, 33.0, 16.0, 1.0, 48.0, 1.0, 17.0, 14.0, 60.0, 2.0, 11.0, 105.0, 208.0, 21.0, 8.0, 1.0, 1.0, 7.0, 23.0, 6.0, 11.0, 21.0, 14.0, 178.0, 9.0, 82.0, 11.0, 46.0, 11.0, 7.0, 18.0, 33.0, 22.0, 11.0, 21.0, 1.0, 24.0, 13.0, 20.0, 1.0, 9.0, 13.0, 18.0, 9.0, 8.0, 137.0, 1.0, 18.0, 71.0, 21.0, 2.0, 18.0, 19.0, 21.0, 7.0, 32.0, 19.0, 6.0, 7.0, 7.0, 1.0, 1.0, 4.0, 47.0, 3.0, 1.0, 40.0, 18.0, 12.0, 32.0, 67.0, 7.0, 48.0, 16.0, 7.0, 59.0, 38.0, 22.0, 14.0, 16.0, 12.0, 13.0, 1.0, 38.0, 12.0, 27.0, 12.0, 15.0, 9.0, 13.0, 47.0, 19.0, 8.0, 12.0, 1.0, 21.0, 55.0, 25.0, 7.0, 21.0, 1.0, 14.0, 1.0, 91.0, 5.0, 83.0, 23.0, 14.0, 1.0, 20.0, 49.0, 11.0, 22.0, 10.0, 50.0, 1.0, 83.0, 18.0, 1.0, 1.0, 1.0, 23.0, 25.0, 23.0, 7.0, 22.0, 12.0, 43.0, 24.0, 23.0, 20.0, 25.0, 3.0, 7.0, 10.0, 33.0, 6.0, 7.0, 54.0, 66.0, 7.0, 19.0, 23.0, 17.0, 7.0, 106.0, 42.0, 18.0, 16.0, 1.0, 3.0, 37.0, 7.0, 15.0, 1.0, 19.0, 14.0, 14.0, 16.0, 181.0, 7.0, 7.0, 3.0, 30.0, 21.0, 10.0, 9.0, 33.0, 8.0, 7.0, 16.0, 14.0, 17.0, 12.0, 13.0, 4.0, 9.0, 21.0, 110.0, 41.0, 1.0, 1.0, 8.0, 18.0, 29.0, 45.0, 2.0, 38.0, 11.0, 43.0, 45.0, 1.0, 7.0, 40.0, 1.0, 34.0, 39.0, 16.0, 34.0, 1.0, 1.0, 8.0, 58.0, 13.0, 2.0, 42.0, 27.0, 22.0, 14.0, 8.0, 27.0, 11.0, 19.0, 20.0, 7.0, 9.0, 11.0, 26.0, 3.0, 9.0, 28.0, 14.0, 13.0, 8.0, 1.0, 1.0, 80.0, 47.0, 1.0, 5.0, 61.0, 48.0, 14.0, 1.0, 17.0, 27.0, 2.0, 14.0, 44.0, 7.0, 1.0, 1.0, 1.0, 1.0, 6.0, 8.0, 1.0, 26.0, 25.0, 1.0, 23.0, 6.0, 41.0, 166.0, 1.0, 5.0, 9.0, 1.0, 19.0, 7.0, 7.0, 9.0, 44.0, 1.0, 62.0, 203.0, 18.0, 2.0, 78.0, 7.0, 56.0, 26.0, 1.0, 9.0, 1.0, 16.0, 7.0, 18.0, 1.0, 1.0, 20.0, 10.0, 1.0, 7.0, 14.0, 8.0, 18.0, 13.0, 13.0, 67.0, 36.0, 13.0, 1.0, 15.0, 11.0, 7.0, 27.0, 14.0, 34.0, 25.0, 38.0, 269.0, 3.0, 1.0, 18.0, 30.0, 12.0, 1.0, 30.0, 5.0, 9.0, 25.0, 38.0, 14.0, 23.0, 11.0, 39.0, 51.0, 17.0, 16.0, 1.0, 2.0, 7.0, 21.0, 10.0, 12.0, 43.0, 8.0, 1.0, 12.0, 31.0, 40.0, 1.0, 1.0, 51.0, 1.0, 10.0, 16.0, 35.0, 29.0, 18.0, 14.0, 9.0, 27.0, 1.0, 74.0, 53.0, 36.0, 9.0, 17.0, 40.0, 18.0, 9.0, 1.0, 7.0, 1.0, 41.0, 13.0, 23.0, 22.0, 13.0, 11.0, 32.0, 66.0, 45.0, 13.0, 16.0, 7.0, 58.0, 21.0, 11.0, 5.0, 44.0, 51.0, 133.0, 1.0, 18.0, 12.0, 1.0, 1.0, 6.0, 30.0, 32.0, 1.0, 21.0, 18.0, 11.0, 9.0, 8.0, 5.0, 17.0, 1.0, 6.0, 15.0, 8.0, 18.0, 89.0, 7.0, 19.0, 1.0, 37.0, 1.0, 1.0, 1.0, 21.0, 58.0, 8.0, 3.0, 14.0, 10.0, 43.0, 46.0, 1.0, 13.0, 1.0, 15.0, 33.0, 1.0, 16.0, 26.0, 75.0, 131.0, 39.0, 124.0, 7.0, 20.0, 47.0, 18.0, 13.0, 7.0, 55.0, 45.0, 16.0, 1.0, 1.0, 49.0, 1.0, 1.0, 12.0, 31.0, 7.0, 112.0, 3.0, 1.0, 1.0, 8.0, 7.0, 10.0, 15.0, 15.0, 1.0, 7.0, 53.0, 1.0, 5.0, 17.0, 15.0, 24.0, 37.0, 7.0, 30.0, 16.0, 32.0, 23.0, 19.0, 7.0, 43.0, 18.0, 23.0, 8.0, 1.0, 19.0, 1.0, 1.0, 108.0, 27.0, 43.0, 8.0, 7.0, 39.0, 66.0, 5.0, 2.0, 20.0, 11.0, 7.0, 20.0, 22.0, 1.0, 1.0, 34.0, 18.0, 1.0, 8.0, 39.0, 16.0, 40.0, 12.0, 1.0, 1.0, 22.0, 29.0, 8.0, 34.0, 30.0, 20.0, 12.0, 7.0, 15.0, 23.0, 38.0, 34.0, 26.0, 8.0, 3.0, 112.0, 30.0, 11.0, 28.0, 14.0, 20.0, 10.0, 9.0, 1.0, 53.0, 41.0, 30.0, 6.0, 89.0, 3.0, 19.0, 7.0, 1.0, 18.0, 2.0, 4.0, 23.0, 173.0, 17.0, 2.0, 42.0, 34.0, 140.0, 23.0, 11.0, 35.0, 13.0, 17.0, 1.0, 11.0, 134.0, 2.0, 12.0, 8.0, 50.0, 1.0, 12.0, 5.0, 1.0, 29.0, 32.0, 19.0, 5.0, 4.0, 25.0, 16.0, 32.0, 17.0, 5.0, 18.0, 83.0, 13.0, 11.0, 19.0, 48.0, 7.0, 9.0, 91.0, 46.0, 42.0, 1.0, 15.0, 1.0, 24.0, 1.0, 24.0, 19.0, 249.0, 19.0, 26.0, 33.0, 20.0, 16.0, 10.0, 1.0, 31.0, 24.0, 6.0, 32.0, 42.0, 1.0, 21.0, 227.0, 1.0, 71.0, 19.0, 37.0, 21.0, 12.0, 37.0, 8.0, 1.0, 29.0, 16.0, 199.0, 16.0, 6.0, 14.0, 12.0, 2.0, 1.0, 9.0, 30.0, 7.0, 6.0, 55.0, 25.0, 7.0, 15.0, 63.0, 39.0, 27.0, 50.0, 10.0, 11.0, 25.0, 25.0, 17.0, 1.0, 3.0, 16.0, 151.0, 4.0, 14.0, 35.0, 20.0, 14.0, 17.0, 18.0, 99.0, 34.0, 1.0, 68.0, 4.0, 49.0, 10.0, 1.0, 1.0, 19.0, 40.0, 29.0, 1.0, 1.0, 24.0, 46.0, 8.0, 9.0, 8.0, 13.0, 1.0, 10.0, 23.0, 33.0, 15.0, 23.0, 38.0, 18.0, 7.0, 1.0, 15.0, 36.0, 22.0, 7.0, 7.0, 1.0, 83.0, 37.0, 44.0, 97.0, 1.0, 12.0, 58.0, 33.0, 11.0, 20.0, 31.0, 27.0, 1.0, 17.0, 1.0, 16.0, 6.0, 1.0, 95.0, 66.0, 33.0, 2.0, 15.0, 1.0, 5.0, 12.0, 14.0, 18.0, 20.0, 49.0, 25.0, 11.0, 11.0, 293.0, 36.0, 19.0, 19.0, 1.0, 80.0, 49.0, 48.0, 11.0, 1.0, 1.0, 12.0, 117.0, 32.0, 201.0, 1.0, 16.0, 131.0, 30.0, 29.0, 11.0, 58.0, 34.0, 1.0, 22.0, 1.0, 65.0, 22.0, 33.0, 40.0, 6.0, 18.0, 1.0, 12.0, 58.0, 29.0, 6.0, 10.0, 7.0, 14.0, 40.0, 12.0, 35.0, 11.0, 21.0, 20.0, 12.0, 1.0, 8.0, 11.0, 7.0, 13.0, 7.0, 1.0, 12.0, 24.0, 29.0, 13.0, 8.0, 5.0, 1.0, 17.0, 11.0, 25.0, 11.0, 36.0, 23.0, 1.0, 10.0, 1.0, 50.0, 1.0, 86.0, 48.0, 19.0, 24.0, 1.0, 19.0, 23.0, 2.0, 54.0, 18.0, 13.0, 50.0, 6.0, 12.0, 286.0, 1.0, 35.0, 11.0, 50.0, 80.0, 106.0, 42.0, 15.0, 18.0, 7.0, 22.0, 51.0, 1.0, 17.0, 23.0, 1.0, 11.0, 7.0, 51.0, 8.0, 1.0, 32.0, 1.0, 41.0, 5.0, 1.0, 1.0, 40.0, 63.0, 23.0, 23.0, 7.0, 21.0, 7.0, 53.0, 8.0, 1.0, 20.0, 26.0, 7.0, 173.0, 1.0, 11.0, 13.0, 66.0, 1.0, 11.0, 18.0, 47.0, 24.0, 21.0, 14.0, 18.0, 1.0, 25.0, 1.0, 15.0, 15.0, 21.0, 44.0, 7.0, 51.0, 29.0, 7.0, 19.0, 43.0, 47.0, 1.0, 52.0, 1.0, 96.0, 13.0, 17.0, 11.0, 3.0, 21.0, 11.0, 114.0, 1.0, 9.0, 27.0, 3.0, 27.0, 16.0, 20.0, 21.0, 19.0, 1.0, 12.0, 1.0, 29.0, 10.0, 15.0, 49.0, 7.0, 7.0, 18.0, 75.0, 4.0, 7.0, 40.0, 9.0, 83.0, 15.0, 13.0, 21.0, 9.0, 35.0, 16.0, 9.0, 4.0, 88.0, 1.0, 67.0, 35.0, 12.0, 25.0, 5.0, 1.0, 63.0, 49.0, 60.0, 34.0, 14.0, 10.0, 8.0, 1.0, 21.0, 24.0, 20.0, 13.0, 8.0, 4.0, 74.0, 7.0, 53.0, 1.0, 30.0, 17.0, 1.0, 56.0, 9.0, 61.0, 18.0, 45.0, 7.0, 31.0, 1.0, 57.0, 7.0, 46.0, 17.0, 1.0, 48.0, 18.0, 102.0, 18.0, 1.0, 5.0, 1.0, 11.0, 1.0, 1.0, 9.0, 1.0, 21.0, 25.0, 1.0, 1.0, 108.0, 10.0, 18.0, 1.0, 1.0, 13.0, 1.0, 11.0, 7.0, 37.0, 30.0, 124.0, 1.0, 1.0, 28.0, 18.0, 26.0, 34.0, 7.0, 147.0, 11.0, 28.0, 12.0, 22.0, 23.0, 34.0, 1.0, 110.0, 48.0, 14.0, 11.0, 11.0, 1.0, 11.0, 23.0, 8.0, 17.0, 10.0, 1.0, 11.0, 3.0, 30.0, 17.0, 19.0, 14.0, 16.0, 36.0, 20.0, 1.0, 5.0, 2.0, 80.0, 7.0, 1.0, 124.0, 1.0, 51.0, 15.0, 29.0, 1.0, 132.0, 53.0, 5.0, 138.0, 15.0, 27.0, 8.0, 18.0, 28.0, 15.0, 3.0, 26.0, 11.0, 30.0, 5.0, 15.0, 1.0, 16.0, 15.0, 9.0, 52.0, 16.0, 2.0, 1.0, 59.0, 43.0, 66.0, 14.0, 14.0, 11.0, 2.0, 13.0, 149.0, 8.0, 10.0, 4.0, 16.0, 10.0, 80.0, 54.0, 12.0, 7.0, 18.0, 35.0, 274.0, 134.0, 8.0, 1.0, 43.0, 4.0, 35.0, 56.0, 1.0, 7.0, 6.0, 33.0, 1.0, 12.0, 7.0, 37.0, 11.0, 11.0, 54.0, 8.0, 23.0, 12.0, 43.0, 6.0, 25.0, 20.0, 28.0, 11.0, 6.0, 1.0, 19.0, 1.0, 20.0, 7.0, 9.0, 5.0, 1.0, 26.0, 52.0, 35.0, 30.0, 23.0, 83.0, 1.0, 11.0, 13.0, 204.0, 11.0, 12.0, 18.0, 1.0, 12.0, 256.0, 23.0, 82.0, 9.0, 1.0, 22.0, 61.0, 8.0, 23.0, 7.0, 29.0, 7.0, 1.0, 15.0, 121.0, 9.0, 32.0, 44.0, 1.0, 8.0, 57.0, 11.0, 21.0, 3.0, 22.0, 22.0, 14.0, 10.0, 1.0, 13.0, 1.0, 15.0, 160.0, 70.0, 22.0, 22.0, 25.0, 3.0, 18.0, 4.0, 27.0, 15.0, 41.0, 35.0, 30.0, 1.0, 40.0, 40.0, 15.0, 10.0, 8.0, 14.0, 5.0, 1.0, 10.0, 28.0, 14.0, 18.0, 1.0, 15.0, 9.0, 12.0, 70.0, 61.0, 72.0, 1.0, 40.0, 6.0, 15.0, 38.0, 40.0, 20.0, 3.0, 105.0, 75.0, 65.0, 1.0, 1.0, 49.0, 28.0, 112.0, 2.0, 7.0, 1.0, 20.0, 1.0, 11.0, 33.0, 1.0, 29.0, 1.0, 6.0, 28.0, 21.0, 23.0, 11.0, 36.0, 64.0, 1.0, 26.0, 14.0, 1.0, 51.0, 12.0, 6.0, 20.0, 41.0, 11.0, 39.0, 5.0, 1.0, 9.0, 41.0, 94.0, 1.0, 33.0, 18.0, 37.0, 6.0, 12.0, 44.0, 28.0, 7.0, 28.0, 29.0, 17.0, 8.0, 15.0, 7.0, 27.0, 4.0, 12.0, 8.0, 20.0, 3.0, 147.0, 12.0, 15.0, 14.0, 2.0, 15.0, 4.0, 11.0, 7.0, 14.0, 1.0, 82.0, 9.0, 192.0, 11.0, 43.0, 20.0, 1.0, 1.0, 8.0, 30.0, 9.0, 7.0, 11.0, 24.0, 11.0, 5.0, 4.0, 7.0, 1.0, 41.0, 104.0, 40.0, 30.0, 28.0, 21.0, 8.0, 22.0, 12.0, 35.0, 15.0, 12.0, 1.0, 1.0, 1.0, 6.0, 37.0, 8.0, 1.0, 29.0, 17.0, 1.0, 14.0, 25.0, 14.0, 1.0, 10.0, 1.0, 58.0, 130.0, 8.0, 21.0, 21.0, 40.0, 3.0, 8.0, 19.0, 44.0, 1.0, 1.0, 15.0, 65.0, 27.0, 13.0, 95.0, 12.0, 75.0, 7.0, 1.0, 45.0, 1.0, 14.0, 38.0, 9.0, 51.0, 9.0, 42.0, 60.0, 46.0, 15.0, 19.0, 34.0, 52.0, 1.0, 1.0, 34.0, 15.0, 11.0, 1.0, 16.0, 28.0, 22.0, 63.0, 1.0, 191.0, 13.0, 93.0, 1.0, 13.0, 7.0, 12.0, 23.0, 14.0, 32.0, 13.0, 12.0, 36.0, 15.0, 1.0, 1.0, 13.0, 17.0, 11.0, 15.0, 19.0, 15.0, 46.0, 37.0, 1.0, 8.0, 16.0, 12.0, 33.0, 14.0, 33.0, 13.0, 8.0, 7.0, 87.0, 1.0, 26.0, 36.0, 2.0, 10.0, 18.0, 33.0, 16.0, 11.0, 11.0, 9.0, 44.0, 11.0, 10.0, 13.0, 4.0, 1.0, 1.0, 1.0, 5.0, 14.0, 42.0, 35.0, 65.0, 39.0, 87.0, 28.0, 7.0, 9.0, 4.0, 39.0, 39.0, 13.0, 1.0, 6.0, 20.0, 17.0, 1.0, 33.0, 3.0, 14.0, 1.0, 10.0, 10.0, 2.0, 20.0, 13.0, 8.0, 30.0, 13.0, 30.0, 101.0, 5.0, 41.0, 1.0, 15.0, 15.0, 12.0, 14.0, 18.0, 1.0, 8.0, 7.0, 69.0, 1.0, 34.0, 5.0, 41.0, 5.0, 7.0, 15.0, 7.0, 1.0, 11.0, 38.0, 21.0, 13.0, 10.0, 8.0, 31.0, 20.0, 62.0, 14.0, 3.0, 22.0, 6.0, 7.0, 15.0, 18.0, 1.0, 2.0, 10.0, 1.0, 1.0, 20.0, 47.0, 11.0, 8.0, 1.0, 1.0, 30.0, 187.0, 22.0, 15.0, 16.0, 8.0, 27.0, 26.0, 1.0, 7.0, 83.0, 10.0, 16.0, 15.0, 44.0, 7.0, 1.0, 1.0, 1.0, 13.0, 1.0, 158.0, 13.0, 6.0, 30.0, 17.0, 6.0, 62.0, 21.0, 74.0, 44.0, 8.0, 12.0, 15.0, 40.0, 55.0, 3.0, 1.0, 7.0, 7.0, 7.0, 12.0, 1.0, 174.0, 50.0, 37.0, 25.0, 12.0, 58.0, 37.0, 31.0, 7.0, 1.0, 2.0, 18.0, 11.0, 23.0, 115.0, 8.0, 30.0, 20.0, 26.0, 16.0, 43.0, 27.0, 1.0, 22.0, 44.0, 48.0, 18.0, 11.0, 10.0, 18.0, 10.0, 1.0, 15.0, 8.0] 

total times
 [43.0, 1.0, 12.0, 11.0, 33.0, 115.0, 12.0, 18.0, 1.0, 19.0, 9.0, 10.0, 14.0, 16.0, 11.0, 16.0, 23.0, 73.0, 11.0, 95.0, 19.0, 39.0, 12.0, 13.0, 32.0, 1.0, 8.0, 16.0, 52.0, 119.0, 8.0, 37.0, 36.0, 7.0, 14.0, 14.0, 64.0, 6.0, 2.0, 17.0, 135.0, 35.0, 4.0, 7.0, 17.0, 40.0, 14.0, 33.0, 16.0, 59.0, 60.0, 48.0, 1.0, 16.0, 28.0, 17.0, 44.0, 24.0, 14.0, 60.0, 2.0, 19.0, 105.0, 41.0, 208.0, 8.0, 27.0, 21.0, 8.0, 11.0, 1.0, 12.0, 7.0, 23.0, 19.0, 13.0, 6.0, 11.0, 21.0, 14.0, 188.0, 9.0, 21.0, 82.0, 11.0, 46.0, 11.0, 24.0, 7.0, 20.0, 33.0, 55.0, 22.0, 19.0, 16.0, 7.0, 21.0, 10.0, 1.0, 25.0, 13.0, 3.0, 20.0, 12.0, 11.0, 9.0, 13.0, 13.0, 18.0, 20.0, 12.0, 23.0, 38.0, 137.0, 1.0, 2.0, 18.0, 71.0, 21.0, 21.0, 2.0, 6.0, 18.0, 47.0, 35.0, 4.0, 7.0, 32.0, 41.0, 6.0, 5.0, 39.0, 7.0, 17.0, 1.0, 9.0, 30.0, 4.0, 5.0, 6.0, 6.0, 47.0, 3.0, 14.0, 28.0, 8.0, 104.0, 14.0, 18.0, 12.0, 105.0, 32.0, 67.0, 7.0, 56.0, 16.0, 46.0, 29.0, 7.0, 59.0, 17.0, 38.0, 17.0, 22.0, 14.0, 16.0, 12.0, 14.0, 9.0, 9.0, 145.0, 12.0, 27.0, 12.0, 15.0, 9.0, 13.0, 22.0, 34.0, 47.0, 19.0, 1.0, 43.0, 23.0, 8.0, 12.0, 10.0, 52.0, 63.0, 25.0, 50.0, 7.0, 21.0, 18.0, 1.0, 23.0, 1.0, 54.0, 22.0, 91.0, 5.0, 5.0, 8.0, 16.0, 83.0, 23.0, 16.0, 14.0, 1.0, 20.0, 53.0, 2.0, 19.0, 79.0, 22.0, 10.0, 61.0, 50.0, 1.0, 108.0, 21.0, 50.0, 44.0, 1.0, 9.0, 56.0, 1.0, 11.0, 23.0, 49.0, 23.0, 7.0, 22.0, 12.0, 17.0, 35.0, 11.0, 47.0, 11.0, 43.0, 24.0, 29.0, 12.0, 23.0, 22.0, 44.0, 44.0, 7.0, 7.0, 35.0, 11.0, 90.0, 6.0, 7.0, 6.0, 54.0, 6.0, 162.0, 25.0, 7.0, 53.0, 57.0, 10.0, 32.0, 36.0, 34.0, 24.0, 2.0, 14.0, 16.0, 9.0, 46.0, 20.0, 7.0, 106.0, 42.0, 24.0, 24.0, 1.0, 3.0, 26.0, 19.0, 20.0, 15.0, 37.0, 15.0, 15.0, 1.0, 21.0, 5.0, 19.0, 16.0, 83.0, 20.0, 34.0, 2.0, 16.0, 181.0, 7.0, 8.0, 7.0, 4.0, 3.0, 28.0, 14.0, 30.0, 37.0, 10.0, 15.0, 2.0, 9.0, 7.0, 19.0, 5.0, 107.0, 8.0, 7.0, 3.0, 3.0, 41.0, 14.0, 17.0, 12.0, 13.0, 12.0, 10.0, 2.0, 11.0, 4.0, 114.0, 21.0, 110.0, 3.0, 16.0, 41.0, 3.0, 1.0, 8.0, 23.0, 18.0, 29.0, 19.0, 13.0, 21.0, 14.0, 44.0, 21.0, 45.0, 35.0, 47.0, 128.0, 13.0, 48.0, 45.0, 1.0, 7.0, 11.0, 40.0, 1.0, 34.0, 39.0, 17.0, 44.0, 1.0, 30.0, 2.0, 18.0, 13.0, 1.0, 8.0, 24.0, 63.0, 13.0, 42.0, 44.0, 2.0, 67.0, 53.0, 27.0, 22.0, 9.0, 89.0, 14.0, 8.0, 5.0, 16.0, 12.0, 1.0, 42.0, 11.0, 26.0, 36.0, 14.0, 22.0, 7.0, 17.0, 20.0, 11.0, 26.0, 14.0, 10.0, 19.0, 18.0, 1.0, 5.0, 28.0, 14.0, 7.0, 13.0, 8.0, 1.0, 1.0, 80.0, 47.0, 19.0, 1.0, 1.0, 5.0, 44.0, 61.0, 23.0, 48.0, 14.0, 14.0, 7.0, 23.0, 46.0, 27.0, 2.0, 66.0, 6.0, 14.0, 44.0, 7.0, 4.0, 86.0, 1.0, 19.0, 24.0, 1.0, 1.0, 18.0, 17.0, 2.0, 55.0, 1.0, 28.0, 26.0, 25.0, 1.0, 2.0, 11.0, 16.0, 23.0, 6.0, 41.0, 166.0, 55.0, 5.0, 9.0, 1.0, 1.0, 29.0, 7.0, 7.0, 16.0, 17.0, 11.0, 44.0, 15.0, 1.0, 4.0, 76.0, 1.0, 9.0, 203.0, 22.0, 18.0, 2.0, 62.0, 81.0, 7.0, 56.0, 26.0, 10.0, 6.0, 11.0, 17.0, 1.0, 16.0, 7.0, 25.0, 18.0, 13.0, 1.0, 48.0, 77.0, 70.0, 20.0, 10.0, 103.0, 11.0, 7.0, 14.0, 1.0, 8.0, 18.0, 13.0, 16.0, 21.0, 67.0, 43.0, 13.0, 96.0, 15.0, 11.0, 7.0, 31.0, 21.0, 71.0, 1.0, 27.0, 38.0, 269.0, 59.0, 1.0, 10.0, 86.0, 40.0, 116.0, 1.0, 25.0, 22.0, 21.0, 72.0, 14.0, 111.0, 1.0, 9.0, 29.0, 27.0, 48.0, 14.0, 31.0, 2.0, 11.0, 39.0, 51.0, 3.0, 19.0, 17.0, 16.0, 8.0, 2.0, 48.0, 7.0, 69.0, 2.0, 21.0, 11.0, 12.0, 51.0, 8.0, 1.0, 17.0, 12.0, 31.0, 40.0, 7.0, 9.0, 16.0, 14.0, 1.0, 51.0, 39.0, 40.0, 1.0, 10.0, 2.0, 40.0, 16.0, 42.0, 56.0, 39.0, 11.0, 18.0, 14.0, 24.0, 16.0, 8.0, 43.0, 12.0, 27.0, 1.0, 8.0, 9.0, 1.0, 4.0, 135.0, 5.0, 57.0, 53.0, 7.0, 36.0, 9.0, 65.0, 50.0, 27.0, 19.0, 4.0, 6.0, 1.0, 26.0, 7.0, 38.0, 41.0, 16.0, 23.0, 22.0, 13.0, 21.0, 16.0, 10.0, 7.0, 32.0, 130.0, 55.0, 13.0, 16.0, 7.0, 58.0, 9.0, 21.0, 11.0, 5.0, 13.0, 5.0, 19.0, 44.0, 10.0, 13.0, 41.0, 82.0, 25.0, 133.0, 17.0, 1.0, 150.0, 18.0, 19.0, 8.0, 12.0, 14.0, 16.0, 70.0, 22.0, 32.0, 32.0, 1.0, 21.0, 83.0, 6.0, 18.0, 11.0, 9.0, 12.0, 13.0, 17.0, 18.0, 6.0, 15.0, 8.0, 18.0, 89.0, 7.0, 30.0, 50.0, 19.0, 5.0, 14.0, 1.0, 37.0, 1.0, 1.0, 15.0, 10.0, 13.0, 21.0, 58.0, 8.0, 17.0, 11.0, 14.0, 10.0, 15.0, 9.0, 9.0, 19.0, 2.0, 2.0, 20.0, 201.0, 8.0, 46.0, 1.0, 19.0, 13.0, 3.0, 41.0, 1.0, 20.0, 56.0, 54.0, 39.0, 7.0, 1.0, 16.0, 2.0, 2.0, 7.0, 34.0, 6.0, 145.0, 18.0, 131.0, 46.0, 124.0, 30.0, 89.0, 47.0, 17.0, 32.0, 28.0, 11.0, 13.0, 7.0, 55.0, 45.0, 16.0, 1.0, 39.0, 4.0, 1.0, 49.0, 5.0, 1.0, 1.0, 2.0, 12.0, 21.0, 35.0, 101.0, 7.0, 112.0, 19.0, 3.0, 10.0, 29.0, 41.0, 13.0, 1.0, 8.0, 44.0, 13.0, 7.0, 10.0, 3.0, 15.0, 10.0, 15.0, 3.0, 18.0, 15.0, 1.0, 7.0, 53.0, 1.0, 97.0, 11.0, 23.0, 2.0, 9.0, 17.0, 20.0, 27.0, 3.0, 24.0, 37.0, 7.0, 16.0, 91.0, 16.0, 16.0, 32.0, 16.0, 45.0, 23.0, 27.0, 7.0, 43.0, 18.0, 10.0, 55.0, 23.0, 8.0, 10.0, 1.0, 19.0, 4.0, 70.0, 22.0, 7.0, 30.0, 4.0, 27.0, 1.0, 18.0, 43.0, 116.0, 16.0, 29.0, 284.0, 9.0, 16.0, 8.0, 3.0, 11.0, 43.0, 8.0, 7.0, 39.0, 89.0, 21.0, 5.0, 10.0, 40.0, 14.0, 20.0, 11.0, 7.0, 17.0, 22.0, 22.0, 1.0, 38.0, 1.0, 34.0, 7.0, 18.0, 1.0, 8.0, 3.0, 39.0, 16.0, 13.0, 40.0, 12.0, 1.0, 30.0, 1.0, 46.0, 29.0, 8.0, 34.0, 30.0, 5.0, 14.0, 20.0, 12.0, 7.0, 15.0, 23.0, 38.0, 34.0, 34.0, 58.0, 8.0, 9.0, 50.0, 17.0, 61.0, 8.0, 122.0, 10.0, 30.0, 11.0, 28.0, 45.0, 14.0, 20.0, 10.0, 9.0, 13.0, 1.0, 1.0, 70.0, 9.0, 4.0, 46.0, 15.0, 7.0, 67.0, 6.0, 104.0, 3.0, 19.0, 6.0, 12.0, 7.0, 17.0, 44.0, 29.0, 9.0, 18.0, 2.0, 39.0, 4.0, 33.0, 179.0, 17.0, 16.0, 42.0, 56.0, 25.0, 140.0, 26.0, 11.0, 35.0, 17.0, 13.0, 17.0, 10.0, 11.0, 5.0, 25.0, 11.0, 14.0, 17.0, 134.0, 13.0, 16.0, 2.0, 1.0, 12.0, 8.0, 14.0, 52.0, 1.0, 8.0, 47.0, 5.0, 1.0, 5.0, 33.0, 32.0, 27.0, 74.0, 4.0, 23.0, 8.0, 3.0, 42.0, 57.0, 21.0, 18.0, 110.0, 23.0, 17.0, 15.0, 5.0, 100.0, 83.0, 20.0, 11.0, 19.0, 69.0, 12.0, 7.0, 10.0, 42.0, 39.0, 91.0, 46.0, 42.0, 2.0, 31.0, 12.0, 24.0, 1.0, 9.0, 24.0, 1.0, 24.0, 18.0, 60.0, 8.0, 252.0, 19.0, 82.0, 16.0, 33.0, 7.0, 20.0, 19.0, 10.0, 10.0, 31.0, 24.0, 6.0, 32.0, 52.0, 14.0, 1.0, 4.0, 23.0, 247.0, 1.0, 71.0, 37.0, 37.0, 37.0, 15.0, 26.0, 1.0, 37.0, 8.0, 1.0, 29.0, 26.0, 9.0, 25.0, 199.0, 16.0, 6.0, 14.0, 12.0, 2.0, 19.0, 11.0, 9.0, 80.0, 7.0, 15.0, 5.0, 6.0, 55.0, 30.0, 7.0, 15.0, 63.0, 15.0, 39.0, 27.0, 9.0, 10.0, 97.0, 82.0, 10.0, 19.0, 25.0, 25.0, 17.0, 1.0, 6.0, 42.0, 23.0, 58.0, 31.0, 167.0, 13.0, 14.0, 35.0, 20.0, 19.0, 123.0, 18.0, 99.0, 2.0, 2.0, 75.0, 1.0, 112.0, 3.0, 4.0, 13.0, 49.0, 3.0, 16.0, 6.0, 10.0, 21.0, 1.0, 1.0, 21.0, 49.0, 40.0, 29.0, 9.0, 23.0, 1.0, 1.0, 1.0, 26.0, 10.0, 82.0, 46.0, 23.0, 3.0, 19.0, 8.0, 10.0, 8.0, 35.0, 22.0, 14.0, 9.0, 1.0, 10.0, 2.0, 9.0, 23.0, 33.0, 23.0, 23.0, 55.0, 38.0, 18.0, 10.0, 8.0, 7.0, 4.0, 3.0, 1.0, 15.0, 25.0, 36.0, 22.0, 7.0, 7.0, 11.0, 1.0, 83.0, 37.0, 44.0, 44.0, 97.0, 9.0, 1.0, 16.0, 45.0, 37.0, 86.0, 33.0, 12.0, 6.0, 16.0, 27.0, 15.0, 50.0, 3.0, 31.0, 43.0, 1.0, 56.0, 5.0, 15.0, 11.0, 16.0, 6.0, 1.0, 104.0, 4.0, 66.0, 65.0, 11.0, 12.0, 17.0, 19.0, 1.0, 5.0, 12.0, 15.0, 9.0, 2.0, 14.0, 18.0, 20.0, 14.0, 1.0, 37.0, 267.0, 25.0, 49.0, 11.0, 5.0, 293.0, 39.0, 8.0, 19.0, 19.0, 1.0, 1.0, 80.0, 2.0, 72.0, 8.0, 147.0, 11.0, 1.0, 42.0, 5.0, 12.0, 12.0, 31.0, 117.0, 13.0, 2.0, 41.0, 201.0, 1.0, 16.0, 131.0, 38.0, 29.0, 1.0, 11.0, 58.0, 34.0, 8.0, 23.0, 41.0, 22.0, 13.0, 18.0, 1.0, 63.0, 70.0, 22.0, 45.0, 40.0, 34.0, 3.0, 18.0, 11.0, 24.0, 23.0, 9.0, 18.0, 1.0, 12.0, 58.0, 29.0, 7.0, 6.0, 13.0, 10.0, 7.0, 14.0, 40.0, 12.0, 44.0, 11.0, 21.0, 20.0, 12.0, 5.0, 3.0, 10.0, 8.0, 1.0, 3.0, 46.0, 43.0, 11.0, 15.0, 23.0, 15.0, 7.0, 12.0, 66.0, 21.0, 29.0, 13.0, 21.0, 113.0, 10.0, 8.0, 53.0, 5.0, 10.0, 2.0, 1.0, 11.0, 6.0, 32.0, 11.0, 25.0, 11.0, 36.0, 23.0, 24.0, 35.0, 10.0, 1.0, 50.0, 1.0, 96.0, 48.0, 19.0, 31.0, 16.0, 24.0, 1.0, 19.0, 43.0, 6.0, 71.0, 18.0, 15.0, 32.0, 50.0, 53.0, 6.0, 13.0, 29.0, 286.0, 1.0, 8.0, 35.0, 11.0, 50.0, 16.0, 89.0, 9.0, 106.0, 3.0, 23.0, 3.0, 42.0, 15.0, 22.0, 34.0, 22.0, 51.0, 1.0, 38.0, 17.0, 23.0, 1.0, 28.0, 11.0, 5.0, 7.0, 19.0, 51.0, 8.0, 1.0, 9.0, 32.0, 1.0, 18.0, 41.0, 39.0, 1.0, 15.0, 52.0, 40.0, 24.0, 71.0, 23.0, 27.0, 39.0, 23.0, 7.0, 15.0, 22.0, 7.0, 17.0, 9.0, 53.0, 10.0, 1.0, 20.0, 18.0, 26.0, 13.0, 7.0, 173.0, 1.0, 3.0, 5.0, 11.0, 14.0, 66.0, 1.0, 11.0, 4.0, 10.0, 5.0, 22.0, 9.0, 81.0, 47.0, 52.0, 9.0, 13.0, 31.0, 24.0, 21.0, 3.0, 14.0, 14.0, 67.0, 1.0, 11.0, 9.0, 25.0, 1.0, 12.0, 1.0, 15.0, 11.0, 15.0, 21.0, 44.0, 10.0, 7.0, 21.0, 51.0, 66.0, 7.0, 19.0, 5.0, 43.0, 47.0, 65.0, 8.0, 25.0, 52.0, 1.0, 8.0, 104.0, 70.0, 4.0, 14.0, 1.0, 17.0, 47.0, 11.0, 3.0, 10.0, 21.0, 11.0, 8.0, 4.0, 114.0, 25.0, 1.0, 10.0, 27.0, 3.0, 55.0, 18.0, 28.0, 5.0, 20.0, 12.0, 21.0, 13.0, 19.0, 1.0, 12.0, 9.0, 113.0, 8.0, 20.0, 12.0, 9.0, 10.0, 33.0, 15.0, 19.0, 11.0, 17.0, 8.0, 49.0, 37.0, 13.0, 7.0, 28.0, 7.0, 44.0, 83.0, 4.0, 7.0, 40.0, 9.0, 83.0, 17.0, 40.0, 15.0, 13.0, 20.0, 21.0, 16.0, 3.0, 45.0, 35.0, 42.0, 28.0, 9.0, 24.0, 58.0, 7.0, 92.0, 1.0, 102.0, 40.0, 38.0, 68.0, 3.0, 25.0, 11.0, 23.0, 5.0, 1.0, 63.0, 84.0, 60.0, 44.0, 13.0, 79.0, 38.0, 14.0, 8.0, 1.0, 48.0, 21.0, 24.0, 11.0, 34.0, 24.0, 20.0, 13.0, 25.0, 8.0, 4.0, 74.0, 24.0, 52.0, 7.0, 81.0, 17.0, 13.0, 14.0, 1.0, 12.0, 69.0, 18.0, 17.0, 33.0, 1.0, 56.0, 9.0, 42.0, 26.0, 61.0, 21.0, 19.0, 45.0, 46.0, 7.0, 32.0, 1.0, 57.0, 7.0, 11.0, 64.0, 17.0, 1.0, 171.0, 10.0, 21.0, 18.0, 102.0, 44.0, 1.0, 38.0, 13.0, 63.0, 1.0, 11.0, 1.0, 4.0, 1.0, 9.0, 16.0, 11.0, 3.0, 21.0, 38.0, 1.0, 1.0, 2.0, 108.0, 11.0, 9.0, 57.0, 14.0, 15.0, 30.0, 18.0, 20.0, 18.0, 11.0, 11.0, 11.0, 9.0, 13.0, 2.0, 1.0, 18.0, 7.0, 37.0, 63.0, 19.0, 124.0, 1.0, 1.0, 52.0, 9.0, 18.0, 34.0, 15.0, 10.0, 34.0, 7.0, 30.0, 190.0, 14.0, 11.0, 28.0, 12.0, 22.0, 23.0, 37.0, 10.0, 13.0, 2.0, 110.0, 15.0, 48.0, 14.0, 11.0, 27.0, 6.0, 11.0, 1.0, 53.0, 10.0, 6.0, 16.0, 38.0, 2.0, 100.0, 8.0, 17.0, 10.0, 1.0, 13.0, 5.0, 53.0, 38.0, 3.0, 30.0, 17.0, 31.0, 19.0, 14.0, 16.0, 36.0, 20.0, 23.0, 23.0, 1.0, 13.0, 5.0, 35.0, 174.0, 7.0, 9.0, 124.0, 1.0, 3.0, 51.0, 12.0, 41.0, 16.0, 33.0, 6.0, 15.0, 29.0, 1.0, 132.0, 9.0, 5.0, 2.0, 11.0, 29.0, 53.0, 13.0, 5.0, 8.0, 9.0, 9.0, 138.0, 15.0, 31.0, 8.0, 26.0, 9.0, 28.0, 15.0, 3.0, 13.0, 26.0, 11.0, 42.0, 18.0, 30.0, 5.0, 15.0, 14.0, 1.0, 16.0, 15.0, 11.0, 14.0, 36.0, 7.0, 32.0, 128.0, 16.0, 9.0, 24.0, 40.0, 5.0, 6.0, 83.0, 59.0, 164.0, 20.0, 35.0, 76.0, 57.0, 6.0, 1.0, 14.0, 4.0, 73.0, 14.0, 11.0, 2.0, 13.0, 51.0, 159.0, 8.0, 10.0, 4.0, 76.0, 16.0, 10.0, 80.0, 54.0, 12.0, 7.0, 28.0, 35.0, 274.0, 134.0, 8.0, 11.0, 61.0, 15.0, 10.0, 45.0, 56.0, 1.0, 7.0, 58.0, 2.0, 27.0, 12.0, 15.0, 6.0, 33.0, 1.0, 12.0, 9.0, 20.0, 7.0, 37.0, 11.0, 11.0, 54.0, 13.0, 14.0, 23.0, 39.0, 12.0, 43.0, 12.0, 34.0, 25.0, 45.0, 26.0, 28.0, 13.0, 18.0, 30.0, 9.0, 6.0, 16.0, 1.0, 16.0, 109.0, 14.0, 10.0, 20.0, 3.0, 10.0, 7.0, 12.0, 7.0, 5.0, 86.0, 41.0, 52.0, 35.0, 30.0, 23.0, 83.0, 8.0, 13.0, 1.0, 23.0, 13.0, 17.0, 204.0, 11.0, 2.0, 12.0, 19.0, 1.0, 26.0, 9.0, 13.0, 256.0, 23.0, 126.0, 9.0, 1.0, 24.0, 20.0, 44.0, 61.0, 18.0, 4.0, 8.0, 9.0, 8.0, 22.0, 67.0, 14.0, 7.0, 29.0, 27.0, 1.0, 7.0, 1.0, 15.0, 121.0, 9.0, 10.0, 15.0, 33.0, 51.0, 52.0, 11.0, 14.0, 8.0, 9.0, 13.0, 57.0, 11.0, 21.0, 12.0, 40.0, 29.0, 14.0, 10.0, 31.0, 13.0, 9.0, 54.0, 36.0, 13.0, 1.0, 23.0, 5.0, 4.0, 16.0, 18.0, 15.0, 10.0, 160.0, 70.0, 88.0, 22.0, 25.0, 3.0, 62.0, 50.0, 5.0, 15.0, 105.0, 35.0, 30.0, 1.0, 27.0, 12.0, 40.0, 40.0, 15.0, 10.0, 8.0, 14.0, 13.0, 57.0, 14.0, 1.0, 6.0, 1.0, 27.0, 4.0, 1.0, 10.0, 28.0, 13.0, 14.0, 17.0, 22.0, 1.0, 60.0, 31.0, 15.0, 2.0, 12.0, 70.0, 61.0, 134.0, 7.0, 1.0, 158.0, 6.0, 15.0, 21.0, 47.0, 40.0, 27.0, 42.0, 3.0, 131.0, 75.0, 18.0, 65.0, 64.0, 41.0, 1.0, 8.0, 5.0, 1.0, 49.0, 28.0, 112.0, 11.0, 34.0, 7.0, 6.0, 1.0, 23.0, 12.0, 8.0, 21.0, 33.0, 13.0, 25.0, 11.0, 9.0, 4.0, 29.0, 33.0, 18.0, 8.0, 34.0, 21.0, 9.0, 23.0, 22.0, 2.0, 1.0, 10.0, 11.0, 22.0, 8.0, 46.0, 64.0, 37.0, 20.0, 31.0, 8.0, 87.0, 22.0, 31.0, 14.0, 87.0, 10.0, 51.0, 122.0, 21.0, 6.0, 20.0, 130.0, 11.0, 39.0, 6.0, 5.0, 1.0, 20.0, 30.0, 18.0, 9.0, 41.0, 3.0, 94.0, 57.0, 27.0, 1.0, 29.0, 18.0, 12.0, 87.0, 19.0, 30.0, 4.0, 37.0, 6.0, 44.0, 44.0, 28.0, 7.0, 29.0, 74.0, 39.0, 26.0, 8.0, 15.0, 7.0, 6.0, 27.0, 27.0, 4.0, 18.0, 13.0, 33.0, 47.0, 12.0, 22.0, 8.0, 20.0, 12.0, 147.0, 9.0, 18.0, 20.0, 48.0, 14.0, 2.0, 41.0, 12.0, 19.0, 10.0, 17.0, 23.0, 45.0, 14.0, 4.0, 45.0, 44.0, 31.0, 73.0, 14.0, 1.0, 12.0, 2.0, 20.0, 90.0, 33.0, 7.0, 192.0, 11.0, 17.0, 43.0, 20.0, 1.0, 1.0, 8.0, 8.0, 16.0, 30.0, 9.0, 14.0, 20.0, 31.0, 7.0, 16.0, 24.0, 11.0, 5.0, 11.0, 15.0, 6.0, 7.0, 27.0, 12.0, 1.0, 45.0, 41.0, 11.0, 104.0, 42.0, 38.0, 30.0, 21.0, 8.0, 19.0, 8.0, 22.0, 8.0, 12.0, 44.0, 41.0, 15.0, 80.0, 1.0, 1.0, 1.0, 6.0, 21.0, 11.0, 18.0, 37.0, 19.0, 8.0, 33.0, 1.0, 29.0, 28.0, 10.0, 2.0, 10.0, 12.0, 14.0, 27.0, 14.0, 1.0, 31.0, 5.0, 10.0, 33.0, 41.0, 16.0, 1.0, 58.0, 130.0, 33.0, 20.0, 1.0, 8.0, 24.0, 21.0, 40.0, 3.0, 8.0, 12.0, 19.0, 91.0, 13.0, 1.0, 44.0, 20.0, 36.0, 65.0, 128.0, 11.0, 13.0, 95.0, 12.0, 75.0, 7.0, 35.0, 16.0, 1.0, 45.0, 37.0, 1.0, 14.0, 38.0, 29.0, 9.0, 51.0, 23.0, 2.0, 9.0, 42.0, 23.0, 4.0, 19.0, 32.0, 2.0, 1.0, 9.0, 18.0, 60.0, 9.0, 43.0, 18.0, 46.0, 33.0, 25.0, 16.0, 15.0, 30.0, 19.0, 34.0, 4.0, 52.0, 44.0, 1.0, 1.0, 9.0, 17.0, 34.0, 15.0, 43.0, 11.0, 19.0, 28.0, 1.0, 8.0, 19.0, 28.0, 22.0, 63.0, 4.0, 26.0, 19.0, 191.0, 13.0, 129.0, 37.0, 56.0, 1.0, 13.0, 25.0, 22.0, 7.0, 95.0, 54.0, 14.0, 32.0, 5.0, 59.0, 4.0, 12.0, 36.0, 6.0, 21.0, 13.0, 15.0, 18.0, 2.0, 1.0, 6.0, 1.0, 21.0, 35.0, 17.0, 13.0, 11.0, 12.0, 5.0, 15.0, 16.0, 19.0, 15.0, 20.0, 46.0, 16.0, 17.0, 37.0, 1.0, 8.0, 44.0, 12.0, 33.0, 23.0, 26.0, 9.0, 26.0, 6.0, 77.0, 13.0, 8.0, 7.0, 87.0, 1.0, 35.0, 33.0, 5.0, 36.0, 11.0, 50.0, 9.0, 14.0, 18.0, 33.0, 26.0, 25.0, 5.0, 11.0, 13.0, 10.0, 15.0, 11.0, 9.0, 9.0, 88.0, 4.0, 52.0, 11.0, 52.0, 116.0, 5.0, 16.0, 13.0, 12.0, 23.0, 11.0, 6.0, 9.0, 1.0, 1.0, 10.0, 21.0, 54.0, 102.0, 13.0, 14.0, 44.0, 35.0, 75.0, 39.0, 13.0, 87.0, 59.0, 7.0, 2.0, 9.0, 9.0, 4.0, 8.0, 2.0, 51.0, 39.0, 15.0, 39.0, 18.0, 44.0, 1.0, 6.0, 27.0, 17.0, 1.0, 33.0, 3.0, 14.0, 1.0, 1.0, 15.0, 23.0, 13.0, 15.0, 4.0, 38.0, 42.0, 16.0, 101.0, 10.0, 2.0, 26.0, 13.0, 8.0, 40.0, 16.0, 30.0, 9.0, 16.0, 4.0, 11.0, 101.0, 5.0, 15.0, 15.0, 41.0, 1.0, 22.0, 29.0, 15.0, 15.0, 7.0, 12.0, 10.0, 14.0, 91.0, 18.0, 8.0, 8.0, 18.0, 7.0, 69.0, 14.0, 20.0, 1.0, 38.0, 8.0, 5.0, 11.0, 41.0, 20.0, 2.0, 5.0, 9.0, 7.0, 89.0, 3.0, 21.0, 8.0, 7.0, 9.0, 1.0, 75.0, 28.0, 11.0, 47.0, 45.0, 13.0, 2.0, 47.0, 14.0, 36.0, 8.0, 2.0, 31.0, 20.0, 15.0, 27.0, 4.0, 62.0, 14.0, 3.0, 22.0, 6.0, 7.0, 7.0, 15.0, 46.0, 21.0, 11.0, 1.0, 31.0, 2.0, 10.0, 1.0, 1.0, 20.0, 47.0, 11.0, 17.0, 1.0, 1.0, 5.0, 29.0, 30.0, 16.0, 16.0, 187.0, 22.0, 16.0, 18.0, 9.0, 16.0, 8.0, 45.0, 31.0, 9.0, 26.0, 27.0, 9.0, 14.0, 10.0, 7.0, 9.0, 1.0, 7.0, 33.0, 8.0, 83.0, 17.0, 18.0, 16.0, 64.0, 15.0, 10.0, 7.0, 3.0, 44.0, 7.0, 9.0, 21.0, 1.0, 15.0, 24.0, 1.0, 8.0, 11.0, 13.0, 13.0, 1.0, 14.0, 9.0, 39.0, 69.0, 28.0, 22.0, 46.0, 9.0, 166.0, 15.0, 6.0, 30.0, 17.0, 6.0, 62.0, 30.0, 79.0, 15.0, 55.0, 7.0, 28.0, 12.0, 15.0, 26.0, 2.0, 40.0, 55.0, 5.0, 3.0, 54.0, 1.0, 7.0, 7.0, 70.0, 16.0, 7.0, 12.0, 15.0, 1.0, 2.0, 41.0, 174.0, 50.0, 33.0, 42.0, 30.0, 25.0, 12.0, 58.0, 37.0, 31.0, 14.0, 7.0, 11.0, 17.0, 19.0, 7.0, 4.0, 11.0, 2.0, 225.0, 11.0, 1.0, 23.0, 13.0, 3.0, 83.0, 11.0, 115.0, 8.0, 28.0, 15.0, 54.0, 30.0, 47.0, 41.0, 26.0, 37.0, 24.0, 25.0, 43.0, 27.0, 9.0, 22.0, 44.0, 48.0, 10.0, 18.0, 11.0, 10.0, 38.0, 10.0, 31.0, 11.0, 1.0, 15.0, 8.0] 

MGT times
 [43.0, 1.0, 12.0, 11.0, 33.0, 86.0, 12.0, 18.0, 1.0, 19.0, 9.0, 10.0, 14.0, 11.0, 16.0, 23.0, 73.0, 11.0, 90.0, 19.0, 39.0, 12.0, 13.0, 32.0, 1.0, 8.0, 16.0, 51.0, 119.0, 8.0, 37.0, 36.0, 7.0, 14.0, 14.0, 36.0, 6.0, 2.0, 17.0, 50.0, 35.0, 4.0, 7.0, 17.0, 15.0, 14.0, 33.0, 16.0, 59.0, 60.0, 48.0, 1.0, 16.0, 28.0, 17.0, 44.0, 24.0, 14.0, 60.0, 2.0, 19.0, 99.0, 41.0, 61.0, 8.0, 27.0, 21.0, 8.0, 11.0, 1.0, 12.0, 7.0, 23.0, 19.0, 13.0, 6.0, 11.0, 14.0, 156.0, 9.0, 21.0, 82.0, 11.0, 46.0, 11.0, 24.0, 7.0, 19.0, 33.0, 55.0, 22.0, 19.0, 16.0, 7.0, 21.0, 10.0, 1.0, 25.0, 13.0, 3.0, 20.0, 12.0, 11.0, 9.0, 13.0, 13.0, 18.0, 20.0, 12.0, 23.0, 38.0, 88.0, 1.0, 2.0, 18.0, 71.0, 21.0, 21.0, 2.0, 6.0, 18.0, 47.0, 35.0, 4.0, 7.0, 32.0, 41.0, 6.0, 5.0, 39.0, 7.0, 17.0, 1.0, 9.0, 30.0, 4.0, 5.0, 6.0, 6.0, 47.0, 3.0, 14.0, 28.0, 8.0, 104.0, 14.0, 18.0, 12.0, 105.0, 32.0, 67.0, 7.0, 25.0, 16.0, 46.0, 29.0, 7.0, 59.0, 17.0, 38.0, 17.0, 22.0, 14.0, 16.0, 12.0, 14.0, 9.0, 9.0, 144.0, 12.0, 27.0, 12.0, 15.0, 9.0, 13.0, 22.0, 34.0, 47.0, 19.0, 1.0, 43.0, 23.0, 8.0, 12.0, 10.0, 52.0, 63.0, 25.0, 50.0, 7.0, 21.0, 18.0, 1.0, 23.0, 1.0, 54.0, 22.0, 91.0, 5.0, 5.0, 8.0, 16.0, 57.0, 23.0, 16.0, 14.0, 1.0, 20.0, 53.0, 2.0, 19.0, 79.0, 22.0, 10.0, 61.0, 50.0, 1.0, 77.0, 21.0, 50.0, 44.0, 1.0, 9.0, 56.0, 1.0, 11.0, 23.0, 49.0, 7.0, 22.0, 12.0, 17.0, 35.0, 11.0, 47.0, 11.0, 17.0, 24.0, 29.0, 12.0, 23.0, 22.0, 44.0, 44.0, 7.0, 7.0, 35.0, 11.0, 90.0, 6.0, 7.0, 6.0, 54.0, 6.0, 112.0, 25.0, 7.0, 53.0, 57.0, 10.0, 32.0, 36.0, 34.0, 24.0, 2.0, 14.0, 16.0, 9.0, 17.0, 20.0, 7.0, 106.0, 42.0, 24.0, 24.0, 1.0, 3.0, 26.0, 19.0, 20.0, 15.0, 37.0, 15.0, 15.0, 1.0, 21.0, 5.0, 19.0, 16.0, 83.0, 20.0, 34.0, 2.0, 16.0, 124.0, 7.0, 8.0, 7.0, 4.0, 3.0, 28.0, 14.0, 30.0, 37.0, 10.0, 15.0, 2.0, 9.0, 7.0, 19.0, 5.0, 68.0, 8.0, 7.0, 3.0, 3.0, 41.0, 14.0, 16.0, 12.0, 13.0, 12.0, 10.0, 2.0, 11.0, 4.0, 114.0, 21.0, 77.0, 3.0, 16.0, 41.0, 3.0, 1.0, 8.0, 23.0, 18.0, 29.0, 19.0, 13.0, 21.0, 14.0, 44.0, 21.0, 45.0, 35.0, 47.0, 127.0, 13.0, 48.0, 45.0, 1.0, 7.0, 11.0, 40.0, 1.0, 39.0, 17.0, 44.0, 1.0, 30.0, 2.0, 18.0, 13.0, 1.0, 8.0, 24.0, 29.0, 13.0, 42.0, 44.0, 2.0, 66.0, 53.0, 27.0, 22.0, 9.0, 89.0, 14.0, 8.0, 5.0, 16.0, 12.0, 1.0, 42.0, 11.0, 26.0, 34.0, 14.0, 22.0, 7.0, 17.0, 20.0, 11.0, 26.0, 14.0, 10.0, 19.0, 18.0, 1.0, 5.0, 28.0, 14.0, 7.0, 13.0, 8.0, 1.0, 1.0, 48.0, 47.0, 19.0, 1.0, 1.0, 5.0, 44.0, 61.0, 23.0, 48.0, 14.0, 14.0, 7.0, 23.0, 45.0, 27.0, 2.0, 66.0, 6.0, 14.0, 44.0, 7.0, 4.0, 86.0, 1.0, 19.0, 24.0, 1.0, 1.0, 18.0, 17.0, 2.0, 55.0, 1.0, 28.0, 26.0, 25.0, 1.0, 2.0, 11.0, 16.0, 23.0, 6.0, 41.0, 112.0, 55.0, 5.0, 9.0, 1.0, 1.0, 29.0, 7.0, 7.0, 16.0, 17.0, 11.0, 44.0, 15.0, 1.0, 4.0, 76.0, 1.0, 9.0, 203.0, 22.0, 18.0, 2.0, 62.0, 81.0, 7.0, 56.0, 26.0, 10.0, 6.0, 11.0, 17.0, 1.0, 16.0, 7.0, 25.0, 18.0, 13.0, 1.0, 48.0, 77.0, 70.0, 20.0, 10.0, 103.0, 11.0, 7.0, 14.0, 1.0, 8.0, 17.0, 13.0, 16.0, 21.0, 67.0, 43.0, 13.0, 96.0, 15.0, 11.0, 7.0, 31.0, 21.0, 71.0, 1.0, 27.0, 38.0, 269.0, 59.0, 1.0, 10.0, 85.0, 40.0, 116.0, 1.0, 25.0, 22.0, 21.0, 72.0, 14.0, 111.0, 1.0, 9.0, 29.0, 18.0, 48.0, 14.0, 31.0, 2.0, 11.0, 39.0, 51.0, 3.0, 19.0, 17.0, 16.0, 8.0, 2.0, 48.0, 7.0, 69.0, 2.0, 21.0, 11.0, 12.0, 51.0, 8.0, 1.0, 17.0, 12.0, 30.0, 40.0, 7.0, 9.0, 16.0, 14.0, 1.0, 51.0, 39.0, 40.0, 1.0, 10.0, 2.0, 40.0, 16.0, 42.0, 56.0, 39.0, 11.0, 18.0, 14.0, 24.0, 16.0, 8.0, 43.0, 12.0, 27.0, 1.0, 8.0, 9.0, 1.0, 4.0, 135.0, 5.0, 57.0, 25.0, 7.0, 36.0, 9.0, 65.0, 50.0, 27.0, 19.0, 4.0, 6.0, 1.0, 26.0, 7.0, 38.0, 41.0, 16.0, 23.0, 22.0, 13.0, 21.0, 16.0, 10.0, 7.0, 32.0, 130.0, 55.0, 13.0, 16.0, 7.0, 58.0, 9.0, 21.0, 11.0, 5.0, 13.0, 5.0, 19.0, 44.0, 10.0, 13.0, 41.0, 82.0, 25.0, 104.0, 17.0, 1.0, 150.0, 18.0, 19.0, 8.0, 12.0, 14.0, 16.0, 70.0, 22.0, 32.0, 32.0, 1.0, 21.0, 83.0, 6.0, 18.0, 11.0, 9.0, 12.0, 13.0, 17.0, 18.0, 6.0, 15.0, 8.0, 18.0, 89.0, 7.0, 30.0, 50.0, 19.0, 5.0, 14.0, 1.0, 36.0, 1.0, 1.0, 15.0, 10.0, 13.0, 21.0, 58.0, 8.0, 17.0, 11.0, 14.0, 10.0, 15.0, 9.0, 9.0, 19.0, 2.0, 2.0, 20.0, 201.0, 8.0, 46.0, 1.0, 19.0, 13.0, 3.0, 41.0, 1.0, 20.0, 56.0, 54.0, 39.0, 7.0, 1.0, 16.0, 2.0, 2.0, 7.0, 34.0, 6.0, 107.0, 18.0, 100.0, 46.0, 124.0, 30.0, 89.0, 47.0, 17.0, 32.0, 28.0, 11.0, 13.0, 7.0, 27.0, 45.0, 16.0, 1.0, 39.0, 4.0, 1.0, 17.0, 5.0, 1.0, 1.0, 2.0, 12.0, 21.0, 35.0, 100.0, 7.0, 80.0, 19.0, 3.0, 10.0, 29.0, 41.0, 13.0, 1.0, 8.0, 44.0, 13.0, 7.0, 10.0, 3.0, 15.0, 10.0, 15.0, 3.0, 18.0, 15.0, 1.0, 7.0, 53.0, 1.0, 97.0, 11.0, 23.0, 2.0, 9.0, 17.0, 20.0, 27.0, 3.0, 37.0, 7.0, 16.0, 91.0, 16.0, 16.0, 32.0, 16.0, 45.0, 23.0, 27.0, 7.0, 43.0, 18.0, 10.0, 55.0, 23.0, 8.0, 10.0, 1.0, 19.0, 4.0, 70.0, 22.0, 7.0, 30.0, 4.0, 27.0, 1.0, 18.0, 43.0, 116.0, 16.0, 29.0, 284.0, 9.0, 16.0, 8.0, 3.0, 11.0, 43.0, 8.0, 7.0, 39.0, 89.0, 21.0, 5.0, 10.0, 40.0, 14.0, 11.0, 7.0, 17.0, 22.0, 22.0, 1.0, 38.0, 1.0, 34.0, 7.0, 18.0, 1.0, 8.0, 3.0, 39.0, 16.0, 13.0, 40.0, 12.0, 1.0, 30.0, 1.0, 45.0, 29.0, 8.0, 34.0, 30.0, 5.0, 14.0, 20.0, 12.0, 7.0, 15.0, 38.0, 34.0, 34.0, 58.0, 8.0, 9.0, 50.0, 17.0, 61.0, 8.0, 81.0, 10.0, 30.0, 11.0, 28.0, 45.0, 14.0, 20.0, 10.0, 9.0, 13.0, 1.0, 1.0, 70.0, 9.0, 4.0, 46.0, 15.0, 7.0, 67.0, 6.0, 104.0, 3.0, 19.0, 6.0, 12.0, 7.0, 17.0, 44.0, 29.0, 9.0, 18.0, 2.0, 39.0, 4.0, 33.0, 123.0, 17.0, 16.0, 42.0, 56.0, 25.0, 100.0, 11.0, 35.0, 17.0, 13.0, 17.0, 10.0, 11.0, 5.0, 25.0, 11.0, 14.0, 17.0, 97.0, 13.0, 16.0, 2.0, 1.0, 12.0, 8.0, 14.0, 52.0, 1.0, 8.0, 47.0, 5.0, 1.0, 5.0, 33.0, 32.0, 27.0, 74.0, 4.0, 23.0, 8.0, 3.0, 42.0, 57.0, 21.0, 18.0, 72.0, 23.0, 17.0, 15.0, 5.0, 99.0, 83.0, 20.0, 11.0, 19.0, 69.0, 12.0, 7.0, 10.0, 42.0, 39.0, 91.0, 46.0, 42.0, 2.0, 31.0, 12.0, 24.0, 1.0, 9.0, 24.0, 1.0, 24.0, 18.0, 60.0, 8.0, 252.0, 19.0, 82.0, 16.0, 33.0, 7.0, 20.0, 10.0, 10.0, 31.0, 24.0, 6.0, 32.0, 52.0, 14.0, 1.0, 4.0, 23.0, 247.0, 1.0, 71.0, 37.0, 37.0, 33.0, 15.0, 26.0, 1.0, 37.0, 8.0, 1.0, 29.0, 26.0, 9.0, 25.0, 147.0, 16.0, 6.0, 14.0, 12.0, 2.0, 19.0, 11.0, 9.0, 80.0, 7.0, 15.0, 5.0, 6.0, 55.0, 30.0, 7.0, 15.0, 63.0, 15.0, 39.0, 27.0, 9.0, 10.0, 97.0, 82.0, 10.0, 19.0, 25.0, 25.0, 17.0, 1.0, 6.0, 42.0, 23.0, 58.0, 31.0, 35.0, 13.0, 14.0, 20.0, 19.0, 122.0, 18.0, 99.0, 2.0, 2.0, 75.0, 1.0, 112.0, 3.0, 4.0, 13.0, 49.0, 3.0, 16.0, 6.0, 10.0, 21.0, 1.0, 1.0, 21.0, 49.0, 40.0, 29.0, 9.0, 23.0, 1.0, 1.0, 1.0, 26.0, 10.0, 82.0, 46.0, 23.0, 3.0, 19.0, 8.0, 10.0, 8.0, 35.0, 22.0, 14.0, 9.0, 1.0, 10.0, 2.0, 9.0, 23.0, 33.0, 23.0, 23.0, 55.0, 38.0, 18.0, 10.0, 8.0, 7.0, 4.0, 3.0, 1.0, 15.0, 25.0, 36.0, 22.0, 7.0, 7.0, 11.0, 1.0, 38.0, 37.0, 44.0, 44.0, 97.0, 9.0, 1.0, 16.0, 45.0, 37.0, 86.0, 33.0, 12.0, 6.0, 16.0, 27.0, 15.0, 50.0, 3.0, 31.0, 43.0, 1.0, 56.0, 5.0, 15.0, 11.0, 16.0, 6.0, 1.0, 104.0, 4.0, 66.0, 65.0, 11.0, 12.0, 17.0, 19.0, 1.0, 5.0, 12.0, 15.0, 9.0, 2.0, 14.0, 18.0, 20.0, 14.0, 1.0, 37.0, 267.0, 25.0, 49.0, 11.0, 5.0, 293.0, 8.0, 19.0, 19.0, 1.0, 1.0, 80.0, 2.0, 72.0, 8.0, 111.0, 11.0, 1.0, 42.0, 5.0, 12.0, 12.0, 31.0, 117.0, 13.0, 2.0, 41.0, 201.0, 1.0, 16.0, 86.0, 38.0, 29.0, 1.0, 11.0, 56.0, 34.0, 8.0, 23.0, 41.0, 22.0, 13.0, 18.0, 1.0, 63.0, 22.0, 22.0, 45.0, 40.0, 34.0, 3.0, 18.0, 11.0, 24.0, 23.0, 9.0, 18.0, 1.0, 12.0, 27.0, 29.0, 7.0, 6.0, 13.0, 10.0, 7.0, 14.0, 12.0, 12.0, 44.0, 11.0, 21.0, 20.0, 12.0, 5.0, 3.0, 10.0, 8.0, 1.0, 3.0, 46.0, 43.0, 11.0, 15.0, 23.0, 15.0, 7.0, 12.0, 66.0, 21.0, 13.0, 21.0, 113.0, 10.0, 8.0, 53.0, 5.0, 10.0, 2.0, 1.0, 11.0, 6.0, 31.0, 11.0, 25.0, 11.0, 36.0, 22.0, 24.0, 35.0, 10.0, 1.0, 50.0, 1.0, 63.0, 48.0, 19.0, 31.0, 16.0, 24.0, 1.0, 19.0, 43.0, 6.0, 71.0, 15.0, 32.0, 50.0, 53.0, 6.0, 13.0, 29.0, 286.0, 1.0, 8.0, 35.0, 11.0, 50.0, 16.0, 89.0, 9.0, 78.0, 3.0, 23.0, 3.0, 15.0, 22.0, 34.0, 22.0, 51.0, 1.0, 38.0, 17.0, 23.0, 1.0, 28.0, 11.0, 5.0, 7.0, 19.0, 27.0, 8.0, 1.0, 9.0, 32.0, 1.0, 18.0, 41.0, 39.0, 1.0, 15.0, 52.0, 40.0, 24.0, 71.0, 23.0, 27.0, 39.0, 23.0, 7.0, 15.0, 22.0, 7.0, 17.0, 9.0, 53.0, 10.0, 1.0, 18.0, 26.0, 13.0, 7.0, 142.0, 1.0, 3.0, 5.0, 11.0, 14.0, 66.0, 1.0, 11.0, 4.0, 10.0, 5.0, 22.0, 9.0, 80.0, 47.0, 52.0, 9.0, 13.0, 31.0, 24.0, 21.0, 3.0, 14.0, 14.0, 67.0, 1.0, 11.0, 9.0, 25.0, 1.0, 12.0, 1.0, 15.0, 11.0, 15.0, 21.0, 44.0, 10.0, 7.0, 21.0, 51.0, 66.0, 7.0, 19.0, 5.0, 43.0, 65.0, 8.0, 25.0, 52.0, 1.0, 8.0, 104.0, 70.0, 4.0, 14.0, 1.0, 17.0, 47.0, 11.0, 3.0, 10.0, 21.0, 11.0, 8.0, 4.0, 107.0, 25.0, 1.0, 10.0, 27.0, 3.0, 55.0, 18.0, 28.0, 5.0, 20.0, 12.0, 21.0, 13.0, 19.0, 1.0, 12.0, 9.0, 75.0, 8.0, 20.0, 12.0, 9.0, 10.0, 33.0, 15.0, 19.0, 11.0, 17.0, 8.0, 49.0, 37.0, 13.0, 7.0, 28.0, 7.0, 44.0, 83.0, 4.0, 7.0, 40.0, 9.0, 7.0, 17.0, 40.0, 15.0, 13.0, 20.0, 21.0, 16.0, 3.0, 45.0, 35.0, 42.0, 28.0, 9.0, 24.0, 58.0, 7.0, 92.0, 1.0, 52.0, 40.0, 38.0, 68.0, 3.0, 25.0, 11.0, 23.0, 5.0, 1.0, 63.0, 83.0, 60.0, 44.0, 13.0, 79.0, 38.0, 14.0, 8.0, 1.0, 48.0, 21.0, 24.0, 11.0, 34.0, 24.0, 20.0, 13.0, 25.0, 8.0, 4.0, 32.0, 24.0, 52.0, 7.0, 81.0, 17.0, 13.0, 14.0, 1.0, 12.0, 69.0, 18.0, 17.0, 33.0, 1.0, 56.0, 9.0, 42.0, 26.0, 25.0, 20.0, 19.0, 45.0, 46.0, 7.0, 1.0, 57.0, 7.0, 11.0, 64.0, 17.0, 1.0, 144.0, 10.0, 21.0, 18.0, 102.0, 44.0, 1.0, 38.0, 13.0, 63.0, 1.0, 11.0, 1.0, 4.0, 1.0, 9.0, 16.0, 11.0, 3.0, 21.0, 38.0, 1.0, 1.0, 2.0, 108.0, 11.0, 9.0, 57.0, 14.0, 15.0, 30.0, 18.0, 19.0, 18.0, 11.0, 11.0, 11.0, 9.0, 13.0, 2.0, 1.0, 18.0, 7.0, 37.0, 63.0, 19.0, 124.0, 1.0, 1.0, 52.0, 9.0, 18.0, 34.0, 15.0, 10.0, 34.0, 7.0, 30.0, 140.0, 14.0, 11.0, 28.0, 12.0, 22.0, 23.0, 37.0, 10.0, 13.0, 2.0, 110.0, 15.0, 21.0, 14.0, 11.0, 27.0, 6.0, 11.0, 1.0, 53.0, 10.0, 6.0, 16.0, 38.0, 2.0, 100.0, 8.0, 17.0, 10.0, 1.0, 13.0, 5.0, 53.0, 38.0, 3.0, 30.0, 17.0, 31.0, 19.0, 14.0, 16.0, 36.0, 20.0, 23.0, 23.0, 1.0, 13.0, 5.0, 35.0, 174.0, 7.0, 9.0, 81.0, 1.0, 3.0, 51.0, 12.0, 41.0, 16.0, 33.0, 6.0, 15.0, 29.0, 1.0, 83.0, 9.0, 5.0, 2.0, 11.0, 29.0, 53.0, 13.0, 5.0, 8.0, 9.0, 9.0, 26.0, 15.0, 31.0, 8.0, 25.0, 9.0, 28.0, 15.0, 3.0, 13.0, 26.0, 11.0, 42.0, 18.0, 30.0, 5.0, 15.0, 14.0, 1.0, 16.0, 15.0, 11.0, 14.0, 36.0, 7.0, 32.0, 128.0, 16.0, 9.0, 24.0, 40.0, 5.0, 6.0, 83.0, 59.0, 115.0, 20.0, 35.0, 76.0, 57.0, 6.0, 1.0, 14.0, 4.0, 73.0, 14.0, 11.0, 2.0, 13.0, 51.0, 121.0, 8.0, 10.0, 4.0, 76.0, 16.0, 10.0, 36.0, 54.0, 12.0, 7.0, 28.0, 35.0, 274.0, 85.0, 8.0, 11.0, 61.0, 15.0, 10.0, 45.0, 56.0, 1.0, 7.0, 58.0, 2.0, 27.0, 12.0, 15.0, 6.0, 33.0, 1.0, 12.0, 9.0, 20.0, 7.0, 37.0, 11.0, 11.0, 54.0, 13.0, 14.0, 23.0, 39.0, 12.0, 43.0, 12.0, 34.0, 25.0, 45.0, 26.0, 28.0, 13.0, 18.0, 30.0, 9.0, 6.0, 16.0, 1.0, 16.0, 109.0, 14.0, 10.0, 20.0, 3.0, 10.0, 7.0, 12.0, 7.0, 5.0, 86.0, 41.0, 19.0, 35.0, 30.0, 23.0, 83.0, 8.0, 13.0, 1.0, 23.0, 13.0, 17.0, 148.0, 11.0, 2.0, 12.0, 19.0, 1.0, 26.0, 9.0, 13.0, 245.0, 23.0, 126.0, 9.0, 1.0, 24.0, 20.0, 44.0, 61.0, 18.0, 4.0, 8.0, 9.0, 8.0, 22.0, 67.0, 14.0, 7.0, 29.0, 27.0, 1.0, 7.0, 1.0, 15.0, 89.0, 9.0, 10.0, 15.0, 33.0, 51.0, 52.0, 11.0, 14.0, 8.0, 9.0, 13.0, 57.0, 11.0, 21.0, 12.0, 40.0, 29.0, 14.0, 10.0, 31.0, 13.0, 9.0, 54.0, 36.0, 13.0, 1.0, 23.0, 5.0, 4.0, 16.0, 18.0, 15.0, 10.0, 160.0, 70.0, 88.0, 22.0, 25.0, 3.0, 61.0, 50.0, 5.0, 15.0, 58.0, 35.0, 30.0, 1.0, 27.0, 12.0, 40.0, 40.0, 15.0, 10.0, 8.0, 14.0, 13.0, 57.0, 14.0, 1.0, 6.0, 1.0, 27.0, 4.0, 1.0, 10.0, 28.0, 13.0, 14.0, 17.0, 21.0, 1.0, 60.0, 31.0, 15.0, 2.0, 12.0, 70.0, 61.0, 54.0, 7.0, 1.0, 158.0, 6.0, 15.0, 21.0, 47.0, 40.0, 27.0, 42.0, 3.0, 80.0, 75.0, 18.0, 65.0, 64.0, 41.0, 1.0, 8.0, 5.0, 1.0, 49.0, 28.0, 66.0, 11.0, 34.0, 7.0, 6.0, 1.0, 12.0, 8.0, 21.0, 33.0, 13.0, 25.0, 11.0, 9.0, 4.0, 29.0, 33.0, 18.0, 8.0, 34.0, 15.0, 9.0, 23.0, 22.0, 2.0, 1.0, 10.0, 11.0, 22.0, 8.0, 46.0, 27.0, 37.0, 20.0, 31.0, 8.0, 86.0, 22.0, 31.0, 14.0, 87.0, 10.0, 51.0, 122.0, 21.0, 6.0, 20.0, 110.0, 11.0, 39.0, 6.0, 5.0, 1.0, 20.0, 30.0, 18.0, 9.0, 41.0, 3.0, 94.0, 57.0, 27.0, 1.0, 29.0, 18.0, 12.0, 87.0, 19.0, 30.0, 4.0, 6.0, 44.0, 44.0, 28.0, 7.0, 23.0, 74.0, 39.0, 26.0, 8.0, 15.0, 7.0, 6.0, 27.0, 27.0, 4.0, 18.0, 13.0, 33.0, 47.0, 12.0, 22.0, 8.0, 20.0, 12.0, 147.0, 9.0, 18.0, 20.0, 48.0, 14.0, 2.0, 41.0, 12.0, 19.0, 10.0, 17.0, 23.0, 45.0, 14.0, 4.0, 45.0, 44.0, 31.0, 73.0, 14.0, 1.0, 12.0, 2.0, 20.0, 90.0, 33.0, 7.0, 141.0, 11.0, 17.0, 43.0, 20.0, 1.0, 1.0, 8.0, 8.0, 16.0, 30.0, 9.0, 14.0, 20.0, 31.0, 7.0, 16.0, 24.0, 11.0, 5.0, 11.0, 15.0, 6.0, 7.0, 27.0, 12.0, 1.0, 45.0, 41.0, 11.0, 104.0, 42.0, 38.0, 21.0, 8.0, 19.0, 8.0, 22.0, 8.0, 12.0, 44.0, 41.0, 15.0, 80.0, 1.0, 1.0, 1.0, 6.0, 21.0, 11.0, 18.0, 37.0, 19.0, 8.0, 33.0, 1.0, 29.0, 28.0, 10.0, 2.0, 10.0, 12.0, 14.0, 14.0, 1.0, 31.0, 5.0, 10.0, 33.0, 41.0, 16.0, 1.0, 58.0, 82.0, 33.0, 20.0, 1.0, 8.0, 24.0, 21.0, 40.0, 3.0, 8.0, 12.0, 19.0, 41.0, 13.0, 1.0, 44.0, 20.0, 36.0, 65.0, 94.0, 11.0, 13.0, 95.0, 12.0, 75.0, 7.0, 35.0, 16.0, 1.0, 17.0, 37.0, 1.0, 14.0, 38.0, 29.0, 9.0, 51.0, 23.0, 2.0, 9.0, 42.0, 23.0, 4.0, 19.0, 32.0, 2.0, 1.0, 9.0, 18.0, 60.0, 9.0, 43.0, 18.0, 16.0, 33.0, 25.0, 16.0, 15.0, 30.0, 19.0, 34.0, 4.0, 52.0, 44.0, 1.0, 1.0, 9.0, 17.0, 34.0, 15.0, 43.0, 11.0, 19.0, 28.0, 1.0, 8.0, 19.0, 28.0, 22.0, 63.0, 4.0, 26.0, 19.0, 25.0, 13.0, 102.0, 37.0, 56.0, 1.0, 13.0, 25.0, 22.0, 7.0, 95.0, 54.0, 14.0, 32.0, 5.0, 59.0, 4.0, 12.0, 36.0, 6.0, 21.0, 13.0, 15.0, 18.0, 2.0, 1.0, 6.0, 1.0, 21.0, 35.0, 17.0, 13.0, 11.0, 12.0, 5.0, 15.0, 16.0, 19.0, 15.0, 20.0, 46.0, 16.0, 17.0, 37.0, 1.0, 8.0, 44.0, 12.0, 33.0, 23.0, 26.0, 9.0, 26.0, 6.0, 77.0, 13.0, 8.0, 7.0, 87.0, 1.0, 35.0, 33.0, 5.0, 11.0, 50.0, 9.0, 14.0, 17.0, 33.0, 26.0, 25.0, 5.0, 11.0, 13.0, 10.0, 15.0, 11.0, 9.0, 9.0, 88.0, 4.0, 52.0, 11.0, 52.0, 116.0, 5.0, 16.0, 13.0, 12.0, 23.0, 11.0, 6.0, 9.0, 1.0, 1.0, 10.0, 21.0, 54.0, 102.0, 13.0, 14.0, 18.0, 35.0, 75.0, 39.0, 13.0, 87.0, 59.0, 7.0, 2.0, 9.0, 9.0, 4.0, 8.0, 2.0, 51.0, 39.0, 15.0, 18.0, 44.0, 1.0, 6.0, 27.0, 16.0, 1.0, 33.0, 3.0, 14.0, 1.0, 1.0, 15.0, 23.0, 13.0, 15.0, 4.0, 38.0, 42.0, 16.0, 101.0, 10.0, 2.0, 13.0, 8.0, 40.0, 16.0, 30.0, 9.0, 16.0, 4.0, 11.0, 101.0, 5.0, 15.0, 15.0, 41.0, 1.0, 22.0, 29.0, 15.0, 15.0, 7.0, 12.0, 10.0, 14.0, 91.0, 17.0, 8.0, 8.0, 18.0, 7.0, 30.0, 14.0, 20.0, 1.0, 38.0, 8.0, 5.0, 11.0, 41.0, 20.0, 2.0, 5.0, 9.0, 7.0, 89.0, 3.0, 21.0, 8.0, 7.0, 9.0, 1.0, 75.0, 28.0, 11.0, 47.0, 45.0, 13.0, 2.0, 47.0, 14.0, 36.0, 8.0, 2.0, 31.0, 20.0, 15.0, 27.0, 4.0, 62.0, 14.0, 3.0, 22.0, 6.0, 7.0, 7.0, 15.0, 45.0, 21.0, 11.0, 1.0, 31.0, 2.0, 10.0, 1.0, 1.0, 20.0, 47.0, 11.0, 17.0, 1.0, 1.0, 5.0, 29.0, 30.0, 16.0, 16.0, 129.0, 22.0, 16.0, 18.0, 9.0, 16.0, 8.0, 45.0, 31.0, 9.0, 26.0, 27.0, 9.0, 14.0, 10.0, 7.0, 9.0, 1.0, 7.0, 33.0, 8.0, 83.0, 17.0, 18.0, 16.0, 64.0, 15.0, 10.0, 7.0, 3.0, 44.0, 7.0, 9.0, 21.0, 1.0, 15.0, 24.0, 1.0, 8.0, 11.0, 13.0, 13.0, 1.0, 14.0, 9.0, 39.0, 69.0, 28.0, 22.0, 46.0, 9.0, 130.0, 15.0, 6.0, 30.0, 17.0, 6.0, 62.0, 30.0, 53.0, 15.0, 55.0, 7.0, 28.0, 12.0, 15.0, 26.0, 2.0, 40.0, 55.0, 5.0, 3.0, 54.0, 1.0, 7.0, 7.0, 70.0, 16.0, 7.0, 12.0, 15.0, 1.0, 2.0, 41.0, 174.0, 50.0, 33.0, 42.0, 25.0, 12.0, 58.0, 37.0, 31.0, 14.0, 7.0, 11.0, 17.0, 19.0, 7.0, 4.0, 11.0, 2.0, 225.0, 11.0, 1.0, 23.0, 13.0, 3.0, 83.0, 11.0, 71.0, 8.0, 28.0, 15.0, 54.0, 30.0, 47.0, 41.0, 26.0, 37.0, 24.0, 25.0, 43.0, 27.0, 9.0, 22.0, 44.0, 48.0, 10.0, 18.0, 11.0, 10.0, 37.0, 10.0, 31.0, 11.0, 1.0, 15.0, 8.0] 

SGT times
 [11.0, 3.0, 5.0, 1.0, 8.0, 85.0, 23.0, 6.0, 147.0, 8.0, 15.0, 1.0, 28.0, 6.0, 1.0, 7.0, 5.0, 11.0, 26.0, 50.0, 11.0, 40.0, 20.0, 1.0, 15.0, 1.0, 10.0, 13.0, 1.0, 2.0, 9.0, 1.0, 34.0, 1.0, 1.0, 8.0, 1.0, 7.0, 11.0, 1.0, 22.0, 11.0, 10.0, 15.0, 1.0, 11.0, 12.0, 7.0, 1.0, 7.0, 22.0, 37.0, 15.0, 11.0, 7.0, 16.0, 1.0, 3.0, 4.0, 35.0, 132.0, 17.0, 1.0, 42.0, 12.0, 15.0, 29.0, 2.0, 48.0, 13.0, 8.0, 8.0, 1.0, 1.0, 17.0, 5.0, 7.0, 15.0, 24.0, 8.0, 11.0, 1.0, 22.0, 5.0, 13.0, 53.0, 31.0, 1.0, 15.0, 18.0, 1.0, 14.0, 8.0, 1.0, 15.0, 6.0, 26.0, 28.0, 112.0, 1.0, 30.0, 18.0, 22.0, 32.0, 18.0, 38.0, 11.0, 14.0, 1.0, 30.0, 1.0, 55.0, 31.0, 19.0, 8.0, 5.0, 18.0, 1.0, 20.0, 24.0, 6.0, 29.0, 15.0, 14.0, 11.0, 27.0, 10.0, 28.0, 12.0, 166.0, 7.0, 19.0, 1.0, 26.0, 28.0, 1.0, 7.0, 1.0, 9.0, 1.0, 43.0, 17.0, 5.0, 11.0, 16.0, 1.0]
