avgTJ:  17.458651399491096
stdDvTJ:  21.278002240618292
avgTJ without 0:  22.088531187122737
stdDvTJ without 0:  21.692218033080493
maxTJ:  36.92857142857143
minTJ:  8.5

avgTT:  24.27834731283007
stdDvTT:  26.780902029541565
avgTT without 0:  24.27834731283007
stdDvTT without 0:  26.780902029541565
maxTT:  48.4375
minTT:  12.11111111111111

avgTotT:  26.497312859884836
stdDvTotT:  28.09443378446826
avgTotT without 0:  27.06351695745932
stdDvTotT without 0:  28.121872656748398
maxTotT:  45.291666666666664
minTotT:  13.96551724137931

avgMGT:  24.947093023255814
stdDvMGT:  25.59317434287585
avgMGT without 0:  25.500594294770206
stdDvMGT without 0:  25.601341454587654
maxMGT:  40.166666666666664
minMGT:  13.96551724137931

avgSGT:  17.44333333333333
stdDvSGT:  17.481803555570444
avgSGT without 0:  17.44333333333333
stdDvSGT without 0:  17.481803555570444
maxSGT:  64.0
minSGT:  1.0

free lanes %:  26.41248153618907 %, number of free traverse:  2861 num of traverse 10832
number of times in traffic %:  29.680576070901033 %, numero di volte nel traffico:  3215 num of traverse 10832
not free passage %:  74.16912850812407 %, number of not free passage:  8034 num of traverse 10832
junction times
 [1.0, 5.0, 9.0, 14.0, 24.0, 44.0, 36.0, 19.0, 8.0, 10.0, 8.0, 15.0, 6.0, 2.0, 55.0, 8.0, 12.0, 31.0, 24.0, 3.0, 18.0, 8.0, 23.0, 6.0, 11.0, 22.0, 9.0, 20.0, 8.0, 24.0, 5.0, 76.0, 38.0, 25.0, 28.0, 51.0, 12.0, 80.0, 58.0, 28.0, 8.0, 51.0, 38.0, 48.0, 8.0, 8.0, 10.0, 43.0, 58.0, 8.0, 4.0, 7.0, 14.0, 38.0, 6.0, 12.0, 22.0, 53.0, 11.0, 13.0, 16.0, 9.0, 117.0, 46.0, 15.0, 63.0, 23.0, 22.0, 8.0, 18.0, 18.0, 21.0, 145.0, 12.0, 60.0, 1.0, 30.0, 138.0, 5.0, 4.0, 8.0, 16.0, 70.0, 52.0, 13.0, 13.0, 9.0, 54.0, 33.0, 74.0, 48.0, 30.0, 30.0, 11.0, 43.0, 53.0, 24.0, 71.0, 17.0, 16.0, 23.0, 9.0, 34.0, 16.0, 13.0, 17.0, 14.0, 21.0, 18.0, 32.0, 32.0, 1.0, 20.0, 28.0, 4.0, 15.0, 9.0, 6.0, 25.0, 47.0, 62.0, 19.0, 14.0, 24.0, 14.0, 7.0, 12.0, 26.0, 35.0, 23.0, 21.0, 11.0, 1.0, 21.0, 32.0, 42.0, 11.0, 12.0, 34.0, 34.0, 8.0, 16.0, 6.0, 18.0, 13.0, 59.0, 9.0, 13.0, 29.0, 24.0, 15.0, 13.0, 18.0, 9.0, 21.0, 25.0, 9.0, 19.0, 3.0, 16.0, 12.0, 2.0, 9.0, 21.0, 1.0, 21.0, 9.0, 4.0, 10.0, 13.0, 55.0, 68.0, 24.0, 16.0, 3.0, 5.0, 8.0, 9.0, 41.0, 22.0, 28.0, 46.0, 20.0, 137.0, 18.0, 6.0, 4.0, 11.0, 1.0, 28.0, 76.0, 16.0, 23.0, 34.0, 21.0, 13.0, 13.0, 14.0, 19.0, 10.0, 21.0, 4.0, 25.0, 28.0, 16.0, 1.0, 35.0, 12.0, 22.0, 28.0, 4.0, 3.0, 18.0, 14.0, 28.0, 47.0, 11.0, 4.0, 41.0, 52.0, 23.0, 16.0, 1.0, 15.0, 17.0, 50.0, 32.0, 24.0, 11.0, 8.0, 34.0, 17.0, 24.0, 36.0, 8.0, 26.0, 64.0, 3.0, 19.0, 20.0, 10.0, 26.0, 8.0, 1.0, 52.0, 21.0, 12.0, 1.0, 42.0, 65.0, 3.0, 86.0, 8.0, 3.0, 17.0, 11.0, 12.0, 11.0, 22.0, 30.0, 10.0, 13.0, 28.0, 40.0, 38.0, 9.0, 1.0, 14.0, 30.0, 21.0, 93.0, 6.0, 14.0, 18.0, 6.0, 73.0, 22.0, 24.0, 10.0, 36.0, 13.0, 28.0, 45.0, 22.0, 8.0, 16.0, 30.0, 17.0, 5.0, 23.0, 3.0, 14.0, 7.0, 3.0, 1.0, 11.0, 33.0, 22.0, 20.0, 9.0, 51.0, 9.0, 15.0, 13.0, 32.0, 50.0, 7.0, 21.0, 17.0, 11.0, 15.0, 17.0, 20.0, 11.0, 2.0, 75.0, 9.0, 22.0, 42.0, 11.0, 23.0, 11.0, 35.0, 1.0, 17.0, 5.0, 7.0, 12.0, 70.0, 22.0, 11.0, 8.0, 120.0, 21.0, 11.0, 8.0, 69.0, 11.0, 23.0, 16.0, 27.0, 9.0, 4.0, 3.0, 28.0, 23.0, 13.0, 1.0, 81.0, 59.0, 22.0, 4.0, 1.0, 58.0, 33.0, 15.0, 6.0, 11.0, 16.0, 6.0, 1.0, 14.0, 28.0, 11.0, 11.0, 31.0, 10.0, 25.0, 21.0, 7.0, 11.0, 11.0, 13.0, 5.0, 52.0, 14.0, 20.0, 26.0, 2.0, 9.0, 10.0, 4.0, 12.0, 9.0, 38.0, 7.0, 8.0, 45.0, 2.0, 44.0, 9.0, 8.0, 20.0, 1.0, 62.0, 6.0, 69.0, 7.0, 21.0, 36.0, 13.0, 1.0, 36.0, 3.0, 74.0, 38.0, 10.0, 4.0, 8.0, 9.0, 5.0, 6.0, 9.0, 32.0, 56.0, 56.0, 7.0, 35.0, 60.0, 9.0, 19.0, 52.0, 39.0, 50.0, 40.0, 16.0, 11.0, 3.0, 34.0, 62.0, 9.0, 25.0, 10.0, 9.0, 14.0, 32.0, 19.0, 42.0, 66.0, 6.0, 2.0, 8.0, 13.0, 26.0, 7.0, 3.0, 3.0, 22.0, 9.0, 5.0, 11.0, 36.0, 25.0, 14.0, 23.0, 12.0, 10.0, 9.0, 4.0, 8.0, 21.0, 23.0, 5.0, 10.0, 4.0, 43.0, 3.0, 36.0, 20.0, 23.0, 9.0, 12.0, 9.0, 4.0, 47.0, 9.0, 15.0, 12.0, 85.0, 9.0, 12.0, 3.0, 4.0, 36.0, 43.0, 9.0, 1.0, 19.0, 13.0, 2.0, 43.0, 8.0, 9.0, 19.0, 57.0, 52.0, 2.0, 20.0, 1.0, 64.0, 41.0, 13.0, 7.0, 13.0, 33.0, 31.0, 10.0, 16.0, 10.0, 4.0, 72.0, 8.0, 41.0, 21.0, 17.0, 15.0, 66.0, 14.0, 8.0, 10.0, 2.0, 50.0, 13.0, 21.0, 1.0, 8.0, 9.0, 14.0, 1.0, 45.0, 1.0, 10.0, 5.0, 24.0, 6.0, 9.0, 32.0, 3.0, 3.0, 9.0, 72.0, 9.0, 29.0, 46.0, 9.0, 8.0, 12.0, 4.0, 10.0, 63.0, 24.0, 71.0, 10.0, 9.0, 10.0, 54.0, 34.0, 78.0, 29.0, 35.0, 2.0, 13.0, 3.0, 8.0, 3.0, 5.0, 9.0, 11.0, 10.0, 25.0, 46.0, 11.0, 8.0, 44.0, 10.0, 49.0, 24.0, 8.0, 1.0, 15.0, 12.0, 35.0, 4.0, 8.0, 56.0, 8.0, 7.0, 35.0, 20.0, 2.0, 29.0, 5.0, 7.0, 4.0, 38.0, 33.0, 19.0, 31.0, 5.0, 2.0, 3.0, 17.0, 23.0, 19.0, 11.0, 87.0, 8.0, 17.0, 15.0, 17.0, 63.0, 17.0, 21.0, 42.0, 9.0, 9.0, 15.0, 6.0, 18.0, 10.0, 26.0, 70.0, 35.0, 45.0, 5.0, 4.0, 1.0, 10.0, 6.0, 3.0, 12.0, 2.0, 34.0, 8.0, 7.0, 20.0, 40.0, 10.0, 5.0, 35.0, 3.0, 10.0, 48.0, 11.0, 17.0, 14.0, 18.0, 10.0, 3.0, 19.0, 6.0, 8.0, 26.0, 29.0, 34.0, 30.0, 9.0, 6.0, 15.0, 3.0, 10.0, 2.0, 10.0, 44.0, 13.0, 23.0, 23.0, 21.0, 2.0, 19.0, 22.0, 7.0, 35.0, 49.0, 9.0, 1.0, 23.0, 23.0, 3.0, 2.0, 52.0, 130.0, 54.0, 17.0, 3.0, 47.0, 5.0, 5.0, 37.0, 22.0, 18.0, 32.0, 19.0, 21.0, 13.0, 10.0, 20.0, 2.0, 36.0, 13.0, 20.0, 9.0, 1.0, 23.0, 34.0, 49.0, 21.0, 13.0, 36.0, 1.0, 17.0, 21.0, 43.0, 13.0, 16.0, 41.0, 9.0, 3.0, 13.0, 8.0, 3.0, 53.0, 36.0, 1.0, 57.0, 5.0, 14.0, 17.0, 34.0, 76.0, 22.0, 43.0, 14.0, 59.0, 21.0, 70.0, 73.0, 21.0, 8.0, 5.0, 22.0, 15.0, 8.0, 13.0, 7.0, 7.0, 24.0, 27.0, 5.0, 1.0, 25.0, 39.0, 10.0, 20.0, 7.0, 32.0, 51.0, 23.0, 19.0, 13.0, 19.0, 9.0, 31.0, 54.0, 10.0, 68.0, 9.0, 2.0, 41.0, 106.0, 35.0, 12.0, 17.0, 67.0, 51.0, 26.0, 51.0, 78.0, 12.0, 107.0, 10.0, 12.0, 12.0, 113.0, 93.0, 24.0, 11.0, 8.0, 8.0, 54.0, 6.0, 13.0, 13.0, 19.0, 23.0, 131.0, 35.0, 28.0, 14.0, 10.0, 10.0, 11.0, 20.0, 43.0, 16.0, 39.0, 12.0, 21.0, 8.0, 29.0, 37.0, 9.0, 19.0, 61.0, 78.0, 3.0, 4.0, 10.0, 88.0, 16.0, 2.0, 6.0, 25.0, 38.0, 3.0, 24.0, 17.0, 29.0, 40.0, 8.0, 4.0, 14.0, 10.0, 12.0, 8.0, 12.0, 18.0, 39.0, 12.0, 57.0, 35.0, 56.0, 5.0, 41.0, 18.0, 12.0, 15.0, 26.0, 67.0, 2.0, 9.0, 12.0, 43.0, 3.0, 19.0, 18.0, 44.0, 10.0, 22.0, 22.0, 10.0, 5.0, 37.0, 26.0, 10.0, 4.0, 9.0, 32.0, 27.0, 5.0, 4.0, 14.0, 10.0, 11.0, 23.0, 46.0, 42.0, 15.0, 7.0, 32.0, 1.0, 15.0, 27.0, 106.0, 50.0, 14.0, 9.0, 15.0, 26.0, 21.0, 10.0, 23.0, 27.0, 66.0, 18.0, 11.0, 38.0, 13.0, 4.0, 16.0, 13.0, 9.0, 2.0, 29.0, 13.0, 9.0, 2.0, 8.0, 5.0, 20.0, 9.0, 9.0, 15.0, 98.0, 7.0, 1.0, 1.0, 6.0, 1.0, 4.0, 19.0, 52.0, 24.0, 4.0, 10.0, 1.0, 10.0, 142.0, 46.0, 93.0, 11.0, 87.0, 1.0, 30.0, 6.0, 14.0, 29.0, 10.0, 7.0, 17.0, 2.0, 7.0, 62.0, 12.0, 2.0, 20.0, 26.0, 3.0, 44.0, 3.0, 20.0, 8.0, 95.0, 19.0, 5.0, 12.0, 6.0, 41.0, 30.0, 11.0, 28.0, 1.0, 23.0, 20.0, 81.0, 20.0, 28.0, 24.0, 12.0, 35.0, 7.0, 14.0, 26.0, 26.0, 110.0, 37.0, 29.0, 8.0, 7.0, 30.0, 9.0, 69.0, 3.0, 12.0, 1.0, 8.0, 42.0, 68.0, 102.0, 10.0, 55.0, 19.0, 10.0, 28.0, 87.0, 11.0, 16.0, 48.0, 21.0, 10.0, 11.0, 25.0, 4.0, 3.0, 21.0, 27.0, 10.0, 8.0, 14.0, 11.0, 16.0, 95.0, 25.0, 10.0, 101.0, 18.0, 25.0, 15.0, 4.0, 6.0, 20.0, 8.0, 18.0, 14.0, 61.0, 29.0, 55.0, 19.0, 10.0, 105.0, 16.0, 12.0, 7.0, 31.0, 38.0, 17.0, 20.0, 2.0, 69.0, 41.0, 29.0, 24.0, 18.0, 16.0, 8.0, 16.0, 16.0, 2.0, 34.0, 13.0, 45.0, 35.0, 24.0, 2.0, 13.0, 17.0, 123.0, 8.0, 4.0, 14.0, 22.0, 15.0, 8.0, 12.0, 53.0, 19.0, 27.0, 53.0, 44.0, 7.0, 20.0, 9.0, 33.0, 41.0, 26.0, 11.0, 14.0, 17.0, 128.0, 14.0, 23.0, 11.0, 11.0, 4.0, 9.0, 30.0, 19.0, 13.0, 14.0, 24.0, 28.0, 13.0, 63.0, 12.0, 15.0, 3.0, 7.0, 7.0, 21.0, 9.0, 41.0, 6.0, 45.0, 20.0, 46.0, 29.0, 9.0, 37.0, 11.0, 5.0, 76.0, 16.0, 12.0, 8.0, 1.0, 48.0, 43.0, 28.0, 7.0, 9.0, 18.0, 5.0, 13.0, 5.0, 43.0, 5.0, 4.0, 79.0, 16.0, 8.0, 15.0, 9.0, 13.0, 34.0, 4.0, 36.0, 2.0, 9.0, 7.0, 42.0, 34.0, 63.0, 137.0, 36.0, 16.0, 59.0, 11.0, 77.0, 2.0, 19.0, 14.0, 27.0, 23.0, 10.0, 10.0, 20.0, 53.0, 10.0, 8.0, 10.0, 8.0, 5.0, 16.0, 10.0, 17.0, 116.0, 47.0, 12.0, 2.0, 11.0, 21.0, 5.0, 7.0, 2.0, 17.0, 9.0, 23.0, 15.0, 31.0, 2.0, 35.0, 17.0, 16.0, 10.0, 24.0, 8.0, 15.0, 9.0, 22.0, 11.0, 66.0, 2.0, 10.0, 13.0, 37.0, 12.0, 20.0, 34.0, 7.0, 1.0, 12.0, 7.0, 41.0, 23.0, 12.0, 8.0, 1.0, 3.0, 32.0, 11.0, 6.0, 13.0, 16.0, 32.0, 12.0, 21.0, 3.0, 14.0, 10.0, 31.0, 29.0, 10.0, 1.0, 48.0, 9.0, 14.0, 89.0, 24.0, 17.0, 49.0, 7.0, 5.0, 52.0, 21.0, 4.0, 69.0, 9.0, 11.0, 17.0, 53.0, 13.0, 18.0, 13.0, 101.0, 9.0, 23.0, 13.0, 21.0, 16.0, 14.0, 20.0, 6.0, 9.0, 3.0, 6.0, 9.0, 10.0, 10.0, 4.0, 81.0, 40.0, 12.0, 18.0, 33.0, 14.0, 10.0, 12.0, 1.0, 5.0, 22.0, 8.0, 8.0, 34.0, 3.0, 10.0, 38.0, 10.0, 15.0, 4.0, 13.0, 13.0, 1.0, 13.0, 22.0, 6.0, 17.0, 11.0, 101.0, 78.0, 15.0, 12.0, 13.0, 5.0, 64.0, 12.0, 2.0, 48.0, 13.0, 25.0, 35.0, 3.0, 16.0, 26.0, 22.0, 36.0, 8.0, 1.0, 24.0, 41.0, 7.0, 17.0, 16.0, 26.0, 64.0, 31.0, 17.0, 3.0, 17.0, 7.0, 70.0, 54.0, 14.0, 23.0, 9.0, 43.0, 4.0, 3.0, 24.0, 15.0, 11.0, 16.0, 18.0, 6.0, 12.0, 37.0, 8.0, 7.0, 26.0, 21.0, 19.0, 40.0, 57.0, 5.0, 72.0, 14.0, 7.0, 11.0, 17.0, 3.0, 5.0, 22.0, 13.0, 9.0, 35.0, 2.0, 9.0, 1.0, 57.0, 11.0, 17.0, 2.0, 8.0, 4.0, 16.0, 49.0, 19.0, 33.0, 5.0, 112.0, 9.0, 14.0, 2.0, 10.0, 66.0, 43.0, 2.0, 39.0, 14.0, 30.0, 11.0, 37.0, 64.0, 37.0, 36.0, 30.0, 92.0, 27.0, 9.0, 18.0, 14.0, 34.0, 5.0, 16.0, 26.0, 9.0, 30.0, 29.0, 12.0, 40.0, 12.0, 42.0, 19.0, 41.0, 7.0, 10.0, 10.0, 12.0, 32.0, 4.0, 36.0, 52.0, 1.0, 21.0, 10.0, 22.0, 7.0, 3.0, 38.0, 25.0, 31.0, 2.0, 40.0, 9.0, 9.0, 11.0, 25.0, 14.0, 8.0, 7.0, 8.0, 28.0, 6.0, 12.0, 4.0, 6.0, 26.0, 13.0, 21.0, 14.0, 8.0, 80.0, 3.0, 12.0, 10.0, 44.0, 17.0, 59.0, 5.0, 49.0, 14.0, 11.0, 26.0, 4.0, 13.0, 22.0, 14.0, 62.0, 34.0, 9.0, 10.0, 9.0, 11.0, 69.0, 9.0, 27.0, 53.0, 55.0, 24.0, 8.0, 21.0, 25.0, 36.0, 26.0, 47.0, 15.0, 9.0, 11.0, 13.0, 13.0, 7.0, 9.0, 28.0, 40.0, 5.0, 41.0, 18.0, 1.0, 1.0, 4.0, 17.0, 10.0, 27.0, 59.0, 13.0, 15.0, 37.0, 22.0, 40.0, 26.0, 7.0, 12.0, 1.0, 14.0, 17.0, 10.0, 2.0, 2.0, 30.0, 6.0, 9.0, 14.0, 9.0, 14.0, 8.0, 39.0, 17.0, 68.0, 13.0, 16.0, 27.0, 61.0, 8.0, 19.0, 20.0, 8.0, 16.0, 9.0, 13.0, 23.0, 30.0, 7.0, 21.0, 7.0, 6.0, 69.0, 9.0, 47.0, 32.0, 32.0, 34.0, 31.0, 5.0, 14.0, 1.0, 3.0, 13.0, 9.0, 5.0, 2.0, 16.0, 6.0, 47.0, 36.0, 11.0, 12.0, 8.0, 9.0, 36.0, 7.0, 17.0, 8.0, 13.0, 17.0, 55.0, 62.0, 2.0, 13.0, 10.0, 24.0, 7.0, 14.0, 61.0, 19.0, 16.0, 11.0, 80.0, 12.0, 16.0, 28.0, 1.0, 24.0, 35.0, 135.0, 13.0, 2.0, 9.0, 64.0, 9.0, 19.0, 5.0, 55.0, 20.0, 22.0, 25.0, 15.0, 12.0, 10.0, 24.0, 1.0, 42.0, 31.0, 10.0, 62.0, 5.0, 24.0, 11.0, 8.0, 16.0, 30.0, 3.0, 16.0, 8.0, 43.0, 10.0, 50.0, 4.0, 79.0, 15.0, 18.0, 7.0, 31.0, 35.0, 14.0, 37.0, 8.0, 1.0, 42.0, 15.0, 4.0, 22.0, 3.0, 1.0, 6.0, 57.0, 13.0, 6.0, 4.0, 7.0, 10.0, 17.0, 22.0, 9.0, 28.0, 14.0, 17.0, 17.0, 11.0, 8.0, 7.0, 10.0, 12.0, 4.0, 28.0, 9.0, 39.0, 12.0, 5.0, 1.0, 25.0, 41.0, 48.0, 19.0, 8.0, 41.0, 16.0, 1.0, 8.0, 9.0, 7.0, 12.0, 10.0, 10.0, 47.0, 22.0, 7.0, 48.0, 3.0, 9.0, 19.0, 29.0, 8.0, 2.0, 3.0, 1.0, 15.0, 7.0, 16.0, 11.0, 7.0, 13.0, 10.0, 32.0, 11.0, 42.0, 1.0, 9.0, 6.0, 9.0, 17.0, 7.0, 16.0, 7.0, 3.0, 33.0, 12.0, 36.0, 7.0, 27.0, 34.0, 2.0, 9.0, 1.0, 16.0, 49.0, 11.0, 43.0, 16.0, 7.0, 27.0, 6.0, 24.0, 14.0, 46.0, 27.0, 9.0, 6.0, 11.0, 23.0, 38.0, 21.0, 6.0, 11.0, 9.0, 3.0, 7.0, 17.0, 63.0, 21.0, 11.0, 29.0, 8.0, 110.0, 10.0, 27.0, 9.0, 13.0, 58.0, 36.0, 30.0, 30.0, 32.0, 9.0, 4.0, 1.0, 24.0, 51.0, 2.0, 6.0, 1.0, 61.0, 42.0, 4.0, 18.0, 85.0, 37.0, 10.0, 6.0, 48.0, 2.0, 24.0, 16.0, 23.0, 29.0, 10.0, 10.0, 13.0, 25.0, 33.0, 6.0, 119.0, 36.0, 1.0, 155.0, 15.0, 17.0, 16.0, 10.0, 9.0, 63.0, 1.0, 26.0, 14.0, 8.0, 4.0, 8.0, 4.0, 44.0, 43.0, 8.0, 4.0, 43.0, 22.0, 11.0, 68.0, 24.0, 87.0, 7.0, 15.0, 8.0, 2.0, 5.0, 23.0, 10.0, 7.0, 3.0, 19.0, 21.0, 54.0, 6.0, 8.0, 4.0, 16.0, 9.0, 2.0, 21.0, 36.0, 23.0, 42.0, 16.0, 50.0, 18.0, 86.0, 21.0, 66.0, 28.0, 10.0, 10.0, 34.0, 30.0, 16.0, 5.0, 26.0, 13.0, 5.0, 44.0, 13.0, 5.0, 27.0, 8.0, 10.0, 9.0, 2.0, 50.0, 37.0, 17.0, 17.0, 16.0, 19.0, 17.0, 9.0, 32.0, 8.0, 22.0, 32.0, 1.0, 32.0, 1.0, 17.0, 19.0, 10.0, 10.0, 8.0, 6.0, 1.0, 14.0, 33.0, 16.0, 14.0, 11.0, 9.0, 10.0, 19.0, 9.0, 7.0, 35.0, 10.0, 3.0, 21.0, 18.0, 25.0, 5.0, 1.0, 39.0, 18.0, 8.0, 64.0, 60.0, 40.0, 14.0, 62.0, 13.0, 72.0, 68.0, 90.0, 36.0, 18.0, 12.0, 35.0, 31.0, 28.0, 5.0, 10.0, 5.0, 52.0, 5.0, 8.0, 8.0, 4.0, 8.0, 9.0, 18.0, 21.0, 18.0, 13.0, 17.0, 8.0, 19.0, 15.0, 6.0, 12.0, 41.0, 12.0, 7.0, 8.0, 1.0, 38.0, 14.0, 31.0, 14.0, 7.0, 25.0, 17.0, 9.0, 18.0, 26.0, 45.0, 28.0, 64.0, 6.0, 11.0, 9.0, 11.0, 5.0, 40.0, 9.0, 17.0, 20.0, 62.0, 69.0, 6.0, 1.0, 3.0, 92.0, 24.0, 13.0, 8.0, 17.0, 29.0, 6.0, 1.0, 26.0, 19.0, 15.0, 4.0, 17.0, 1.0, 9.0, 24.0, 21.0, 84.0, 13.0, 14.0, 24.0, 11.0, 52.0, 9.0, 10.0, 18.0, 3.0, 1.0, 21.0, 9.0, 1.0, 7.0, 24.0, 8.0, 3.0, 27.0, 24.0, 19.0, 1.0, 34.0, 10.0, 52.0, 17.0, 3.0, 46.0, 41.0, 6.0, 2.0, 9.0, 33.0, 1.0, 6.0, 7.0, 14.0, 5.0, 56.0, 33.0, 12.0, 8.0, 17.0, 45.0, 10.0, 22.0, 28.0, 11.0, 4.0, 26.0, 19.0, 42.0, 2.0, 9.0, 9.0, 13.0, 8.0, 22.0, 12.0, 150.0, 29.0, 14.0, 12.0, 25.0, 9.0, 46.0, 19.0, 8.0, 18.0, 6.0, 5.0, 40.0, 84.0, 9.0, 17.0, 32.0, 24.0, 8.0, 11.0, 3.0, 8.0, 1.0, 27.0, 2.0, 24.0, 35.0, 10.0, 47.0, 8.0, 8.0, 7.0, 11.0, 47.0, 35.0, 16.0, 8.0, 6.0, 29.0, 19.0, 31.0, 7.0, 6.0, 14.0, 2.0, 1.0, 31.0, 24.0, 72.0, 20.0, 5.0, 33.0, 19.0, 12.0, 15.0, 10.0, 36.0, 13.0, 4.0, 25.0, 8.0, 16.0, 51.0, 50.0, 18.0, 80.0, 27.0, 19.0, 43.0, 39.0, 4.0, 5.0, 75.0, 66.0, 22.0, 22.0, 22.0, 19.0, 3.0, 29.0, 3.0, 5.0, 4.0, 22.0, 4.0, 16.0, 10.0, 93.0, 22.0, 5.0, 11.0, 23.0, 13.0, 13.0, 23.0, 11.0, 29.0, 13.0, 44.0, 30.0, 13.0, 44.0, 26.0, 14.0, 45.0, 10.0, 12.0, 16.0, 6.0, 18.0, 4.0, 12.0, 13.0, 12.0, 33.0, 13.0, 58.0, 58.0, 9.0, 18.0, 72.0, 46.0, 23.0, 4.0, 2.0, 1.0, 77.0, 31.0, 14.0, 27.0, 16.0, 32.0, 4.0, 39.0, 74.0, 6.0, 12.0, 41.0, 14.0, 40.0, 14.0, 29.0, 14.0, 33.0, 44.0, 13.0, 9.0, 23.0, 5.0, 41.0, 24.0, 25.0, 8.0, 19.0, 13.0, 86.0, 16.0, 35.0, 42.0, 22.0, 13.0, 8.0, 39.0, 8.0, 42.0, 1.0, 15.0, 5.0, 9.0, 6.0, 1.0, 13.0, 10.0, 35.0, 30.0, 46.0, 33.0, 15.0, 27.0, 24.0, 20.0, 13.0, 89.0, 108.0, 119.0, 58.0, 10.0, 8.0, 22.0, 51.0, 29.0, 16.0, 54.0, 27.0, 16.0, 19.0, 11.0, 7.0, 7.0, 16.0, 13.0, 38.0, 9.0, 15.0, 4.0, 35.0, 54.0, 12.0, 21.0, 5.0, 3.0, 8.0, 13.0, 23.0, 8.0, 25.0, 14.0, 10.0, 19.0, 9.0, 5.0, 1.0, 12.0, 22.0, 3.0, 13.0, 44.0, 26.0, 10.0, 21.0, 7.0, 13.0, 37.0, 7.0, 9.0, 19.0, 27.0, 42.0, 6.0, 4.0, 5.0, 7.0, 13.0, 16.0, 41.0, 11.0, 2.0, 9.0, 4.0, 8.0, 19.0, 12.0, 34.0, 48.0, 49.0, 8.0, 11.0, 11.0, 64.0, 8.0, 15.0, 2.0, 28.0, 3.0, 6.0, 15.0, 6.0, 2.0, 5.0, 3.0, 7.0, 19.0, 17.0, 22.0, 35.0, 48.0, 12.0, 27.0, 13.0, 5.0, 6.0, 3.0, 8.0, 38.0, 31.0, 20.0, 75.0, 11.0, 8.0, 16.0, 8.0, 26.0, 30.0, 1.0, 23.0, 28.0, 23.0, 10.0, 16.0, 14.0, 1.0, 66.0, 12.0, 27.0, 15.0, 11.0, 4.0, 24.0, 1.0, 4.0, 17.0, 21.0, 1.0, 20.0, 14.0, 54.0, 53.0, 19.0, 13.0, 21.0, 1.0, 11.0, 28.0, 12.0, 3.0, 36.0, 21.0, 60.0, 68.0, 10.0, 39.0, 13.0, 16.0, 13.0, 25.0, 9.0, 13.0, 9.0, 22.0, 16.0, 21.0, 7.0, 14.0, 15.0, 8.0, 211.0, 3.0, 25.0, 18.0, 97.0, 19.0, 6.0, 64.0, 30.0, 23.0, 15.0, 11.0, 49.0, 14.0, 18.0, 2.0, 52.0, 19.0, 31.0, 30.0, 20.0, 7.0, 12.0, 4.0, 36.0, 13.0, 10.0, 30.0, 11.0, 12.0, 7.0, 23.0, 28.0, 11.0, 5.0, 7.0, 9.0, 4.0, 1.0, 14.0, 14.0, 17.0, 22.0, 9.0, 10.0, 32.0, 3.0, 100.0, 78.0, 25.0, 11.0, 2.0, 27.0, 7.0, 2.0, 29.0, 11.0, 3.0, 44.0, 11.0, 20.0, 13.0, 26.0, 14.0, 10.0, 2.0, 8.0, 21.0, 18.0, 131.0, 23.0, 28.0, 6.0, 48.0, 8.0, 12.0, 21.0, 28.0, 9.0, 36.0, 13.0, 17.0, 28.0, 56.0, 19.0, 1.0, 8.0, 4.0, 110.0, 18.0, 15.0, 42.0, 6.0, 8.0, 65.0, 8.0, 3.0, 33.0, 1.0, 8.0, 41.0, 4.0] 

traffic times
 [154.0, 4.0, 44.0, 18.0, 25.0, 97.0, 20.0, 54.0, 14.0, 1.0, 60.0, 1.0, 16.0, 19.0, 29.0, 10.0, 10.0, 3.0, 14.0, 27.0, 18.0, 43.0, 59.0, 15.0, 8.0, 15.0, 19.0, 10.0, 8.0, 42.0, 67.0, 1.0, 1.0, 1.0, 25.0, 12.0, 15.0, 1.0, 7.0, 12.0, 22.0, 1.0, 7.0, 2.0, 18.0, 40.0, 7.0, 41.0, 36.0, 21.0, 100.0, 19.0, 10.0, 13.0, 57.0, 25.0, 42.0, 21.0, 9.0, 1.0, 9.0, 26.0, 6.0, 10.0, 14.0, 7.0, 1.0, 8.0, 13.0, 21.0, 166.0, 25.0, 8.0, 7.0, 66.0, 1.0, 23.0, 155.0, 26.0, 7.0, 19.0, 1.0, 1.0, 8.0, 1.0, 69.0, 47.0, 91.0, 44.0, 32.0, 23.0, 42.0, 1.0, 35.0, 36.0, 105.0, 1.0, 22.0, 2.0, 24.0, 13.0, 10.0, 1.0, 11.0, 9.0, 13.0, 37.0, 11.0, 13.0, 8.0, 1.0, 46.0, 26.0, 32.0, 19.0, 76.0, 25.0, 18.0, 17.0, 29.0, 22.0, 1.0, 1.0, 5.0, 25.0, 27.0, 39.0, 10.0, 23.0, 11.0, 39.0, 27.0, 12.0, 9.0, 112.0, 12.0, 12.0, 20.0, 1.0, 7.0, 7.0, 7.0, 14.0, 27.0, 38.0, 10.0, 41.0, 57.0, 1.0, 1.0, 7.0, 17.0, 13.0, 25.0, 6.0, 5.0, 53.0, 1.0, 7.0, 36.0, 1.0, 12.0, 71.0, 8.0, 27.0, 24.0, 15.0, 32.0, 1.0, 5.0, 7.0, 22.0, 1.0, 20.0, 46.0, 1.0, 24.0, 29.0, 7.0, 84.0, 10.0, 1.0, 14.0, 37.0, 21.0, 1.0, 44.0, 43.0, 14.0, 19.0, 12.0, 15.0, 51.0, 67.0, 11.0, 5.0, 14.0, 96.0, 7.0, 93.0, 7.0, 9.0, 36.0, 1.0, 1.0, 2.0, 58.0, 9.0, 1.0, 37.0, 48.0, 37.0, 7.0, 7.0, 24.0, 1.0, 28.0, 12.0, 28.0, 10.0, 1.0, 14.0, 4.0, 35.0, 6.0, 19.0, 22.0, 1.0, 8.0, 6.0, 22.0, 1.0, 1.0, 49.0, 13.0, 37.0, 1.0, 1.0, 10.0, 7.0, 66.0, 8.0, 6.0, 12.0, 1.0, 20.0, 1.0, 66.0, 3.0, 29.0, 13.0, 8.0, 7.0, 6.0, 14.0, 10.0, 2.0, 70.0, 6.0, 13.0, 8.0, 11.0, 11.0, 71.0, 101.0, 56.0, 24.0, 30.0, 4.0, 9.0, 16.0, 43.0, 12.0, 35.0, 13.0, 13.0, 57.0, 1.0, 18.0, 1.0, 1.0, 10.0, 42.0, 120.0, 1.0, 63.0, 1.0, 8.0, 63.0, 24.0, 18.0, 15.0, 81.0, 15.0, 12.0, 8.0, 2.0, 42.0, 23.0, 1.0, 1.0, 1.0, 1.0, 42.0, 9.0, 56.0, 64.0, 1.0, 7.0, 15.0, 1.0, 89.0, 1.0, 43.0, 11.0, 8.0, 15.0, 45.0, 13.0, 60.0, 26.0, 11.0, 46.0, 30.0, 36.0, 31.0, 144.0, 1.0, 12.0, 16.0, 56.0, 19.0, 1.0, 4.0, 28.0, 49.0, 39.0, 14.0, 13.0, 42.0, 16.0, 13.0, 48.0, 21.0, 25.0, 17.0, 41.0, 22.0, 15.0, 17.0, 27.0, 29.0, 17.0, 5.0, 17.0, 1.0, 19.0, 18.0, 54.0, 47.0, 27.0, 87.0, 28.0, 14.0, 1.0, 7.0, 42.0, 18.0, 24.0, 11.0, 1.0, 11.0, 1.0, 36.0, 27.0, 3.0, 30.0, 125.0, 58.0, 1.0, 12.0, 2.0, 9.0, 9.0, 27.0, 30.0, 16.0, 8.0, 11.0, 44.0, 1.0, 1.0, 13.0, 26.0, 4.0, 30.0, 12.0, 125.0, 28.0, 7.0, 32.0, 3.0, 8.0, 61.0, 16.0, 18.0, 30.0, 30.0, 8.0, 1.0, 19.0, 1.0, 67.0, 30.0, 1.0, 29.0, 13.0, 16.0, 27.0, 8.0, 11.0, 22.0, 7.0, 49.0, 57.0, 21.0, 21.0, 7.0, 36.0, 12.0, 6.0, 12.0, 32.0, 46.0, 1.0, 11.0, 10.0, 1.0, 16.0, 36.0, 7.0, 42.0, 12.0, 65.0, 47.0, 3.0, 21.0, 25.0, 13.0, 24.0, 15.0, 1.0, 10.0, 17.0, 11.0, 6.0, 1.0, 24.0, 10.0, 38.0, 11.0, 4.0, 23.0, 9.0, 1.0, 1.0, 2.0, 4.0, 49.0, 8.0, 1.0, 1.0, 24.0, 11.0, 60.0, 29.0, 64.0, 6.0, 18.0, 15.0, 15.0, 47.0, 32.0, 9.0, 15.0, 53.0, 1.0, 1.0, 27.0, 1.0, 48.0, 14.0, 1.0, 7.0, 108.0, 44.0, 3.0, 56.0, 16.0, 7.0, 1.0, 23.0, 15.0, 15.0, 11.0, 42.0, 11.0, 7.0, 14.0, 27.0, 66.0, 19.0, 5.0, 1.0, 59.0, 9.0, 47.0, 7.0, 1.0, 11.0, 7.0, 14.0, 1.0, 1.0, 30.0, 11.0, 10.0, 20.0, 5.0, 1.0, 22.0, 12.0, 17.0, 28.0, 25.0, 48.0, 25.0, 6.0, 24.0, 21.0, 22.0, 3.0, 57.0, 38.0, 1.0, 30.0, 11.0, 9.0, 75.0, 10.0, 31.0, 14.0, 65.0, 1.0, 7.0, 1.0, 1.0, 77.0, 10.0, 12.0, 9.0, 49.0, 15.0, 15.0, 64.0, 19.0, 7.0, 1.0, 1.0, 7.0, 41.0, 47.0, 21.0, 12.0, 12.0, 7.0, 7.0, 1.0, 97.0, 30.0, 1.0, 11.0, 30.0, 8.0, 11.0, 33.0, 125.0, 24.0, 4.0, 10.0, 7.0, 1.0, 35.0, 3.0, 63.0, 21.0, 64.0, 7.0, 7.0, 6.0, 115.0, 72.0, 12.0, 1.0, 16.0, 50.0, 51.0, 16.0, 1.0, 29.0, 20.0, 8.0, 61.0, 24.0, 8.0, 28.0, 55.0, 13.0, 1.0, 12.0, 35.0, 23.0, 24.0, 53.0, 49.0, 6.0, 6.0, 44.0, 28.0, 70.0, 1.0, 9.0, 12.0, 8.0, 9.0, 1.0, 71.0, 7.0, 1.0, 31.0, 7.0, 5.0, 53.0, 1.0, 27.0, 68.0, 18.0, 27.0, 1.0, 1.0, 21.0, 12.0, 2.0, 46.0, 95.0, 1.0, 1.0, 1.0, 15.0, 29.0, 20.0, 49.0, 106.0, 10.0, 29.0, 87.0, 1.0, 27.0, 1.0, 7.0, 51.0, 37.0, 46.0, 55.0, 11.0, 2.0, 11.0, 47.0, 13.0, 81.0, 7.0, 13.0, 7.0, 11.0, 28.0, 12.0, 6.0, 1.0, 1.0, 1.0, 58.0, 14.0, 19.0, 48.0, 9.0, 6.0, 24.0, 17.0, 14.0, 25.0, 1.0, 12.0, 10.0, 27.0, 24.0, 8.0, 13.0, 2.0, 8.0, 37.0, 1.0, 7.0, 11.0, 12.0, 8.0, 14.0, 3.0, 10.0, 1.0, 1.0, 1.0, 6.0, 1.0, 16.0, 37.0, 23.0, 15.0, 13.0, 48.0, 11.0, 20.0, 35.0, 13.0, 28.0, 25.0, 54.0, 18.0, 39.0, 25.0, 10.0, 98.0, 6.0, 1.0, 8.0, 1.0, 1.0, 1.0, 13.0, 34.0, 22.0, 11.0, 11.0, 10.0, 193.0, 131.0, 11.0, 147.0, 8.0, 1.0, 13.0, 1.0, 72.0, 140.0, 28.0, 1.0, 7.0, 1.0, 11.0, 24.0, 8.0, 11.0, 51.0, 98.0, 12.0, 163.0, 38.0, 13.0, 81.0, 1.0, 15.0, 11.0, 27.0, 18.0, 53.0, 4.0, 11.0, 10.0, 1.0, 23.0, 7.0, 1.0, 22.0, 45.0, 34.0, 1.0, 5.0, 1.0, 22.0, 1.0, 13.0, 23.0, 30.0, 1.0, 3.0, 7.0, 20.0, 1.0, 29.0, 7.0, 7.0, 12.0, 12.0, 22.0, 13.0, 7.0, 82.0, 30.0, 13.0, 3.0, 58.0, 32.0, 18.0, 68.0, 6.0, 37.0, 94.0, 22.0, 7.0, 13.0, 14.0, 54.0, 1.0, 1.0, 10.0, 1.0, 15.0, 37.0, 29.0, 49.0, 35.0, 1.0, 23.0, 28.0, 19.0, 42.0, 1.0, 1.0, 19.0, 3.0, 7.0, 26.0, 40.0, 1.0, 23.0, 20.0, 22.0, 1.0, 6.0, 14.0, 6.0, 1.0, 22.0, 11.0, 11.0, 5.0, 11.0, 14.0, 15.0, 7.0, 18.0, 8.0, 52.0, 87.0, 1.0, 7.0, 16.0, 11.0, 18.0, 1.0, 15.0, 35.0, 11.0, 52.0, 7.0, 13.0, 57.0, 102.0, 20.0, 34.0, 34.0, 11.0, 7.0, 4.0, 8.0, 14.0, 60.0, 118.0, 6.0, 48.0, 46.0, 7.0, 107.0, 11.0, 12.0, 20.0, 23.0, 26.0, 18.0, 17.0, 7.0, 32.0, 74.0, 8.0, 16.0, 17.0, 18.0, 21.0, 1.0, 26.0, 3.0, 8.0, 22.0, 27.0, 137.0, 1.0, 26.0, 1.0, 57.0, 21.0, 17.0, 72.0, 37.0, 1.0, 13.0, 1.0, 29.0, 119.0, 1.0, 14.0, 5.0, 43.0, 79.0, 18.0, 107.0, 1.0, 44.0, 7.0, 7.0, 1.0, 19.0, 7.0, 2.0, 7.0, 20.0, 25.0, 1.0, 1.0, 9.0, 54.0, 25.0, 57.0, 1.0, 29.0, 1.0, 38.0, 7.0, 1.0, 16.0, 20.0, 7.0, 105.0, 32.0, 15.0, 18.0, 6.0, 65.0, 11.0, 55.0, 76.0, 9.0, 12.0, 12.0, 18.0, 1.0, 13.0, 15.0, 57.0, 8.0, 1.0, 1.0, 22.0, 45.0, 7.0, 25.0, 66.0, 45.0, 9.0, 8.0, 14.0, 3.0, 14.0, 1.0, 54.0, 11.0, 14.0, 1.0, 47.0, 71.0, 14.0, 7.0, 1.0, 11.0, 3.0, 7.0, 1.0, 32.0, 26.0, 37.0, 1.0, 1.0, 1.0, 33.0, 24.0, 24.0, 11.0, 15.0, 24.0, 18.0, 10.0, 22.0, 50.0, 27.0, 17.0, 17.0, 29.0, 19.0, 12.0, 16.0, 6.0, 1.0, 79.0, 11.0, 26.0, 30.0, 10.0, 1.0, 8.0, 1.0, 27.0, 1.0, 56.0, 26.0, 79.0, 1.0, 14.0, 13.0, 12.0, 87.0, 2.0, 1.0, 20.0, 21.0, 21.0, 19.0, 14.0, 2.0, 17.0, 17.0, 22.0, 19.0, 86.0, 6.0, 43.0, 16.0, 24.0, 10.0, 52.0, 12.0, 15.0, 1.0, 1.0, 1.0, 35.0, 13.0, 32.0, 14.0, 36.0, 25.0, 8.0, 40.0, 24.0, 35.0, 15.0, 43.0, 3.0, 71.0, 15.0, 16.0, 35.0, 34.0, 46.0, 7.0, 35.0, 11.0, 37.0, 16.0, 1.0, 23.0, 2.0, 20.0, 45.0, 22.0, 21.0, 11.0, 1.0, 26.0, 1.0, 30.0, 66.0, 26.0, 1.0, 1.0, 125.0, 90.0, 1.0, 9.0, 64.0, 48.0, 20.0, 30.0, 1.0, 25.0, 5.0, 13.0, 13.0, 40.0, 59.0, 21.0, 41.0, 12.0, 6.0, 25.0, 25.0, 15.0, 1.0, 23.0, 26.0, 24.0, 32.0, 91.0, 1.0, 31.0, 2.0, 8.0, 10.0, 1.0, 12.0, 10.0, 35.0, 4.0, 6.0, 3.0, 49.0, 78.0, 8.0, 18.0, 44.0, 20.0, 10.0, 12.0, 51.0, 1.0, 72.0, 14.0, 22.0, 7.0, 67.0, 90.0, 50.0, 7.0, 1.0, 11.0, 1.0, 22.0, 24.0, 37.0, 1.0, 27.0, 13.0, 52.0, 82.0, 95.0, 28.0, 41.0, 82.0, 10.0, 18.0, 69.0, 10.0, 9.0, 1.0, 23.0, 1.0, 54.0, 15.0, 1.0, 23.0, 1.0, 60.0, 14.0, 14.0, 45.0, 8.0, 18.0, 32.0, 41.0, 1.0, 7.0, 32.0, 2.0, 22.0, 7.0, 12.0, 13.0, 38.0, 12.0, 53.0, 55.0, 24.0, 1.0, 15.0, 96.0, 11.0, 5.0, 1.0, 21.0, 27.0, 16.0, 35.0, 54.0, 17.0, 27.0, 91.0, 26.0, 21.0, 14.0, 24.0, 1.0, 8.0, 27.0, 17.0, 98.0, 17.0, 1.0, 12.0, 26.0, 26.0, 16.0, 1.0, 1.0, 3.0, 125.0, 24.0, 38.0, 60.0, 8.0, 17.0, 14.0, 9.0, 21.0, 7.0, 33.0, 7.0, 82.0, 41.0, 1.0, 13.0, 1.0, 20.0, 62.0, 1.0, 38.0, 11.0, 7.0, 2.0, 47.0, 22.0, 3.0, 23.0, 17.0, 30.0, 91.0, 1.0, 66.0, 28.0, 12.0, 18.0, 7.0, 1.0, 118.0, 2.0, 37.0, 21.0, 7.0, 48.0, 55.0, 47.0, 4.0, 1.0, 1.0, 8.0, 3.0, 12.0, 19.0, 23.0, 12.0, 33.0, 8.0, 15.0, 35.0, 16.0, 48.0, 34.0, 16.0, 41.0, 21.0, 26.0, 6.0, 1.0, 1.0, 23.0, 11.0, 1.0, 19.0, 37.0, 10.0, 1.0, 33.0, 61.0, 9.0, 1.0, 28.0, 92.0, 7.0, 11.0, 77.0, 12.0, 1.0, 27.0, 24.0, 2.0, 57.0, 8.0, 14.0, 62.0, 13.0, 1.0, 8.0, 62.0, 7.0, 11.0, 14.0, 11.0, 25.0, 1.0, 101.0, 1.0, 9.0, 32.0, 6.0, 47.0, 17.0, 5.0, 49.0, 1.0, 1.0, 11.0, 28.0, 26.0, 3.0, 2.0, 7.0, 37.0, 1.0, 12.0, 58.0, 14.0, 8.0, 3.0, 12.0, 18.0, 23.0, 10.0, 3.0, 16.0, 7.0, 57.0, 1.0, 22.0, 44.0, 21.0, 37.0, 51.0, 75.0, 22.0, 17.0, 1.0, 34.0, 1.0, 72.0, 22.0, 24.0, 18.0, 10.0, 47.0, 2.0, 11.0, 1.0, 11.0, 11.0, 1.0, 4.0, 14.0, 21.0, 200.0, 95.0, 4.0, 23.0, 28.0, 15.0, 4.0, 20.0, 64.0, 24.0, 20.0, 1.0, 50.0, 25.0, 10.0, 1.0, 38.0, 36.0, 34.0, 41.0, 35.0, 4.0, 35.0, 8.0, 21.0, 1.0, 10.0, 1.0, 47.0, 37.0, 1.0, 21.0, 52.0, 8.0, 18.0, 47.0, 54.0, 7.0, 43.0, 93.0, 15.0, 3.0, 44.0, 22.0, 45.0, 51.0, 19.0, 11.0, 15.0, 18.0, 1.0, 22.0, 41.0, 30.0, 29.0, 22.0, 4.0, 20.0, 12.0, 66.0, 1.0, 83.0, 6.0, 1.0, 7.0, 15.0, 21.0, 10.0, 148.0, 12.0, 5.0, 27.0, 58.0, 13.0, 21.0, 42.0, 1.0, 56.0, 35.0, 52.0, 34.0, 14.0, 86.0, 32.0, 1.0, 14.0, 1.0, 8.0, 23.0, 13.0, 1.0, 30.0, 17.0, 86.0, 13.0, 18.0, 26.0, 1.0, 1.0, 2.0, 1.0, 1.0, 7.0, 3.0, 21.0, 7.0, 43.0, 13.0, 13.0, 1.0, 30.0, 13.0, 31.0, 10.0, 1.0, 34.0, 10.0, 19.0, 19.0, 1.0, 23.0, 10.0, 1.0, 12.0, 13.0, 54.0, 6.0, 33.0, 1.0, 4.0, 18.0, 10.0, 1.0, 26.0, 1.0, 41.0, 21.0, 47.0, 21.0, 15.0, 17.0, 25.0, 53.0, 8.0, 186.0, 14.0, 16.0, 6.0, 3.0, 113.0, 7.0, 26.0, 64.0, 57.0, 10.0, 1.0, 5.0, 14.0, 12.0, 40.0, 64.0, 1.0, 6.0, 11.0, 25.0, 1.0, 62.0, 7.0, 13.0, 20.0, 30.0, 23.0, 71.0, 41.0, 12.0, 51.0, 31.0, 1.0, 3.0, 110.0, 23.0, 27.0, 50.0, 91.0, 15.0, 15.0, 2.0, 21.0, 1.0, 6.0, 12.0, 12.0, 7.0, 30.0, 24.0, 26.0, 6.0, 30.0, 10.0, 3.0, 1.0, 41.0, 102.0, 26.0, 18.0, 23.0, 12.0, 4.0, 68.0, 3.0, 1.0, 1.0, 7.0, 1.0, 2.0, 11.0, 1.0, 12.0, 4.0, 18.0, 8.0, 21.0, 51.0, 1.0, 1.0, 7.0, 22.0, 1.0, 33.0, 8.0, 16.0, 20.0, 38.0, 4.0, 53.0, 1.0, 7.0, 32.0, 11.0, 9.0, 7.0, 33.0, 45.0, 35.0, 106.0, 29.0, 50.0, 39.0, 1.0, 10.0, 7.0, 38.0, 1.0, 42.0, 1.0, 35.0, 9.0, 38.0, 1.0, 1.0, 8.0, 27.0, 166.0, 50.0, 26.0, 2.0, 18.0, 97.0, 13.0, 18.0, 16.0, 15.0, 19.0, 7.0, 54.0, 111.0, 13.0, 15.0, 7.0, 13.0, 22.0, 1.0, 20.0, 11.0, 1.0, 43.0, 37.0, 2.0, 1.0, 10.0, 24.0, 7.0, 7.0, 37.0, 46.0, 26.0, 14.0, 40.0, 88.0, 6.0, 1.0, 30.0, 11.0, 40.0, 1.0, 6.0, 13.0, 14.0, 21.0, 1.0, 66.0, 1.0, 16.0, 70.0, 70.0, 68.0, 1.0, 139.0, 1.0, 3.0, 1.0, 1.0, 29.0, 60.0, 11.0, 78.0, 12.0, 8.0, 32.0, 11.0, 25.0, 1.0, 71.0, 7.0, 10.0, 25.0, 23.0, 45.0, 31.0, 10.0, 31.0, 15.0, 32.0, 26.0, 1.0, 2.0, 26.0, 11.0, 7.0, 31.0, 12.0, 29.0, 26.0, 12.0, 6.0, 13.0, 1.0, 45.0, 124.0, 1.0, 12.0, 8.0, 18.0, 5.0, 8.0, 37.0, 6.0, 11.0, 11.0, 31.0, 17.0, 21.0, 7.0, 17.0, 1.0, 153.0, 56.0, 8.0, 1.0, 11.0, 3.0, 1.0, 1.0, 14.0, 1.0, 50.0, 79.0, 33.0, 52.0, 1.0, 1.0, 40.0, 15.0, 11.0, 25.0, 38.0, 1.0, 7.0, 85.0, 11.0, 63.0, 18.0, 20.0, 1.0, 17.0, 55.0, 1.0, 6.0, 7.0, 18.0, 10.0, 16.0, 2.0, 7.0, 141.0, 1.0, 22.0, 1.0, 1.0, 28.0, 18.0, 8.0, 33.0, 11.0, 1.0, 28.0, 19.0, 1.0, 52.0, 1.0, 13.0, 1.0, 24.0, 18.0, 19.0, 72.0, 22.0, 11.0, 21.0, 1.0, 50.0, 21.0, 54.0, 37.0, 81.0, 11.0, 24.0, 8.0, 29.0, 27.0, 43.0, 88.0, 64.0, 15.0, 36.0, 3.0, 58.0, 11.0, 8.0, 26.0, 1.0, 7.0, 12.0, 23.0, 10.0, 18.0, 7.0, 29.0, 32.0, 7.0, 16.0, 24.0, 13.0, 29.0, 4.0, 30.0, 31.0, 7.0, 44.0, 38.0, 46.0, 1.0, 1.0, 21.0, 2.0, 22.0, 44.0, 11.0, 1.0, 98.0, 16.0, 52.0, 5.0, 1.0, 11.0, 11.0, 132.0, 19.0, 9.0, 35.0, 30.0, 1.0, 15.0, 90.0, 1.0, 21.0, 1.0, 2.0, 28.0, 19.0, 108.0, 2.0, 2.0, 50.0, 10.0, 18.0, 14.0, 11.0, 42.0, 70.0, 20.0, 1.0, 1.0, 11.0, 13.0, 25.0, 24.0, 51.0, 1.0, 4.0, 7.0, 11.0, 42.0, 46.0, 19.0, 56.0, 46.0, 1.0, 1.0, 30.0, 7.0, 9.0, 26.0, 3.0, 32.0, 34.0, 12.0, 16.0, 42.0, 13.0, 8.0, 6.0, 24.0, 18.0, 9.0, 34.0, 8.0, 13.0, 34.0, 21.0, 1.0, 8.0, 159.0, 6.0, 1.0, 18.0, 65.0, 31.0, 8.0, 1.0, 14.0, 5.0, 37.0, 22.0, 26.0, 26.0, 26.0, 1.0, 7.0, 24.0, 21.0, 18.0, 19.0, 12.0, 1.0, 14.0, 15.0, 1.0, 1.0, 4.0, 57.0, 96.0, 70.0, 57.0, 11.0, 20.0, 197.0, 2.0, 61.0, 10.0, 12.0, 37.0, 3.0, 1.0, 1.0, 21.0, 50.0, 2.0, 24.0, 23.0, 76.0, 1.0, 5.0, 65.0, 19.0, 11.0, 44.0, 24.0, 6.0, 81.0, 24.0, 7.0, 1.0, 11.0, 15.0, 23.0, 55.0, 7.0, 1.0, 1.0, 23.0, 15.0, 1.0, 97.0, 22.0, 23.0, 132.0, 1.0, 14.0, 17.0, 18.0, 8.0, 39.0, 1.0, 24.0, 1.0, 50.0, 37.0, 38.0, 7.0, 5.0, 82.0, 66.0, 9.0, 53.0, 1.0, 20.0, 82.0, 7.0, 1.0, 12.0, 32.0, 28.0, 16.0, 1.0, 12.0, 68.0, 48.0, 1.0, 5.0, 15.0, 108.0, 12.0, 29.0, 11.0, 10.0, 2.0, 1.0, 75.0, 21.0, 65.0, 25.0, 1.0, 7.0, 1.0, 28.0, 22.0, 33.0, 1.0, 11.0, 1.0, 37.0, 20.0, 50.0, 1.0, 34.0, 44.0, 1.0, 88.0, 137.0, 27.0, 15.0, 1.0, 14.0, 2.0, 31.0, 1.0, 42.0, 89.0, 8.0, 53.0, 71.0, 1.0, 44.0, 31.0, 30.0, 25.0, 1.0, 65.0, 58.0, 1.0, 2.0, 22.0, 1.0, 6.0, 9.0, 24.0, 26.0, 24.0, 1.0, 28.0, 7.0, 22.0, 110.0, 9.0, 74.0, 10.0, 53.0, 26.0, 30.0, 21.0, 13.0, 14.0, 7.0, 36.0, 3.0, 37.0, 23.0, 41.0, 12.0, 8.0, 17.0, 15.0, 73.0, 1.0, 62.0, 33.0, 11.0, 2.0, 2.0, 8.0, 45.0, 6.0, 1.0, 7.0, 19.0, 1.0, 12.0, 1.0, 120.0, 14.0, 5.0, 1.0, 9.0, 56.0, 19.0, 100.0, 66.0, 1.0, 12.0, 5.0, 31.0, 23.0, 53.0, 18.0, 1.0, 142.0, 13.0, 1.0, 1.0, 28.0, 7.0, 11.0, 32.0, 24.0, 1.0, 52.0, 56.0, 14.0, 1.0, 15.0, 55.0, 9.0, 1.0, 7.0, 8.0, 11.0, 8.0, 55.0, 28.0, 69.0, 19.0, 32.0, 13.0, 1.0, 14.0, 7.0, 31.0, 24.0, 46.0, 7.0, 16.0, 45.0, 95.0, 19.0, 26.0, 16.0, 15.0, 19.0, 8.0, 7.0, 7.0, 96.0, 5.0, 9.0, 10.0, 28.0, 15.0, 1.0, 27.0, 12.0, 20.0, 9.0, 1.0, 1.0, 24.0, 11.0, 10.0, 65.0, 7.0, 8.0, 61.0, 1.0, 38.0, 13.0, 13.0, 12.0, 27.0, 25.0, 10.0, 46.0, 5.0, 23.0, 40.0, 8.0, 15.0, 1.0, 10.0, 24.0, 1.0, 15.0, 20.0, 1.0, 15.0, 11.0, 67.0, 20.0, 14.0, 12.0, 1.0, 7.0, 14.0, 24.0, 42.0, 37.0, 9.0, 43.0, 7.0, 2.0, 1.0, 32.0, 3.0, 12.0, 8.0, 32.0, 83.0, 1.0, 25.0, 64.0, 14.0, 35.0, 23.0, 1.0, 28.0, 25.0, 16.0, 10.0, 13.0, 31.0, 7.0, 61.0, 12.0, 140.0, 18.0, 1.0, 8.0, 7.0, 10.0, 11.0, 27.0, 63.0, 34.0, 23.0, 57.0, 11.0, 18.0, 20.0, 10.0, 80.0, 25.0, 19.0, 27.0, 15.0, 7.0, 54.0, 101.0, 13.0, 58.0, 10.0, 1.0, 170.0, 49.0, 13.0, 8.0, 12.0, 20.0, 1.0, 59.0, 15.0, 5.0, 40.0, 12.0, 1.0, 74.0, 11.0, 1.0, 15.0, 48.0, 64.0, 79.0, 1.0, 51.0, 33.0, 62.0, 8.0, 12.0, 27.0, 14.0, 1.0, 1.0, 34.0, 53.0, 11.0, 89.0, 14.0, 1.0, 3.0, 14.0, 12.0, 6.0, 1.0, 7.0, 9.0, 11.0, 1.0, 23.0, 20.0, 7.0, 27.0, 7.0, 8.0, 17.0, 22.0, 14.0, 51.0, 46.0, 38.0, 22.0, 1.0, 7.0, 12.0, 24.0, 14.0, 22.0, 1.0, 8.0, 15.0, 23.0, 13.0, 6.0, 39.0, 1.0, 19.0, 181.0, 10.0, 8.0, 10.0, 36.0, 7.0, 21.0, 14.0, 1.0, 65.0, 7.0, 2.0, 3.0, 1.0, 14.0, 104.0, 1.0, 1.0, 44.0, 16.0, 1.0, 1.0, 17.0, 1.0, 49.0, 63.0, 29.0, 1.0, 1.0, 74.0, 1.0, 10.0, 9.0, 7.0, 34.0, 9.0, 19.0, 47.0, 5.0, 18.0, 74.0, 30.0, 5.0, 17.0, 21.0, 1.0, 1.0, 5.0, 13.0, 36.0, 6.0, 15.0, 7.0, 35.0, 1.0, 1.0, 1.0, 77.0, 1.0, 38.0, 33.0, 7.0, 19.0, 18.0, 13.0, 24.0, 18.0, 42.0, 22.0, 13.0, 7.0, 7.0, 36.0, 1.0, 7.0, 18.0, 10.0, 96.0, 132.0, 59.0, 8.0, 21.0, 9.0, 26.0, 20.0, 1.0, 94.0, 5.0, 22.0, 55.0, 5.0, 47.0, 8.0, 31.0, 10.0, 11.0, 18.0, 1.0, 10.0, 29.0, 1.0, 21.0, 12.0, 17.0, 7.0, 10.0, 4.0, 1.0, 29.0, 15.0, 1.0, 15.0, 50.0, 16.0, 8.0, 28.0, 32.0, 22.0, 28.0, 22.0, 55.0, 20.0, 38.0, 18.0, 7.0, 43.0, 45.0, 22.0, 7.0, 31.0, 1.0, 20.0, 44.0, 6.0, 7.0, 26.0, 48.0, 35.0, 35.0, 1.0, 22.0, 20.0, 12.0, 8.0, 19.0, 7.0, 7.0, 26.0, 1.0, 5.0, 38.0, 53.0, 1.0, 8.0, 29.0, 57.0, 15.0, 15.0, 8.0, 28.0, 35.0, 32.0, 10.0, 7.0, 10.0, 40.0, 1.0, 16.0, 1.0, 1.0, 58.0, 16.0, 56.0, 48.0, 8.0, 8.0, 2.0, 11.0, 15.0, 13.0, 7.0, 175.0, 1.0, 12.0, 19.0, 13.0, 33.0, 9.0, 5.0, 7.0, 74.0, 9.0, 14.0, 24.0, 1.0, 1.0, 55.0, 75.0, 11.0, 43.0, 12.0, 12.0, 35.0, 33.0, 7.0, 19.0, 19.0, 38.0, 41.0, 1.0, 74.0, 46.0, 11.0, 30.0, 53.0, 28.0, 26.0, 13.0, 93.0, 8.0, 11.0, 28.0, 30.0, 1.0, 37.0, 20.0, 2.0, 107.0, 2.0, 31.0, 55.0, 92.0, 13.0, 61.0, 1.0, 28.0, 10.0, 42.0, 28.0, 20.0, 31.0, 20.0, 18.0, 15.0, 98.0, 17.0, 43.0, 128.0, 7.0, 1.0, 9.0, 7.0, 11.0, 110.0, 46.0, 97.0, 1.0, 45.0, 29.0, 61.0, 9.0, 9.0, 21.0, 22.0, 5.0, 58.0, 14.0, 4.0, 26.0, 60.0, 1.0, 1.0, 19.0, 1.0, 5.0, 20.0, 24.0, 7.0, 1.0, 18.0, 14.0, 20.0, 1.0, 21.0, 44.0, 23.0, 1.0, 5.0, 49.0, 20.0, 7.0, 31.0, 3.0, 68.0, 58.0, 25.0, 7.0, 22.0, 16.0, 6.0, 30.0, 7.0, 9.0, 1.0, 18.0, 11.0, 1.0, 57.0, 17.0, 6.0, 6.0, 7.0, 3.0, 7.0, 6.0, 19.0, 61.0, 14.0, 3.0, 60.0, 7.0, 101.0, 9.0, 24.0, 13.0, 23.0, 22.0, 4.0, 43.0, 80.0, 7.0, 41.0, 77.0, 13.0, 34.0, 2.0, 20.0, 84.0, 60.0, 31.0, 46.0, 16.0, 24.0, 19.0, 48.0, 41.0, 1.0, 43.0, 14.0, 2.0, 7.0, 1.0, 7.0, 40.0, 17.0, 7.0, 104.0, 71.0, 1.0, 74.0, 24.0, 71.0, 35.0, 65.0, 21.0, 17.0, 1.0, 48.0, 8.0, 32.0, 11.0, 113.0, 37.0, 17.0, 6.0, 8.0, 63.0, 29.0, 23.0, 29.0, 19.0, 14.0, 24.0, 42.0, 16.0, 1.0, 29.0, 53.0, 1.0, 22.0, 7.0, 11.0, 1.0, 1.0, 1.0, 12.0, 2.0, 8.0, 41.0, 18.0, 30.0, 15.0, 131.0, 9.0, 60.0, 72.0, 14.0, 38.0, 12.0, 49.0, 1.0, 7.0, 12.0, 14.0, 63.0, 33.0, 74.0, 1.0, 38.0, 117.0, 68.0, 1.0, 50.0, 1.0, 7.0, 38.0, 1.0, 24.0, 29.0, 3.0, 1.0, 26.0, 40.0, 1.0, 34.0, 62.0, 55.0, 8.0, 1.0, 24.0, 15.0, 8.0, 32.0, 1.0, 1.0, 31.0, 48.0, 23.0, 52.0, 1.0, 111.0, 10.0, 35.0, 15.0, 1.0, 7.0, 2.0, 39.0, 58.0, 138.0, 8.0, 1.0, 36.0, 6.0, 8.0, 14.0, 12.0, 71.0, 11.0, 8.0, 27.0, 8.0, 14.0, 31.0, 23.0, 39.0, 27.0, 5.0, 2.0, 30.0, 80.0, 17.0, 20.0, 37.0, 53.0, 1.0, 9.0, 7.0, 13.0, 1.0, 1.0, 16.0, 8.0, 7.0, 23.0, 10.0, 26.0, 1.0, 30.0, 45.0, 1.0, 60.0, 2.0, 20.0, 97.0, 39.0, 7.0, 5.0, 7.0, 62.0, 17.0, 33.0, 73.0, 9.0, 1.0, 58.0, 1.0, 20.0, 9.0, 1.0, 13.0, 3.0, 5.0, 43.0, 1.0, 1.0, 20.0, 93.0, 39.0, 24.0, 31.0, 3.0, 11.0, 6.0, 33.0, 1.0, 1.0, 3.0, 15.0, 2.0, 17.0, 1.0, 22.0, 34.0, 10.0, 14.0, 56.0, 21.0, 1.0, 8.0, 93.0, 1.0, 54.0, 57.0, 150.0, 1.0, 12.0, 9.0, 58.0, 8.0, 13.0, 70.0, 71.0, 57.0, 40.0, 1.0, 32.0, 35.0, 9.0, 12.0, 7.0, 24.0, 21.0, 15.0, 11.0, 17.0, 40.0, 71.0, 42.0, 17.0, 1.0, 30.0, 1.0, 99.0, 15.0, 18.0, 1.0, 48.0, 7.0, 58.0, 21.0, 1.0, 1.0, 1.0, 1.0, 45.0, 52.0, 8.0, 7.0, 38.0, 15.0, 27.0, 1.0, 23.0, 1.0, 10.0, 29.0, 6.0, 8.0, 7.0, 8.0, 14.0, 18.0, 19.0, 20.0, 34.0, 7.0, 1.0, 7.0, 34.0, 12.0, 49.0, 2.0, 41.0, 20.0, 108.0, 12.0, 8.0, 10.0, 33.0, 23.0, 58.0, 11.0, 53.0, 12.0, 27.0, 1.0, 1.0, 1.0, 42.0, 19.0, 10.0, 20.0, 42.0, 15.0, 36.0, 129.0, 33.0, 66.0, 45.0, 96.0, 37.0, 35.0, 27.0, 7.0, 1.0, 24.0, 82.0, 1.0, 107.0, 86.0, 19.0, 10.0, 4.0, 1.0, 125.0, 1.0, 15.0, 66.0, 7.0, 13.0, 102.0, 1.0, 53.0, 21.0, 45.0, 7.0, 10.0, 7.0, 22.0, 23.0, 14.0, 7.0, 5.0, 7.0, 35.0, 25.0, 22.0, 13.0, 20.0, 53.0, 1.0, 67.0, 13.0, 55.0, 9.0, 37.0, 24.0, 18.0, 95.0, 29.0, 1.0, 22.0, 1.0, 24.0, 29.0, 7.0, 8.0, 30.0, 1.0, 5.0, 37.0, 7.0, 11.0, 1.0, 3.0, 57.0, 25.0, 80.0, 14.0, 1.0, 14.0, 10.0, 8.0, 12.0, 14.0, 4.0, 9.0, 20.0, 7.0, 88.0, 9.0, 1.0, 19.0, 53.0, 84.0, 29.0, 32.0, 72.0, 35.0, 20.0, 10.0, 40.0, 21.0, 15.0, 37.0, 7.0, 11.0, 49.0, 20.0, 107.0, 1.0, 15.0, 51.0, 42.0, 72.0, 1.0, 11.0, 31.0, 15.0, 13.0, 22.0, 5.0, 1.0, 1.0, 9.0, 26.0, 27.0, 33.0, 11.0, 35.0, 87.0, 7.0, 13.0, 12.0, 7.0, 17.0, 1.0, 1.0, 26.0, 26.0, 1.0] 

total times
 [1.0, 155.0, 4.0, 44.0, 18.0, 25.0, 105.0, 20.0, 5.0, 63.0, 14.0, 24.0, 58.0, 6.0, 60.0, 1.0, 16.0, 36.0, 42.0, 29.0, 10.0, 8.0, 10.0, 10.0, 8.0, 3.0, 14.0, 27.0, 18.0, 15.0, 43.0, 59.0, 15.0, 6.0, 2.0, 8.0, 55.0, 8.0, 12.0, 15.0, 31.0, 24.0, 3.0, 19.0, 10.0, 8.0, 42.0, 18.0, 8.0, 23.0, 67.0, 7.0, 1.0, 11.0, 22.0, 1.0, 25.0, 21.0, 9.0, 20.0, 8.0, 15.0, 24.0, 1.0, 5.0, 7.0, 12.0, 22.0, 1.0, 7.0, 2.0, 99.0, 84.0, 7.0, 41.0, 36.0, 21.0, 25.0, 106.0, 28.0, 51.0, 12.0, 80.0, 58.0, 28.0, 8.0, 19.0, 10.0, 13.0, 51.0, 59.0, 25.0, 42.0, 38.0, 21.0, 9.0, 1.0, 9.0, 48.0, 26.0, 8.0, 22.0, 10.0, 10.0, 14.0, 43.0, 58.0, 7.0, 1.0, 8.0, 22.0, 36.0, 173.0, 25.0, 8.0, 7.0, 66.0, 4.0, 7.0, 14.0, 1.0, 38.0, 23.0, 6.0, 12.0, 155.0, 57.0, 7.0, 53.0, 11.0, 22.0, 1.0, 13.0, 16.0, 9.0, 1.0, 8.0, 1.0, 69.0, 47.0, 91.0, 167.0, 32.0, 46.0, 23.0, 42.0, 1.0, 15.0, 35.0, 105.0, 105.0, 1.0, 23.0, 31.0, 2.0, 24.0, 42.0, 10.0, 1.0, 8.0, 18.0, 11.0, 9.0, 18.0, 13.0, 37.0, 11.0, 19.0, 8.0, 1.0, 21.0, 196.0, 12.0, 27.0, 32.0, 19.0, 76.0, 60.0, 1.0, 25.0, 30.0, 26.0, 155.0, 5.0, 29.0, 4.0, 31.0, 1.0, 8.0, 1.0, 16.0, 5.0, 25.0, 70.0, 27.0, 52.0, 13.0, 13.0, 9.0, 39.0, 10.0, 54.0, 23.0, 33.0, 11.0, 74.0, 39.0, 27.0, 20.0, 48.0, 11.0, 120.0, 30.0, 42.0, 12.0, 11.0, 43.0, 20.0, 54.0, 24.0, 7.0, 8.0, 7.0, 91.0, 17.0, 55.0, 23.0, 56.0, 10.0, 49.0, 57.0, 1.0, 9.0, 7.0, 34.0, 17.0, 13.0, 25.0, 6.0, 5.0, 16.0, 13.0, 17.0, 14.0, 21.0, 53.0, 1.0, 7.0, 18.0, 36.0, 32.0, 10.0, 12.0, 71.0, 40.0, 27.0, 24.0, 15.0, 36.0, 1.0, 1.0, 25.0, 28.0, 4.0, 7.0, 15.0, 39.0, 1.0, 35.0, 25.0, 52.0, 47.0, 1.0, 24.0, 62.0, 19.0, 29.0, 7.0, 84.0, 14.0, 10.0, 1.0, 14.0, 37.0, 21.0, 24.0, 14.0, 1.0, 54.0, 7.0, 45.0, 14.0, 12.0, 22.0, 12.0, 15.0, 51.0, 26.0, 67.0, 35.0, 11.0, 36.0, 44.0, 96.0, 18.0, 93.0, 1.0, 7.0, 21.0, 32.0, 42.0, 9.0, 36.0, 11.0, 13.0, 9.0, 34.0, 34.0, 8.0, 2.0, 58.0, 9.0, 1.0, 16.0, 46.0, 6.0, 48.0, 37.0, 7.0, 7.0, 24.0, 1.0, 36.0, 37.0, 29.0, 13.0, 10.0, 1.0, 14.0, 72.0, 35.0, 6.0, 28.0, 22.0, 6.0, 8.0, 6.0, 22.0, 13.0, 1.0, 29.0, 1.0, 24.0, 15.0, 52.0, 14.0, 13.0, 42.0, 1.0, 18.0, 10.0, 10.0, 21.0, 10.0, 67.0, 8.0, 6.0, 25.0, 12.0, 1.0, 20.0, 9.0, 19.0, 3.0, 9.0, 66.0, 16.0, 12.0, 3.0, 29.0, 19.0, 2.0, 8.0, 7.0, 9.0, 21.0, 6.0, 14.0, 10.0, 9.0, 70.0, 6.0, 13.0, 8.0, 11.0, 11.0, 79.0, 101.0, 21.0, 56.0, 24.0, 30.0, 9.0, 4.0, 9.0, 4.0, 16.0, 10.0, 43.0, 12.0, 13.0, 55.0, 109.0, 24.0, 13.0, 13.0, 16.0, 3.0, 5.0, 8.0, 57.0, 1.0, 9.0, 65.0, 1.0, 1.0, 10.0, 42.0, 120.0, 22.0, 28.0, 46.0, 20.0, 1.0, 137.0, 18.0, 63.0, 6.0, 11.0, 4.0, 11.0, 1.0, 8.0, 63.0, 24.0, 52.0, 76.0, 15.0, 81.0, 15.0, 12.0, 8.0, 16.0, 34.0, 34.0, 21.0, 13.0, 42.0, 13.0, 14.0, 19.0, 23.0, 8.0, 20.0, 1.0, 21.0, 10.0, 42.0, 9.0, 56.0, 73.0, 4.0, 9.0, 25.0, 7.0, 15.0, 9.0, 28.0, 89.0, 16.0, 10.0, 35.0, 12.0, 22.0, 52.0, 39.0, 4.0, 8.0, 15.0, 45.0, 3.0, 31.0, 14.0, 60.0, 28.0, 47.0, 26.0, 11.0, 11.0, 46.0, 4.0, 41.0, 30.0, 36.0, 89.0, 23.0, 16.0, 144.0, 11.0, 12.0, 15.0, 22.0, 56.0, 19.0, 17.0, 50.0, 41.0, 34.0, 48.0, 8.0, 49.0, 34.0, 65.0, 14.0, 13.0, 42.0, 16.0, 13.0, 48.0, 50.0, 25.0, 17.0, 36.0, 8.0, 41.0, 26.0, 91.0, 3.0, 19.0, 19.0, 17.0, 27.0, 49.0, 18.0, 10.0, 26.0, 13.0, 1.0, 19.0, 1.0, 52.0, 21.0, 19.0, 35.0, 55.0, 99.0, 99.0, 87.0, 3.0, 28.0, 14.0, 1.0, 7.0, 42.0, 110.0, 8.0, 3.0, 17.0, 24.0, 11.0, 11.0, 1.0, 11.0, 21.0, 11.0, 64.0, 30.0, 37.0, 13.0, 40.0, 31.0, 125.0, 58.0, 40.0, 38.0, 9.0, 1.0, 1.0, 12.0, 14.0, 2.0, 12.0, 30.0, 21.0, 9.0, 27.0, 32.0, 22.0, 8.0, 11.0, 44.0, 7.0, 1.0, 93.0, 6.0, 13.0, 26.0, 14.0, 5.0, 37.0, 12.0, 125.0, 46.0, 6.0, 73.0, 7.0, 22.0, 24.0, 32.0, 10.0, 3.0, 8.0, 61.0, 16.0, 36.0, 18.0, 13.0, 28.0, 30.0, 30.0, 8.0, 1.0, 19.0, 1.0, 45.0, 22.0, 67.0, 30.0, 8.0, 8.0, 16.0, 29.0, 13.0, 30.0, 37.0, 5.0, 23.0, 40.0, 8.0, 14.0, 11.0, 7.0, 33.0, 1.0, 7.0, 49.0, 57.0, 21.0, 29.0, 7.0, 11.0, 33.0, 22.0, 61.0, 21.0, 6.0, 12.0, 32.0, 104.0, 9.0, 1.0, 11.0, 10.0, 10.0, 16.0, 58.0, 7.0, 42.0, 13.0, 12.0, 32.0, 50.0, 7.0, 21.0, 65.0, 17.0, 11.0, 15.0, 72.0, 3.0, 20.0, 11.0, 2.0, 21.0, 106.0, 9.0, 13.0, 33.0, 22.0, 15.0, 1.0, 61.0, 11.0, 17.0, 11.0, 6.0, 1.0, 23.0, 24.0, 11.0, 35.0, 10.0, 48.0, 11.0, 28.0, 25.0, 5.0, 9.0, 7.0, 12.0, 70.0, 22.0, 11.0, 9.0, 120.0, 21.0, 11.0, 1.0, 2.0, 12.0, 118.0, 8.0, 11.0, 24.0, 1.0, 24.0, 16.0, 27.0, 24.0, 11.0, 60.0, 29.0, 64.0, 6.0, 9.0, 22.0, 15.0, 15.0, 47.0, 36.0, 9.0, 15.0, 53.0, 1.0, 3.0, 1.0, 28.0, 23.0, 13.0, 35.0, 1.0, 1.0, 129.0, 14.0, 1.0, 7.0, 59.0, 108.0, 44.0, 22.0, 3.0, 56.0, 16.0, 11.0, 10.0, 23.0, 16.0, 15.0, 58.0, 33.0, 11.0, 42.0, 15.0, 6.0, 11.0, 7.0, 14.0, 27.0, 11.0, 16.0, 6.0, 76.0, 1.0, 39.0, 40.0, 1.0, 11.0, 59.0, 9.0, 11.0, 47.0, 31.0, 7.0, 1.0, 14.0, 10.0, 25.0, 7.0, 21.0, 14.0, 1.0, 1.0, 46.0, 11.0, 11.0, 13.0, 15.0, 13.0, 5.0, 20.0, 52.0, 14.0, 5.0, 1.0, 20.0, 26.0, 2.0, 9.0, 10.0, 26.0, 32.0, 17.0, 28.0, 34.0, 48.0, 25.0, 38.0, 7.0, 6.0, 32.0, 71.0, 2.0, 44.0, 22.0, 3.0, 9.0, 63.0, 46.0, 1.0, 20.0, 30.0, 11.0, 9.0, 76.0, 62.0, 10.0, 31.0, 6.0, 69.0, 31.0, 65.0, 10.0, 21.0, 7.0, 1.0, 36.0, 1.0, 13.0, 77.0, 10.0, 12.0, 19.0, 49.0, 57.0, 3.0, 19.0, 64.0, 99.0, 7.0, 1.0, 1.0, 38.0, 7.0, 59.0, 47.0, 4.0, 8.0, 9.0, 5.0, 34.0, 12.0, 9.0, 18.0, 32.0, 7.0, 7.0, 1.0, 97.0, 56.0, 56.0, 7.0, 35.0, 97.0, 1.0, 9.0, 19.0, 11.0, 30.0, 11.0, 17.0, 52.0, 33.0, 125.0, 63.0, 4.0, 60.0, 7.0, 1.0, 38.0, 6.0, 63.0, 40.0, 21.0, 64.0, 23.0, 7.0, 11.0, 3.0, 34.0, 68.0, 115.0, 72.0, 21.0, 1.0, 16.0, 25.0, 10.0, 9.0, 14.0, 50.0, 51.0, 48.0, 1.0, 29.0, 20.0, 19.0, 42.0, 8.0, 61.0, 24.0, 8.0, 28.0, 55.0, 13.0, 10.0, 12.0, 35.0, 26.0, 24.0, 119.0, 49.0, 9.0, 6.0, 2.0, 8.0, 6.0, 44.0, 13.0, 28.0, 70.0, 11.0, 1.0, 9.0, 12.0, 8.0, 9.0, 26.0, 7.0, 1.0, 71.0, 3.0, 3.0, 7.0, 22.0, 10.0, 5.0, 34.0, 7.0, 11.0, 5.0, 36.0, 25.0, 62.0, 11.0, 46.0, 68.0, 18.0, 27.0, 1.0, 1.0, 21.0, 12.0, 25.0, 46.0, 116.0, 1.0, 10.0, 1.0, 10.0, 4.0, 15.0, 43.0, 20.0, 21.0, 49.0, 106.0, 10.0, 23.0, 32.0, 5.0, 10.0, 4.0, 43.0, 87.0, 3.0, 36.0, 20.0, 1.0, 27.0, 1.0, 7.0, 23.0, 58.0, 37.0, 9.0, 12.0, 9.0, 4.0, 47.0, 46.0, 59.0, 11.0, 9.0, 2.0, 11.0, 47.0, 13.0, 105.0, 7.0, 13.0, 12.0, 7.0, 85.0, 11.0, 37.0, 12.0, 12.0, 11.0, 1.0, 1.0, 4.0, 4.0, 58.0, 56.0, 28.0, 43.0, 57.0, 9.0, 6.0, 24.0, 17.0, 14.0, 1.0, 19.0, 25.0, 1.0, 12.0, 16.0, 27.0, 13.0, 24.0, 8.0, 18.0, 2.0, 20.0, 37.0, 1.0, 7.0, 43.0, 19.0, 17.0, 8.0, 23.0, 19.0, 60.0, 12.0, 1.0, 62.0, 11.0, 6.0, 1.0, 16.0, 45.0, 23.0, 15.0, 13.0, 48.0, 11.0, 28.0, 20.0, 1.0, 64.0, 41.0, 35.0, 13.0, 13.0, 28.0, 7.0, 25.0, 54.0, 18.0, 13.0, 33.0, 39.0, 31.0, 28.0, 30.0, 98.0, 28.0, 11.0, 4.0, 72.0, 8.0, 41.0, 8.0, 1.0, 1.0, 21.0, 1.0, 17.0, 15.0, 13.0, 66.0, 42.0, 26.0, 11.0, 11.0, 14.0, 10.0, 193.0, 131.0, 11.0, 8.0, 10.0, 158.0, 50.0, 8.0, 13.0, 1.0, 43.0, 11.0, 72.0, 8.0, 9.0, 14.0, 1.0, 45.0, 1.0, 10.0, 140.0, 28.0, 1.0, 7.0, 1.0, 5.0, 11.0, 24.0, 6.0, 9.0, 56.0, 8.0, 3.0, 3.0, 9.0, 91.0, 9.0, 29.0, 51.0, 98.0, 66.0, 9.0, 8.0, 12.0, 4.0, 163.0, 38.0, 13.0, 81.0, 1.0, 10.0, 15.0, 11.0, 63.0, 24.0, 31.0, 93.0, 10.0, 53.0, 4.0, 9.0, 14.0, 20.0, 10.0, 89.0, 34.0, 7.0, 10.0, 107.0, 29.0, 35.0, 2.0, 13.0, 45.0, 3.0, 34.0, 8.0, 3.0, 1.0, 5.0, 24.0, 11.0, 1.0, 24.0, 11.0, 38.0, 46.0, 23.0, 11.0, 8.0, 30.0, 1.0, 44.0, 13.0, 7.0, 49.0, 24.0, 20.0, 1.0, 29.0, 7.0, 7.0, 8.0, 12.0, 12.0, 22.0, 1.0, 15.0, 13.0, 7.0, 82.0, 12.0, 30.0, 35.0, 4.0, 21.0, 56.0, 11.0, 7.0, 35.0, 20.0, 2.0, 94.0, 32.0, 5.0, 7.0, 4.0, 38.0, 18.0, 68.0, 6.0, 37.0, 94.0, 61.0, 19.0, 7.0, 13.0, 14.0, 54.0, 32.0, 5.0, 1.0, 10.0, 9.0, 15.0, 49.0, 3.0, 17.0, 23.0, 37.0, 77.0, 35.0, 12.0, 23.0, 28.0, 19.0, 42.0, 96.0, 9.0, 8.0, 19.0, 17.0, 5.0, 7.0, 15.0, 26.0, 17.0, 110.0, 17.0, 1.0, 53.0, 20.0, 73.0, 9.0, 9.0, 1.0, 6.0, 15.0, 14.0, 6.0, 1.0, 6.0, 18.0, 40.0, 26.0, 70.0, 11.0, 11.0, 5.0, 11.0, 57.0, 19.0, 45.0, 7.0, 23.0, 21.0, 53.0, 87.0, 1.0, 10.0, 6.0, 3.0, 12.0, 2.0, 34.0, 7.0, 20.0, 16.0, 18.0, 8.0, 1.0, 15.0, 7.0, 35.0, 20.0, 57.0, 52.0, 7.0, 10.0, 5.0, 48.0, 67.0, 10.0, 48.0, 102.0, 20.0, 34.0, 53.0, 18.0, 17.0, 14.0, 7.0, 18.0, 10.0, 3.0, 4.0, 19.0, 8.0, 6.0, 8.0, 14.0, 60.0, 118.0, 6.0, 26.0, 29.0, 48.0, 46.0, 34.0, 7.0, 30.0, 107.0, 20.0, 12.0, 20.0, 23.0, 27.0, 18.0, 6.0, 25.0, 7.0, 15.0, 3.0, 32.0, 74.0, 10.0, 8.0, 16.0, 19.0, 25.0, 21.0, 2.0, 10.0, 1.0, 26.0, 3.0, 44.0, 8.0, 13.0, 22.0, 23.0, 23.0, 27.0, 21.0, 2.0, 137.0, 19.0, 1.0, 22.0, 7.0, 35.0, 26.0, 1.0, 57.0, 70.0, 31.0, 72.0, 37.0, 10.0, 13.0, 23.0, 1.0, 23.0, 29.0, 119.0, 1.0, 14.0, 8.0, 43.0, 79.0, 2.0, 52.0, 153.0, 107.0, 1.0, 44.0, 54.0, 7.0, 17.0, 7.0, 3.0, 1.0, 76.0, 5.0, 7.0, 5.0, 2.0, 37.0, 22.0, 7.0, 23.0, 26.0, 18.0, 1.0, 32.0, 19.0, 21.0, 1.0, 22.0, 54.0, 25.0, 57.0, 1.0, 39.0, 20.0, 2.0, 1.0, 38.0, 7.0, 1.0, 60.0, 13.0, 20.0, 20.0, 7.0, 105.0, 9.0, 34.0, 15.0, 21.0, 6.0, 1.0, 75.0, 11.0, 23.0, 55.0, 34.0, 76.0, 13.0, 49.0, 20.0, 21.0, 18.0, 13.0, 21.0, 36.0, 19.0, 17.0, 21.0, 43.0, 13.0, 1.0, 16.0, 19.0, 41.0, 9.0, 3.0, 13.0, 23.0, 57.0, 8.0, 1.0, 3.0, 53.0, 3.0, 66.0, 1.0, 45.0, 64.0, 25.0, 80.0, 45.0, 9.0, 14.0, 8.0, 17.0, 54.0, 79.0, 14.0, 1.0, 54.0, 22.0, 11.0, 14.0, 1.0, 47.0, 123.0, 14.0, 59.0, 14.0, 21.0, 7.0, 1.0, 70.0, 93.0, 24.0, 13.0, 9.0, 5.0, 36.0, 22.0, 26.0, 15.0, 37.0, 10.0, 7.0, 1.0, 8.0, 13.0, 47.0, 7.0, 24.0, 24.0, 11.0, 44.0, 58.0, 5.0, 18.0, 18.0, 25.0, 39.0, 22.0, 50.0, 10.0, 20.0, 7.0, 30.0, 17.0, 32.0, 51.0, 23.0, 25.0, 19.0, 34.0, 13.0, 19.0, 9.0, 19.0, 12.0, 31.0, 16.0, 6.0, 1.0, 79.0, 11.0, 86.0, 10.0, 98.0, 9.0, 10.0, 1.0, 8.0, 1.0, 32.0, 13.0, 56.0, 41.0, 26.0, 185.0, 35.0, 13.0, 17.0, 67.0, 14.0, 51.0, 26.0, 13.0, 51.0, 78.0, 12.0, 87.0, 12.0, 107.0, 2.0, 10.0, 1.0, 20.0, 21.0, 21.0, 12.0, 12.0, 19.0, 134.0, 2.0, 114.0, 17.0, 22.0, 24.0, 39.0, 86.0, 14.0, 51.0, 54.0, 6.0, 16.0, 13.0, 13.0, 24.0, 10.0, 52.0, 19.0, 12.0, 24.0, 1.0, 23.0, 131.0, 35.0, 28.0, 10.0, 14.0, 1.0, 35.0, 10.0, 10.0, 11.0, 20.0, 13.0, 43.0, 32.0, 14.0, 62.0, 25.0, 8.0, 39.0, 40.0, 12.0, 21.0, 29.0, 35.0, 8.0, 15.0, 43.0, 3.0, 108.0, 37.0, 24.0, 19.0, 86.0, 35.0, 34.0, 46.0, 7.0, 35.0, 11.0, 78.0, 37.0, 3.0, 20.0, 10.0, 1.0, 88.0, 23.0, 16.0, 9.0, 2.0, 20.0, 6.0, 45.0, 22.0, 21.0, 25.0, 17.0, 1.0, 26.0, 38.0, 1.0, 30.0, 3.0, 66.0, 26.0, 1.0, 1.0, 125.0, 90.0, 1.0, 24.0, 9.0, 64.0, 48.0, 17.0, 20.0, 68.0, 40.0, 9.0, 33.0, 4.0, 14.0, 5.0, 19.0, 10.0, 12.0, 13.0, 48.0, 59.0, 21.0, 41.0, 12.0, 18.0, 17.0, 39.0, 6.0, 25.0, 25.0, 15.0, 1.0, 23.0, 26.0, 12.0, 57.0, 59.0, 38.0, 91.0, 6.0, 31.0, 56.0, 15.0, 41.0, 18.0, 12.0, 8.0, 15.0, 17.0, 1.0, 12.0, 10.0, 26.0, 108.0, 6.0, 9.0, 6.0, 12.0, 3.0, 98.0, 90.0, 8.0, 18.0, 49.0, 44.0, 37.0, 12.0, 51.0, 1.0, 72.0, 14.0, 44.0, 38.0, 7.0, 67.0, 90.0, 58.0, 22.0, 22.0, 7.0, 1.0, 11.0, 1.0, 22.0, 10.0, 24.0, 37.0, 1.0, 32.0, 50.0, 26.0, 10.0, 52.0, 86.0, 95.0, 28.0, 41.0, 82.0, 10.0, 31.0, 70.0, 10.0, 32.0, 27.0, 14.0, 1.0, 4.0, 23.0, 1.0, 54.0, 15.0, 9.0, 23.0, 28.0, 10.0, 11.0, 60.0, 23.0, 46.0, 42.0, 14.0, 14.0, 15.0, 7.0, 45.0, 32.0, 1.0, 8.0, 18.0, 32.0, 15.0, 41.0, 27.0, 1.0, 106.0, 50.0, 7.0, 37.0, 26.0, 9.0, 15.0, 48.0, 7.0, 12.0, 34.0, 10.0, 38.0, 12.0, 23.0, 53.0, 60.0, 27.0, 66.0, 18.0, 11.0, 38.0, 13.0, 4.0, 24.0, 1.0, 31.0, 96.0, 11.0, 13.0, 5.0, 9.0, 9.0, 2.0, 55.0, 27.0, 16.0, 13.0, 35.0, 9.0, 2.0, 62.0, 5.0, 20.0, 9.0, 17.0, 27.0, 94.0, 9.0, 27.0, 15.0, 98.0, 7.0, 22.0, 14.0, 24.0, 11.0, 8.0, 6.0, 1.0, 27.0, 17.0, 98.0, 21.0, 1.0, 12.0, 54.0, 52.0, 56.0, 4.0, 10.0, 16.0, 10.0, 19.0, 142.0, 3.0, 125.0, 46.0, 24.0, 93.0, 39.0, 11.0, 60.0, 8.0, 25.0, 87.0, 14.0, 1.0, 9.0, 21.0, 30.0, 7.0, 33.0, 6.0, 7.0, 14.0, 29.0, 82.0, 41.0, 1.0, 10.0, 13.0, 7.0, 17.0, 1.0, 21.0, 2.0, 69.0, 62.0, 12.0, 8.0, 40.0, 14.0, 7.0, 2.0, 47.0, 51.0, 3.0, 25.0, 17.0, 36.0, 97.0, 26.0, 1.0, 66.0, 3.0, 44.0, 3.0, 28.0, 12.0, 18.0, 7.0, 20.0, 1.0, 118.0, 10.0, 132.0, 49.0, 7.0, 48.0, 61.0, 5.0, 12.0, 47.0, 4.0, 6.0, 41.0, 1.0, 30.0, 1.0, 11.0, 36.0, 3.0, 1.0, 23.0, 20.0, 20.0, 19.0, 81.0, 20.0, 28.0, 23.0, 24.0, 12.0, 33.0, 8.0, 15.0, 35.0, 16.0, 12.0, 48.0, 34.0, 35.0, 16.0, 46.0, 28.0, 40.0, 26.0, 26.0, 122.0, 37.0, 1.0, 29.0, 1.0, 8.0, 23.0, 11.0, 1.0, 7.0, 49.0, 55.0, 88.0, 1.0, 33.0, 61.0, 20.0, 1.0, 32.0, 92.0, 12.0, 7.0, 11.0, 77.0, 12.0, 11.0, 27.0, 24.0, 10.0, 57.0, 42.0, 8.0, 19.0, 68.0, 69.0, 102.0, 10.0, 74.0, 1.0, 14.0, 62.0, 19.0, 7.0, 10.0, 11.0, 28.0, 14.0, 11.0, 25.0, 1.0, 101.0, 1.0, 9.0, 125.0, 6.0, 11.0, 47.0, 17.0, 16.0, 48.0, 5.0, 21.0, 49.0, 1.0, 1.0, 11.0, 38.0, 11.0, 26.0, 28.0, 14.0, 3.0, 21.0, 27.0, 11.0, 10.0, 8.0, 14.0, 56.0, 1.0, 17.0, 58.0, 18.0, 16.0, 95.0, 14.0, 37.0, 10.0, 119.0, 18.0, 25.0, 18.0, 23.0, 10.0, 3.0, 16.0, 7.0, 15.0, 63.0, 4.0, 1.0, 6.0, 22.0, 20.0, 8.0, 44.0, 21.0, 37.0, 18.0, 14.0, 51.0, 75.0, 61.0, 22.0, 53.0, 56.0, 59.0, 10.0, 1.0, 183.0, 22.0, 16.0, 24.0, 18.0, 12.0, 10.0, 7.0, 50.0, 2.0, 11.0, 9.0, 16.0, 31.0, 11.0, 1.0, 4.0, 14.0, 21.0, 205.0, 38.0, 17.0, 20.0, 95.0, 4.0, 23.0, 2.0, 28.0, 15.0, 4.0, 20.0, 64.0, 24.0, 20.0, 1.0, 69.0, 41.0, 29.0, 58.0, 28.0, 10.0, 1.0, 38.0, 36.0, 41.0, 41.0, 67.0, 18.0, 4.0, 42.0, 16.0, 8.0, 16.0, 8.0, 16.0, 21.0, 2.0, 1.0, 34.0, 19.0, 1.0, 49.0, 37.0, 13.0, 55.0, 21.0, 52.0, 8.0, 26.0, 47.0, 55.0, 7.0, 43.0, 35.0, 24.0, 103.0, 13.0, 38.0, 3.0, 172.0, 8.0, 22.0, 45.0, 51.0, 31.0, 11.0, 14.0, 22.0, 15.0, 8.0, 12.0, 15.0, 53.0, 19.0, 27.0, 53.0, 44.0, 18.0, 1.0, 22.0, 41.0, 7.0, 20.0, 9.0, 30.0, 29.0, 33.0, 41.0, 26.0, 11.0, 26.0, 14.0, 30.0, 128.0, 14.0, 20.0, 12.0, 96.0, 21.0, 11.0, 83.0, 4.0, 9.0, 30.0, 19.0, 6.0, 13.0, 11.0, 14.0, 7.0, 15.0, 21.0, 24.0, 28.0, 13.0, 63.0, 12.0, 15.0, 3.0, 18.0, 7.0, 148.0, 12.0, 7.0, 10.0, 57.0, 9.0, 104.0, 13.0, 6.0, 21.0, 43.0, 55.0, 65.0, 20.0, 46.0, 35.0, 29.0, 61.0, 34.0, 37.0, 14.0, 86.0, 32.0, 11.0, 9.0, 5.0, 76.0, 22.0, 16.0, 12.0, 5.0, 8.0, 23.0, 8.0, 13.0, 10.0, 85.0, 17.0, 86.0, 21.0, 43.0, 18.0, 28.0, 7.0, 9.0, 18.0, 5.0, 26.0, 1.0, 13.0, 1.0, 2.0, 5.0, 43.0, 1.0, 1.0, 7.0, 5.0, 3.0, 31.0, 79.0, 23.0, 8.0, 15.0, 43.0, 9.0, 13.0, 53.0, 15.0, 1.0, 4.0, 30.0, 13.0, 36.0, 2.0, 31.0, 10.0, 9.0, 8.0, 34.0, 10.0, 69.0, 27.0, 44.0, 93.0, 14.0, 137.0, 1.0, 36.0, 12.0, 16.0, 13.0, 54.0, 7.0, 59.0, 33.0, 1.0, 4.0, 20.0, 10.0, 11.0, 1.0, 26.0, 1.0, 41.0, 105.0, 2.0, 47.0, 19.0, 14.0, 21.0, 19.0, 53.0, 25.0, 56.0, 8.0, 195.0, 23.0, 10.0, 14.0, 10.0, 26.0, 6.0, 3.0, 20.0, 53.0, 113.0, 7.0, 26.0, 64.0, 10.0, 8.0, 10.0, 65.0, 5.0, 10.0, 1.0, 16.0, 10.0, 5.0, 18.0, 17.0, 12.0, 164.0, 117.0, 12.0, 1.0, 2.0, 6.0, 17.0, 11.0, 55.0, 6.0, 64.0, 22.0, 13.0, 20.0, 30.0, 2.0, 17.0, 9.0, 23.0, 71.0, 41.0, 12.0, 23.0, 15.0, 51.0, 31.0, 35.0, 1.0, 12.0, 110.0, 2.0, 35.0, 23.0, 17.0, 27.0, 50.0, 91.0, 15.0, 15.0, 16.0, 6.0, 24.0, 1.0, 6.0, 12.0, 12.0, 7.0, 10.0, 24.0, 38.0, 32.0, 15.0, 9.0, 34.0, 13.0, 30.0, 22.0, 10.0, 3.0, 1.0, 41.0, 102.0, 43.0, 23.0, 94.0, 12.0, 2.0, 4.0, 68.0, 10.0, 11.0, 13.0, 37.0, 12.0, 1.0, 20.0, 1.0, 34.0, 14.0, 1.0, 1.0, 12.0, 10.0, 11.0, 1.0, 7.0, 41.0, 12.0, 4.0, 18.0, 8.0, 23.0, 21.0, 12.0, 51.0, 9.0, 1.0, 1.0, 19.0, 32.0, 22.0, 1.0, 11.0, 6.0, 33.0, 8.0, 16.0, 13.0, 16.0, 20.0, 79.0, 12.0, 4.0, 53.0, 1.0, 21.0, 3.0, 14.0, 7.0, 42.0, 11.0, 31.0, 9.0, 29.0, 7.0, 33.0, 45.0, 10.0, 35.0, 106.0, 29.0, 50.0, 1.0, 39.0, 1.0, 67.0, 16.0, 14.0, 89.0, 38.0, 1.0, 24.0, 42.0, 1.0, 35.0, 9.0, 17.0, 46.0, 49.0, 1.0, 7.0, 5.0, 52.0, 21.0, 1.0, 4.0, 8.0, 96.0, 9.0, 11.0, 17.0, 166.0, 55.0, 26.0, 2.0, 18.0, 53.0, 13.0, 115.0, 13.0, 13.0, 28.0, 101.0, 16.0, 33.0, 23.0, 25.0, 7.0, 13.0, 21.0, 54.0, 111.0, 13.0, 16.0, 15.0, 7.0, 13.0, 22.0, 1.0, 14.0, 20.0, 6.0, 20.0, 9.0, 3.0, 11.0, 16.0, 51.0, 37.0, 9.0, 12.0, 10.0, 1.0, 10.0, 4.0, 24.0, 7.0, 7.0, 45.0, 135.0, 31.0, 14.0, 89.0, 12.0, 88.0, 6.0, 1.0, 30.0, 18.0, 33.0, 11.0, 14.0, 10.0, 12.0, 41.0, 1.0, 6.0, 13.0, 14.0, 21.0, 5.0, 22.0, 8.0, 1.0, 66.0, 8.0, 16.0, 85.0, 70.0, 68.0, 34.0, 3.0, 1.0, 157.0, 1.0, 38.0, 3.0, 1.0, 11.0, 10.0, 15.0, 29.0, 4.0, 60.0, 11.0, 13.0, 13.0, 79.0, 13.0, 43.0, 6.0, 17.0, 11.0, 8.0, 101.0, 118.0, 15.0, 11.0, 25.0, 12.0, 1.0, 71.0, 13.0, 5.0, 11.0, 10.0, 25.0, 64.0, 40.0, 45.0, 2.0, 48.0, 31.0, 13.0, 10.0, 31.0, 25.0, 35.0, 15.0, 43.0, 26.0, 1.0, 16.0, 36.0, 26.0, 17.0, 22.0, 7.0, 31.0, 53.0, 29.0, 34.0, 1.0, 12.0, 6.0, 24.0, 41.0, 13.0, 1.0, 7.0, 17.0, 16.0, 26.0, 64.0, 45.0, 128.0, 31.0, 1.0, 12.0, 17.0, 8.0, 21.0, 8.0, 17.0, 8.0, 37.0, 10.0, 11.0, 19.0, 7.0, 107.0, 17.0, 54.0, 24.0, 7.0, 36.0, 23.0, 1.0, 153.0, 58.0, 17.0, 43.0, 1.0, 4.0, 3.0, 11.0, 24.0, 15.0, 3.0, 11.0, 1.0, 16.0, 18.0, 6.0, 1.0, 14.0, 9.0, 12.0, 96.0, 79.0, 8.0, 7.0, 35.0, 52.0, 26.0, 21.0, 1.0, 19.0, 1.0, 40.0, 15.0, 40.0, 12.0, 91.0, 5.0, 72.0, 14.0, 45.0, 11.0, 1.0, 7.0, 85.0, 11.0, 63.0, 43.0, 3.0, 20.0, 5.0, 22.0, 13.0, 9.0, 1.0, 59.0, 55.0, 10.0, 10.0, 7.0, 18.0, 2.0, 19.0, 16.0, 12.0, 13.0, 141.0, 1.0, 22.0, 68.0, 1.0, 11.0, 28.0, 17.0, 18.0, 8.0, 33.0, 11.0, 1.0, 28.0, 19.0, 11.0, 58.0, 1.0, 13.0, 8.0, 1.0, 4.0, 16.0, 78.0, 47.0, 59.0, 72.0, 5.0, 22.0, 11.0, 21.0, 112.0, 1.0, 55.0, 21.0, 9.0, 54.0, 37.0, 14.0, 81.0, 2.0, 11.0, 10.0, 24.0, 8.0, 29.0, 100.0, 43.0, 43.0, 88.0, 74.0, 15.0, 39.0, 14.0, 30.0, 36.0, 3.0, 58.0, 11.0, 11.0, 37.0, 64.0, 8.0, 26.0, 1.0, 7.0, 12.0, 23.0, 10.0, 18.0, 37.0, 36.0, 30.0, 7.0, 35.0, 92.0, 32.0, 7.0, 16.0, 27.0, 9.0, 18.0, 14.0, 24.0, 13.0, 34.0, 29.0, 4.0, 42.0, 31.0, 7.0, 48.0, 16.0, 38.0, 26.0, 54.0, 1.0, 9.0, 9.0, 30.0, 21.0, 40.0, 12.0, 70.0, 49.0, 11.0, 12.0, 43.0, 98.0, 16.0, 52.0, 5.0, 19.0, 41.0, 1.0, 7.0, 11.0, 11.0, 10.0, 10.0, 12.0, 173.0, 4.0, 19.0, 36.0, 52.0, 9.0, 35.0, 1.0, 58.0, 20.0, 22.0, 7.0, 22.0, 38.0, 25.0, 121.0, 2.0, 51.0, 9.0, 9.0, 11.0, 25.0, 14.0, 21.0, 1.0, 10.0, 28.0, 7.0, 8.0, 56.0, 114.0, 12.0, 4.0, 8.0, 2.0, 26.0, 53.0, 10.0, 22.0, 14.0, 13.0, 21.0, 14.0, 11.0, 8.0, 80.0, 52.0, 70.0, 20.0, 1.0, 1.0, 12.0, 10.0, 44.0, 17.0, 11.0, 13.0, 25.0, 24.0, 59.0, 51.0, 1.0, 5.0, 49.0, 18.0, 7.0, 11.0, 11.0, 26.0, 42.0, 46.0, 19.0, 66.0, 46.0, 9.0, 1.0, 13.0, 30.0, 37.0, 9.0, 14.0, 93.0, 3.0, 32.0, 34.0, 9.0, 34.0, 12.0, 16.0, 52.0, 22.0, 8.0, 11.0, 69.0, 6.0, 24.0, 18.0, 9.0, 48.0, 27.0, 53.0, 72.0, 24.0, 13.0, 8.0, 21.0, 34.0, 25.0, 21.0, 1.0, 8.0, 159.0, 36.0, 26.0, 47.0, 6.0, 15.0, 9.0, 11.0, 1.0, 13.0, 13.0, 18.0, 7.0, 65.0, 46.0, 8.0, 39.0, 14.0, 5.0, 40.0, 5.0, 37.0, 63.0, 18.0, 27.0, 26.0, 29.0, 1.0, 1.0, 4.0, 17.0, 10.0, 27.0, 59.0, 14.0, 7.0, 15.0, 29.0, 21.0, 18.0, 63.0, 22.0, 12.0, 1.0, 14.0, 15.0, 1.0, 51.0, 4.0, 58.0, 26.0, 7.0, 96.0, 70.0, 57.0, 11.0, 23.0, 197.0, 2.0, 61.0, 28.0, 12.0, 1.0, 14.0, 17.0, 10.0, 37.0, 5.0, 1.0, 1.0, 23.0, 50.0, 2.0, 24.0, 23.0, 30.0, 78.0, 1.0, 6.0, 9.0, 14.0, 5.0, 65.0, 9.0, 14.0, 8.0, 67.0, 17.0, 68.0, 13.0, 16.0, 38.0, 50.0, 31.0, 67.0, 8.0, 81.0, 19.0, 20.0, 32.0, 7.0, 26.0, 11.0, 9.0, 15.0, 13.0, 23.0, 23.0, 30.0, 7.0, 60.0, 7.0, 1.0, 8.0, 21.0, 23.0, 15.0, 7.0, 1.0, 112.0, 97.0, 9.0, 23.0, 132.0, 1.0, 14.0, 22.0, 69.0, 32.0, 8.0, 48.0, 32.0, 1.0, 34.0, 31.0, 24.0, 1.0, 5.0, 50.0, 37.0, 38.0, 14.0, 1.0, 3.0, 13.0, 7.0, 5.0, 9.0, 82.0, 66.0, 9.0, 53.0, 1.0, 22.0, 5.0, 82.0, 2.0, 7.0, 16.0, 6.0, 1.0, 47.0, 36.0, 12.0, 11.0, 12.0, 8.0, 32.0, 32.0, 20.0, 9.0, 36.0, 8.0, 12.0, 17.0, 8.0, 68.0, 13.0, 71.0, 1.0, 5.0, 15.0, 108.0, 55.0, 62.0, 2.0, 13.0, 12.0, 29.0, 10.0, 24.0, 7.0, 14.0, 11.0, 61.0, 19.0, 10.0, 9.0, 16.0, 8.0, 11.0, 75.0, 21.0, 65.0, 80.0, 12.0, 16.0, 60.0, 1.0, 7.0, 11.0, 28.0, 24.0, 31.0, 33.0, 1.0, 35.0, 11.0, 1.0, 179.0, 20.0, 50.0, 13.0, 11.0, 34.0, 9.0, 115.0, 9.0, 1.0, 19.0, 88.0, 5.0, 55.0, 20.0, 22.0, 137.0, 27.0, 15.0, 1.0, 14.0, 10.0, 25.0, 15.0, 12.0, 10.0, 24.0, 31.0, 1.0, 1.0, 42.0, 89.0, 8.0, 53.0, 121.0, 1.0, 44.0, 31.0, 31.0, 30.0, 25.0, 10.0, 1.0, 65.0, 58.0, 62.0, 5.0, 24.0, 1.0, 2.0, 22.0, 11.0, 9.0, 6.0, 16.0, 47.0, 24.0, 28.0, 24.0, 3.0, 1.0, 16.0, 36.0, 15.0, 43.0, 22.0, 110.0, 9.0, 10.0, 130.0, 4.0, 10.0, 79.0, 15.0, 53.0, 26.0, 30.0, 21.0, 40.0, 14.0, 7.0, 7.0, 36.0, 34.0, 37.0, 63.0, 41.0, 17.0, 8.0, 14.0, 37.0, 8.0, 17.0, 15.0, 73.0, 11.0, 62.0, 42.0, 33.0, 11.0, 2.0, 15.0, 4.0, 24.0, 8.0, 3.0, 1.0, 6.0, 45.0, 6.0, 1.0, 7.0, 83.0, 14.0, 6.0, 4.0, 7.0, 10.0, 12.0, 17.0, 22.0, 1.0, 9.0, 28.0, 120.0, 14.0, 27.0, 17.0, 25.0, 9.0, 56.0, 22.0, 100.0, 66.0, 1.0, 11.0, 8.0, 12.0, 7.0, 10.0, 12.0, 9.0, 31.0, 23.0, 53.0, 28.0, 27.0, 39.0, 12.0, 5.0, 10.0, 142.0, 46.0, 41.0, 1.0, 48.0, 19.0, 8.0, 1.0, 37.0, 7.0, 41.0, 16.0, 1.0, 11.0, 40.0, 24.0, 9.0, 1.0, 64.0, 74.0, 14.0, 10.0, 10.0, 47.0, 22.0, 1.0, 15.0, 55.0, 9.0, 8.0, 7.0, 8.0, 11.0, 8.0, 55.0, 48.0, 41.0, 9.0, 19.0, 105.0, 37.0, 2.0, 3.0, 1.0, 32.0, 15.0, 20.0, 16.0, 1.0, 14.0, 11.0, 7.0, 36.0, 31.0, 48.0, 7.0, 16.0, 45.0, 13.0, 95.0, 10.0, 19.0, 26.0, 48.0, 15.0, 19.0, 26.0, 42.0, 7.0, 1.0, 7.0, 96.0, 5.0, 28.0, 10.0, 6.0, 28.0, 9.0, 15.0, 1.0, 17.0, 27.0, 7.0, 16.0, 19.0, 3.0, 33.0, 20.0, 9.0, 12.0, 36.0, 7.0, 1.0, 1.0, 35.0, 16.0, 14.0, 65.0, 7.0, 8.0, 94.0, 9.0, 38.0, 34.0, 22.0, 2.0, 13.0, 9.0, 12.0, 36.0, 47.0, 59.0, 11.0, 46.0, 43.0, 16.0, 7.0, 27.0, 6.0, 24.0, 6.0, 23.0, 14.0, 46.0, 40.0, 8.0, 23.0, 27.0, 10.0, 16.0, 24.0, 1.0, 32.0, 23.0, 58.0, 21.0, 6.0, 11.0, 1.0, 31.0, 3.0, 7.0, 17.0, 11.0, 138.0, 21.0, 11.0, 49.0, 31.0, 12.0, 1.0, 7.0, 14.0, 24.0, 42.0, 153.0, 10.0, 27.0, 9.0, 13.0, 58.0, 9.0, 43.0, 7.0, 36.0, 2.0, 1.0, 30.0, 30.0, 32.0, 44.0, 21.0, 9.0, 4.0, 8.0, 32.0, 83.0, 10.0, 25.0, 24.0, 51.0, 64.0, 2.0, 26.0, 35.0, 1.0, 93.0, 1.0, 42.0, 4.0, 28.0, 25.0, 18.0, 85.0, 16.0, 15.0, 20.0, 37.0, 31.0, 26.0, 6.0, 61.0, 12.0, 140.0, 18.0, 48.0, 1.0, 8.0, 2.0, 24.0, 16.0, 7.0, 23.0, 39.0, 10.0, 10.0, 13.0, 25.0, 33.0, 24.0, 119.0, 27.0, 36.0, 63.0, 43.0, 32.0, 57.0, 11.0, 178.0, 15.0, 47.0, 16.0, 10.0, 19.0, 80.0, 28.0, 19.0, 27.0, 63.0, 1.0, 26.0, 7.0, 14.0, 8.0, 4.0, 54.0, 103.0, 13.0, 66.0, 19.0, 1.0, 170.0, 4.0, 49.0, 44.0, 43.0, 8.0, 13.0, 8.0, 12.0, 20.0, 4.0, 43.0, 1.0, 59.0, 15.0, 5.0, 22.0, 40.0, 12.0, 1.0, 11.0, 68.0, 24.0, 87.0, 88.0, 13.0, 25.0, 15.0, 48.0, 64.0, 79.0, 8.0, 11.0, 54.0, 48.0, 23.0, 10.0, 62.0, 8.0, 19.0, 27.0, 3.0, 19.0, 21.0, 54.0, 14.0, 6.0, 9.0, 1.0, 34.0, 8.0, 4.0, 53.0, 16.0, 9.0, 2.0, 21.0, 36.0, 11.0, 23.0, 42.0, 89.0, 16.0, 50.0, 18.0, 14.0, 1.0, 3.0, 14.0, 12.0, 6.0, 96.0, 21.0, 66.0, 7.0, 28.0, 19.0, 10.0, 11.0, 1.0, 23.0, 34.0, 30.0, 16.0, 27.0, 7.0, 27.0, 5.0, 7.0, 8.0, 17.0, 25.0, 14.0, 26.0, 51.0, 49.0, 13.0, 38.0, 30.0, 5.0, 44.0, 1.0, 7.0, 12.0, 13.0, 24.0, 14.0, 1.0, 8.0, 15.0, 23.0, 20.0, 6.0, 5.0, 27.0, 8.0, 55.0, 1.0, 28.0, 2.0, 181.0, 10.0, 64.0, 37.0, 17.0, 10.0, 36.0, 7.0, 17.0, 22.0, 14.0, 16.0, 1.0, 19.0, 65.0, 7.0, 19.0, 3.0, 1.0, 14.0, 104.0, 1.0, 9.0, 32.0, 1.0, 44.0, 16.0, 1.0, 8.0, 1.0, 22.0, 32.0, 27.0, 32.0, 1.0, 49.0, 63.0, 39.0, 1.0, 17.0, 1.0, 74.0, 19.0, 10.0, 10.0, 1.0, 10.0, 8.0, 6.0, 9.0, 7.0, 41.0, 9.0, 23.0, 14.0, 47.0, 33.0, 16.0, 13.0, 18.0, 14.0, 11.0, 9.0, 10.0, 19.0, 9.0, 7.0, 35.0, 74.0, 30.0, 10.0, 5.0, 26.0, 21.0, 21.0, 11.0, 1.0, 15.0, 13.0, 18.0, 25.0, 36.0, 6.0, 15.0, 7.0, 47.0, 1.0, 9.0, 39.0, 18.0, 9.0, 77.0, 1.0, 38.0, 106.0, 60.0, 40.0, 7.0, 19.0, 14.0, 85.0, 13.0, 13.0, 103.0, 68.0, 115.0, 36.0, 18.0, 42.0, 28.0, 19.0, 7.0, 12.0, 42.0, 67.0, 38.0, 7.0, 18.0, 24.0, 10.0, 5.0, 98.0, 132.0, 59.0, 8.0, 52.0, 5.0, 8.0, 8.0, 25.0, 8.0, 24.0, 28.0, 23.0, 18.0, 21.0, 18.0, 1.0, 13.0, 94.0, 5.0, 23.0, 55.0, 13.0, 17.0, 47.0, 16.0, 19.0, 15.0, 31.0, 10.0, 11.0, 18.0, 6.0, 12.0, 1.0, 16.0, 29.0, 1.0, 21.0, 12.0, 17.0, 7.0, 10.0, 54.0, 9.0, 12.0, 7.0, 8.0, 1.0, 29.0, 38.0, 16.0, 1.0, 14.0, 31.0, 15.0, 50.0, 30.0, 15.0, 25.0, 17.0, 31.0, 32.0, 22.0, 28.0, 31.0, 55.0, 18.0, 20.0, 26.0, 45.0, 40.0, 18.0, 28.0, 7.0, 107.0, 53.0, 22.0, 6.0, 7.0, 31.0, 10.0, 11.0, 9.0, 11.0, 5.0, 20.0, 40.0, 9.0, 17.0, 44.0, 6.0, 7.0, 26.0, 20.0, 62.0, 123.0, 35.0, 6.0, 45.0, 1.0, 3.0, 22.0, 20.0, 92.0, 20.0, 8.0, 23.0, 7.0, 7.0, 26.0, 1.0, 5.0, 38.0, 53.0, 1.0, 24.0, 13.0, 8.0, 17.0, 8.0, 29.0, 6.0, 39.0, 57.0, 15.0, 26.0, 15.0, 19.0, 15.0, 4.0, 17.0, 8.0, 29.0, 9.0, 24.0, 35.0, 32.0, 10.0, 21.0, 96.0, 10.0, 40.0, 23.0, 14.0, 46.0, 11.0, 52.0, 1.0, 7.0, 74.0, 16.0, 56.0, 58.0, 8.0, 8.0, 2.0, 18.0, 3.0, 11.0, 15.0, 22.0, 7.0, 175.0, 21.0, 9.0, 1.0, 1.0, 12.0, 19.0, 13.0, 33.0, 16.0, 29.0, 8.0, 7.0, 74.0, 9.0, 14.0, 3.0, 24.0, 1.0, 9.0, 55.0, 27.0, 75.0, 24.0, 11.0, 43.0, 31.0, 12.0, 42.0, 34.0, 43.0, 7.0, 19.0, 52.0, 17.0, 19.0, 38.0, 45.0, 1.0, 74.0, 46.0, 3.0, 46.0, 41.0, 6.0, 11.0, 2.0, 30.0, 53.0, 9.0, 66.0, 1.0, 26.0, 6.0, 13.0, 7.0, 94.0, 14.0, 8.0, 11.0, 42.0, 30.0, 57.0, 33.0, 37.0, 20.0, 24.0, 8.0, 17.0, 45.0, 10.0, 107.0, 22.0, 6.0, 65.0, 55.0, 11.0, 92.0, 13.0, 61.0, 1.0, 30.0, 18.0, 42.0, 4.0, 59.0, 20.0, 57.0, 42.0, 2.0, 20.0, 9.0, 9.0, 13.0, 22.0, 8.0, 15.0, 98.0, 39.0, 12.0, 199.0, 128.0, 7.0, 39.0, 9.0, 14.0, 7.0, 11.0, 12.0, 110.0, 25.0, 65.0, 46.0, 19.0, 97.0, 1.0, 53.0, 18.0, 45.0, 5.0, 40.0, 84.0, 61.0, 9.0, 9.0, 21.0, 9.0, 17.0, 32.0, 22.0, 24.0, 8.0, 11.0, 5.0, 61.0, 14.0, 4.0, 31.0, 60.0, 9.0, 1.0, 19.0, 1.0, 6.0, 21.0, 24.0, 43.0, 7.0, 19.0, 14.0, 23.0, 1.0, 21.0, 44.0, 2.0, 24.0, 35.0, 23.0, 1.0, 5.0, 51.0, 20.0, 7.0, 31.0, 10.0, 5.0, 47.0, 76.0, 8.0, 58.0, 27.0, 10.0, 7.0, 22.0, 17.0, 13.0, 11.0, 47.0, 70.0, 16.0, 7.0, 27.0, 1.0, 18.0, 16.0, 6.0, 29.0, 1.0, 19.0, 57.0, 31.0, 7.0, 17.0, 6.0, 6.0, 6.0, 14.0, 2.0, 7.0, 3.0, 1.0, 31.0, 7.0, 12.0, 19.0, 24.0, 72.0, 61.0, 14.0, 3.0, 66.0, 20.0, 5.0, 33.0, 19.0, 12.0, 7.0, 15.0, 10.0, 101.0, 45.0, 24.0, 13.0, 4.0, 13.0, 25.0, 23.0, 22.0, 13.0, 8.0, 16.0, 43.0, 51.0, 50.0, 18.0, 80.0, 80.0, 7.0, 41.0, 77.0, 27.0, 41.0, 83.0, 39.0, 4.0, 5.0, 77.0, 66.0, 20.0, 88.0, 60.0, 31.0, 53.0, 16.0, 24.0, 19.0, 48.0, 41.0, 1.0, 43.0, 14.0, 22.0, 22.0, 22.0, 2.0, 19.0, 3.0, 29.0, 1.0, 7.0, 3.0, 40.0, 63.0, 5.0, 4.0, 22.0, 4.0, 17.0, 16.0, 17.0, 104.0, 164.0, 1.0, 22.0, 74.0, 24.0, 5.0, 11.0, 23.0, 71.0, 13.0, 35.0, 65.0, 21.0, 13.0, 20.0, 1.0, 50.0, 8.0, 32.0, 23.0, 11.0, 29.0, 13.0, 44.0, 14.0, 30.0, 13.0, 44.0, 150.0, 37.0, 17.0, 6.0, 8.0, 67.0, 29.0, 37.0, 45.0, 10.0, 12.0, 51.0, 6.0, 18.0, 4.0, 19.0, 14.0, 12.0, 24.0, 13.0, 12.0, 33.0, 52.0, 13.0, 16.0, 58.0, 58.0, 9.0, 19.0, 101.0, 46.0, 53.0, 1.0, 22.0, 7.0, 11.0, 33.0, 1.0, 4.0, 12.0, 12.0, 2.0, 8.0, 41.0, 28.0, 30.0, 77.0, 31.0, 14.0, 27.0, 16.0, 32.0, 15.0, 4.0, 131.0, 9.0, 62.0, 39.0, 154.0, 14.0, 38.0, 14.0, 49.0, 1.0, 21.0, 12.0, 14.0, 63.0, 12.0, 41.0, 14.0, 40.0, 33.0, 74.0, 15.0, 29.0, 14.0, 33.0, 44.0, 13.0, 38.0, 117.0, 68.0, 10.0, 79.0, 5.0, 1.0, 7.0, 41.0, 24.0, 38.0, 25.0, 1.0, 24.0, 8.0, 19.0, 29.0, 13.0, 86.0, 16.0, 35.0, 45.0, 1.0, 22.0, 27.0, 40.0, 1.0, 13.0, 34.0, 62.0, 64.0, 8.0, 1.0, 24.0, 8.0, 39.0, 8.0, 42.0, 15.0, 8.0, 40.0, 15.0, 5.0, 1.0, 1.0, 31.0, 48.0, 9.0, 6.0, 23.0, 60.0, 13.0, 1.0, 111.0, 10.0, 10.0, 35.0, 35.0, 15.0, 1.0, 14.0, 32.0, 39.0, 58.0, 138.0, 8.0, 46.0, 1.0, 36.0, 6.0, 33.0, 15.0, 8.0, 14.0, 27.0, 24.0, 12.0, 71.0, 11.0, 20.0, 13.0, 8.0, 121.0, 17.0, 127.0, 31.0, 151.0, 103.0, 44.0, 8.0, 22.0, 51.0, 43.0, 16.0, 54.0, 27.0, 16.0, 19.0, 2.0, 30.0, 80.0, 17.0, 11.0, 20.0, 51.0, 7.0, 76.0, 1.0, 31.0, 7.0, 58.0, 9.0, 1.0, 15.0, 4.0, 1.0, 35.0, 16.0, 62.0, 7.0, 23.0, 12.0, 21.0, 5.0, 13.0, 26.0, 8.0, 1.0, 49.0, 23.0, 45.0, 25.0, 8.0, 25.0, 1.0, 60.0, 2.0, 20.0, 97.0, 14.0, 39.0, 7.0, 15.0, 32.0, 62.0, 26.0, 35.0, 87.0, 9.0, 1.0, 12.0, 22.0, 1.0, 58.0, 3.0, 1.0, 20.0, 29.0, 1.0, 44.0, 13.0, 38.0, 10.0, 5.0, 43.0, 1.0, 22.0, 23.0, 93.0, 39.0, 24.0, 31.0, 3.0, 11.0, 6.0, 36.0, 7.0, 1.0, 13.0, 37.0, 1.0, 7.0, 9.0, 3.0, 21.0, 19.0, 2.0, 27.0, 17.0, 1.0, 22.0, 42.0, 47.0, 10.0, 14.0, 4.0, 62.0, 5.0, 21.0, 7.0, 13.0, 16.0, 1.0, 8.0, 93.0, 41.0, 11.0, 1.0, 54.0, 57.0, 160.0, 9.0, 4.0, 9.0, 19.0, 12.0, 12.0, 43.0, 48.0, 112.0, 8.0, 11.0, 7.0, 13.0, 11.0, 64.0, 78.0, 15.0, 71.0, 63.0, 28.0, 3.0, 40.0, 1.0, 6.0, 32.0, 35.0, 9.0, 15.0, 13.0, 6.0, 7.0, 34.0, 5.0, 24.0, 15.0, 7.0, 19.0, 17.0, 11.0, 17.0, 22.0, 35.0, 48.0, 40.0, 79.0, 51.0, 12.0, 50.0, 1.0, 13.0, 35.0, 5.0, 1.0, 99.0, 6.0, 23.0, 18.0, 1.0, 48.0, 7.0, 3.0, 58.0, 29.0, 1.0, 8.0, 1.0, 1.0, 38.0, 32.0, 20.0, 45.0, 52.0, 75.0, 11.0, 16.0, 16.0, 15.0, 26.0, 30.0, 45.0, 23.0, 28.0, 23.0, 25.0, 28.0, 16.0, 24.0, 1.0, 23.0, 75.0, 10.0, 29.0, 12.0, 27.0, 15.0, 6.0, 19.0, 4.0, 24.0, 7.0, 8.0, 16.0, 1.0, 4.0, 17.0, 45.0, 19.0, 20.0, 44.0, 7.0, 1.0, 7.0, 20.0, 34.0, 14.0, 54.0, 12.0, 49.0, 2.0, 53.0, 41.0, 44.0, 129.0, 21.0, 12.0, 1.0, 8.0, 10.0, 33.0, 23.0, 58.0, 31.0, 53.0, 12.0, 28.0, 12.0, 30.0, 1.0, 1.0, 36.0, 1.0, 21.0, 60.0, 42.0, 87.0, 20.0, 10.0, 20.0, 42.0, 39.0, 15.0, 36.0, 136.0, 54.0, 16.0, 13.0, 73.0, 25.0, 53.0, 96.0, 37.0, 9.0, 13.0, 44.0, 27.0, 22.0, 16.0, 21.0, 7.0, 1.0, 31.0, 82.0, 14.0, 1.0, 107.0, 86.0, 19.0, 15.0, 10.0, 12.0, 211.0, 1.0, 3.0, 128.0, 1.0, 25.0, 18.0, 97.0, 34.0, 6.0, 66.0, 64.0, 7.0, 49.0, 23.0, 15.0, 102.0, 11.0, 49.0, 1.0, 73.0, 18.0, 28.0, 2.0, 46.0, 52.0, 19.0, 44.0, 17.0, 7.0, 60.0, 20.0, 25.0, 14.0, 7.0, 27.0, 4.0, 36.0, 18.0, 10.0, 7.0, 35.0, 55.0, 11.0, 22.0, 20.0, 12.0, 27.0, 23.0, 53.0, 1.0, 28.0, 11.0, 76.0, 15.0, 55.0, 17.0, 5.0, 37.0, 40.0, 9.0, 4.0, 18.0, 95.0, 29.0, 11.0, 14.0, 14.0, 22.0, 17.0, 1.0, 32.0, 29.0, 7.0, 8.0, 30.0, 1.0, 5.0, 37.0, 22.0, 7.0, 9.0, 10.0, 50.0, 1.0, 3.0, 3.0, 157.0, 25.0, 80.0, 14.0, 78.0, 35.0, 11.0, 14.0, 2.0, 10.0, 41.0, 7.0, 14.0, 14.0, 4.0, 29.0, 11.0, 3.0, 53.0, 11.0, 20.0, 20.0, 7.0, 13.0, 88.0, 35.0, 14.0, 10.0, 1.0, 2.0, 19.0, 53.0, 84.0, 8.0, 29.0, 34.0, 72.0, 35.0, 30.0, 10.0, 40.0, 42.0, 18.0, 154.0, 23.0, 28.0, 6.0, 48.0, 8.0, 37.0, 12.0, 21.0, 7.0, 47.0, 58.0, 20.0, 36.0, 13.0, 107.0, 17.0, 28.0, 1.0, 15.0, 51.0, 42.0, 128.0, 28.0, 11.0, 40.0, 15.0, 13.0, 8.0, 22.0, 5.0, 1.0, 1.0, 4.0, 14.0, 110.0, 26.0, 27.0, 41.0, 18.0, 15.0, 42.0, 11.0, 6.0, 8.0, 65.0, 8.0, 35.0, 3.0, 87.0, 7.0, 13.0, 12.0, 7.0, 33.0, 17.0, 1.0, 8.0, 42.0, 14.0, 26.0, 26.0, 1.0] 

MGT times
 [1.0, 155.0, 4.0, 44.0, 18.0, 25.0, 42.0, 20.0, 5.0, 63.0, 14.0, 24.0, 58.0, 6.0, 26.0, 1.0, 16.0, 36.0, 19.0, 29.0, 10.0, 8.0, 10.0, 10.0, 8.0, 3.0, 14.0, 27.0, 18.0, 15.0, 43.0, 21.0, 15.0, 6.0, 2.0, 8.0, 55.0, 8.0, 12.0, 15.0, 31.0, 24.0, 3.0, 19.0, 10.0, 8.0, 42.0, 18.0, 8.0, 23.0, 67.0, 7.0, 1.0, 11.0, 22.0, 1.0, 25.0, 21.0, 9.0, 20.0, 8.0, 15.0, 24.0, 1.0, 5.0, 7.0, 12.0, 22.0, 1.0, 7.0, 2.0, 98.0, 60.0, 7.0, 41.0, 36.0, 21.0, 25.0, 106.0, 28.0, 51.0, 12.0, 80.0, 58.0, 28.0, 8.0, 19.0, 10.0, 13.0, 51.0, 10.0, 25.0, 42.0, 38.0, 21.0, 9.0, 1.0, 9.0, 48.0, 26.0, 8.0, 22.0, 10.0, 10.0, 14.0, 43.0, 58.0, 7.0, 1.0, 8.0, 22.0, 36.0, 173.0, 25.0, 8.0, 7.0, 32.0, 4.0, 7.0, 14.0, 1.0, 38.0, 23.0, 6.0, 12.0, 155.0, 56.0, 7.0, 53.0, 11.0, 22.0, 1.0, 13.0, 16.0, 9.0, 1.0, 8.0, 1.0, 69.0, 47.0, 91.0, 150.0, 32.0, 46.0, 23.0, 42.0, 1.0, 15.0, 35.0, 104.0, 105.0, 1.0, 23.0, 31.0, 2.0, 24.0, 42.0, 10.0, 1.0, 8.0, 18.0, 11.0, 9.0, 18.0, 13.0, 37.0, 11.0, 19.0, 8.0, 1.0, 21.0, 167.0, 12.0, 18.0, 32.0, 19.0, 76.0, 60.0, 1.0, 25.0, 30.0, 26.0, 155.0, 5.0, 29.0, 4.0, 31.0, 1.0, 8.0, 1.0, 16.0, 5.0, 25.0, 70.0, 27.0, 52.0, 13.0, 13.0, 9.0, 38.0, 10.0, 54.0, 23.0, 33.0, 11.0, 74.0, 39.0, 27.0, 20.0, 48.0, 11.0, 70.0, 30.0, 42.0, 12.0, 11.0, 43.0, 20.0, 54.0, 24.0, 7.0, 8.0, 7.0, 91.0, 17.0, 55.0, 23.0, 55.0, 10.0, 49.0, 57.0, 1.0, 9.0, 7.0, 34.0, 13.0, 25.0, 6.0, 5.0, 16.0, 13.0, 17.0, 14.0, 21.0, 53.0, 1.0, 7.0, 18.0, 36.0, 32.0, 10.0, 12.0, 71.0, 40.0, 27.0, 24.0, 15.0, 36.0, 1.0, 1.0, 25.0, 28.0, 4.0, 7.0, 15.0, 39.0, 1.0, 35.0, 25.0, 52.0, 47.0, 1.0, 24.0, 62.0, 19.0, 29.0, 7.0, 84.0, 14.0, 10.0, 1.0, 14.0, 37.0, 24.0, 14.0, 1.0, 38.0, 7.0, 45.0, 14.0, 12.0, 22.0, 12.0, 15.0, 51.0, 26.0, 67.0, 35.0, 11.0, 36.0, 44.0, 93.0, 18.0, 48.0, 1.0, 7.0, 21.0, 32.0, 42.0, 9.0, 36.0, 11.0, 13.0, 9.0, 34.0, 34.0, 8.0, 2.0, 58.0, 9.0, 1.0, 16.0, 19.0, 6.0, 48.0, 37.0, 7.0, 7.0, 24.0, 1.0, 36.0, 37.0, 29.0, 13.0, 10.0, 1.0, 14.0, 72.0, 35.0, 6.0, 28.0, 22.0, 6.0, 8.0, 6.0, 22.0, 13.0, 1.0, 29.0, 1.0, 24.0, 15.0, 24.0, 14.0, 13.0, 42.0, 1.0, 18.0, 10.0, 10.0, 21.0, 10.0, 8.0, 6.0, 25.0, 12.0, 1.0, 20.0, 9.0, 19.0, 3.0, 9.0, 66.0, 16.0, 12.0, 3.0, 29.0, 19.0, 2.0, 8.0, 7.0, 9.0, 21.0, 6.0, 14.0, 10.0, 9.0, 6.0, 13.0, 8.0, 11.0, 11.0, 79.0, 101.0, 21.0, 56.0, 24.0, 30.0, 9.0, 4.0, 9.0, 4.0, 16.0, 10.0, 43.0, 12.0, 13.0, 55.0, 109.0, 24.0, 13.0, 13.0, 16.0, 3.0, 5.0, 8.0, 57.0, 1.0, 9.0, 64.0, 1.0, 1.0, 10.0, 42.0, 66.0, 22.0, 28.0, 46.0, 20.0, 1.0, 137.0, 18.0, 63.0, 6.0, 11.0, 4.0, 11.0, 1.0, 8.0, 63.0, 24.0, 51.0, 76.0, 15.0, 47.0, 15.0, 12.0, 8.0, 16.0, 34.0, 34.0, 21.0, 13.0, 42.0, 13.0, 14.0, 19.0, 23.0, 8.0, 20.0, 1.0, 21.0, 10.0, 42.0, 9.0, 56.0, 73.0, 4.0, 9.0, 25.0, 7.0, 15.0, 9.0, 28.0, 89.0, 16.0, 10.0, 35.0, 12.0, 22.0, 52.0, 39.0, 4.0, 8.0, 15.0, 45.0, 3.0, 31.0, 14.0, 24.0, 28.0, 47.0, 26.0, 11.0, 11.0, 4.0, 41.0, 30.0, 36.0, 89.0, 23.0, 16.0, 140.0, 11.0, 12.0, 15.0, 22.0, 27.0, 19.0, 17.0, 50.0, 41.0, 34.0, 48.0, 8.0, 49.0, 34.0, 65.0, 14.0, 13.0, 42.0, 16.0, 13.0, 48.0, 50.0, 25.0, 17.0, 36.0, 8.0, 41.0, 26.0, 90.0, 3.0, 19.0, 19.0, 17.0, 27.0, 49.0, 17.0, 10.0, 26.0, 13.0, 1.0, 1.0, 52.0, 21.0, 19.0, 34.0, 55.0, 99.0, 99.0, 87.0, 3.0, 28.0, 14.0, 1.0, 7.0, 42.0, 110.0, 8.0, 3.0, 17.0, 24.0, 11.0, 11.0, 1.0, 11.0, 21.0, 11.0, 64.0, 30.0, 37.0, 13.0, 40.0, 109.0, 58.0, 40.0, 38.0, 9.0, 1.0, 1.0, 12.0, 14.0, 2.0, 12.0, 30.0, 21.0, 9.0, 27.0, 20.0, 21.0, 8.0, 11.0, 44.0, 7.0, 1.0, 93.0, 6.0, 13.0, 26.0, 14.0, 5.0, 37.0, 12.0, 125.0, 46.0, 6.0, 73.0, 7.0, 22.0, 24.0, 32.0, 10.0, 3.0, 8.0, 61.0, 16.0, 36.0, 18.0, 13.0, 28.0, 29.0, 30.0, 8.0, 1.0, 19.0, 1.0, 45.0, 22.0, 67.0, 30.0, 8.0, 8.0, 16.0, 29.0, 13.0, 30.0, 37.0, 5.0, 23.0, 40.0, 8.0, 14.0, 11.0, 7.0, 33.0, 1.0, 7.0, 49.0, 57.0, 21.0, 29.0, 7.0, 11.0, 33.0, 22.0, 42.0, 21.0, 6.0, 12.0, 32.0, 74.0, 9.0, 1.0, 11.0, 10.0, 10.0, 16.0, 58.0, 7.0, 42.0, 13.0, 12.0, 32.0, 50.0, 7.0, 21.0, 65.0, 17.0, 11.0, 15.0, 17.0, 3.0, 20.0, 11.0, 2.0, 21.0, 106.0, 9.0, 13.0, 33.0, 22.0, 15.0, 1.0, 61.0, 11.0, 17.0, 11.0, 6.0, 1.0, 23.0, 24.0, 11.0, 35.0, 10.0, 48.0, 11.0, 28.0, 25.0, 5.0, 9.0, 7.0, 12.0, 70.0, 22.0, 11.0, 9.0, 120.0, 21.0, 11.0, 1.0, 2.0, 12.0, 118.0, 8.0, 11.0, 24.0, 1.0, 24.0, 16.0, 27.0, 24.0, 11.0, 58.0, 29.0, 64.0, 6.0, 9.0, 22.0, 15.0, 15.0, 47.0, 36.0, 9.0, 15.0, 53.0, 1.0, 3.0, 1.0, 28.0, 23.0, 13.0, 35.0, 1.0, 1.0, 129.0, 14.0, 1.0, 7.0, 59.0, 61.0, 44.0, 22.0, 3.0, 56.0, 16.0, 11.0, 10.0, 23.0, 16.0, 15.0, 58.0, 33.0, 11.0, 42.0, 15.0, 6.0, 11.0, 7.0, 14.0, 11.0, 16.0, 6.0, 76.0, 1.0, 39.0, 40.0, 1.0, 11.0, 59.0, 9.0, 11.0, 44.0, 31.0, 7.0, 1.0, 14.0, 10.0, 25.0, 7.0, 21.0, 14.0, 1.0, 1.0, 46.0, 11.0, 11.0, 13.0, 15.0, 13.0, 5.0, 20.0, 52.0, 14.0, 5.0, 1.0, 20.0, 26.0, 2.0, 9.0, 10.0, 26.0, 32.0, 17.0, 28.0, 34.0, 48.0, 25.0, 38.0, 7.0, 6.0, 32.0, 71.0, 2.0, 44.0, 22.0, 3.0, 9.0, 63.0, 46.0, 1.0, 20.0, 30.0, 11.0, 9.0, 76.0, 62.0, 10.0, 31.0, 6.0, 69.0, 31.0, 65.0, 10.0, 21.0, 7.0, 1.0, 36.0, 1.0, 13.0, 77.0, 10.0, 12.0, 19.0, 49.0, 57.0, 3.0, 19.0, 64.0, 98.0, 7.0, 1.0, 1.0, 38.0, 7.0, 59.0, 47.0, 4.0, 8.0, 9.0, 5.0, 34.0, 12.0, 9.0, 18.0, 32.0, 7.0, 7.0, 1.0, 51.0, 56.0, 56.0, 7.0, 35.0, 96.0, 1.0, 9.0, 19.0, 11.0, 30.0, 11.0, 17.0, 52.0, 33.0, 46.0, 63.0, 4.0, 60.0, 7.0, 1.0, 6.0, 63.0, 40.0, 21.0, 29.0, 23.0, 7.0, 11.0, 3.0, 34.0, 68.0, 115.0, 72.0, 21.0, 1.0, 16.0, 25.0, 10.0, 9.0, 14.0, 17.0, 24.0, 48.0, 1.0, 29.0, 20.0, 19.0, 42.0, 8.0, 57.0, 24.0, 8.0, 28.0, 55.0, 13.0, 10.0, 12.0, 35.0, 26.0, 24.0, 119.0, 49.0, 9.0, 6.0, 2.0, 8.0, 6.0, 44.0, 13.0, 28.0, 28.0, 11.0, 1.0, 9.0, 12.0, 8.0, 9.0, 26.0, 7.0, 1.0, 71.0, 3.0, 3.0, 7.0, 22.0, 10.0, 5.0, 34.0, 7.0, 11.0, 5.0, 36.0, 25.0, 62.0, 11.0, 46.0, 68.0, 17.0, 27.0, 1.0, 1.0, 21.0, 12.0, 25.0, 46.0, 83.0, 1.0, 10.0, 1.0, 10.0, 4.0, 15.0, 43.0, 20.0, 21.0, 61.0, 10.0, 23.0, 32.0, 5.0, 10.0, 4.0, 43.0, 87.0, 3.0, 36.0, 20.0, 1.0, 27.0, 1.0, 7.0, 23.0, 37.0, 9.0, 12.0, 9.0, 4.0, 47.0, 16.0, 30.0, 11.0, 9.0, 2.0, 11.0, 47.0, 13.0, 105.0, 7.0, 13.0, 12.0, 7.0, 85.0, 11.0, 37.0, 12.0, 12.0, 11.0, 1.0, 1.0, 4.0, 4.0, 58.0, 56.0, 28.0, 43.0, 57.0, 9.0, 6.0, 24.0, 17.0, 14.0, 1.0, 19.0, 25.0, 1.0, 12.0, 16.0, 27.0, 13.0, 24.0, 8.0, 18.0, 2.0, 20.0, 37.0, 1.0, 7.0, 43.0, 19.0, 17.0, 8.0, 23.0, 19.0, 60.0, 12.0, 1.0, 62.0, 11.0, 6.0, 1.0, 16.0, 45.0, 23.0, 15.0, 13.0, 11.0, 28.0, 20.0, 1.0, 64.0, 41.0, 35.0, 13.0, 13.0, 28.0, 7.0, 25.0, 54.0, 18.0, 13.0, 33.0, 39.0, 31.0, 30.0, 42.0, 28.0, 11.0, 4.0, 72.0, 8.0, 41.0, 8.0, 1.0, 1.0, 21.0, 1.0, 17.0, 15.0, 13.0, 66.0, 42.0, 26.0, 11.0, 11.0, 14.0, 10.0, 148.0, 36.0, 11.0, 8.0, 10.0, 158.0, 50.0, 8.0, 13.0, 1.0, 43.0, 11.0, 35.0, 8.0, 9.0, 14.0, 1.0, 45.0, 1.0, 10.0, 140.0, 28.0, 1.0, 7.0, 1.0, 5.0, 11.0, 24.0, 6.0, 9.0, 56.0, 8.0, 3.0, 3.0, 9.0, 91.0, 9.0, 29.0, 51.0, 98.0, 66.0, 9.0, 8.0, 12.0, 4.0, 122.0, 38.0, 13.0, 20.0, 1.0, 10.0, 15.0, 11.0, 63.0, 24.0, 31.0, 92.0, 10.0, 53.0, 4.0, 9.0, 14.0, 20.0, 10.0, 89.0, 34.0, 7.0, 10.0, 106.0, 29.0, 35.0, 2.0, 13.0, 45.0, 3.0, 34.0, 8.0, 3.0, 1.0, 5.0, 24.0, 11.0, 1.0, 24.0, 11.0, 38.0, 46.0, 23.0, 11.0, 8.0, 30.0, 1.0, 44.0, 13.0, 7.0, 49.0, 24.0, 20.0, 1.0, 29.0, 7.0, 7.0, 8.0, 12.0, 12.0, 22.0, 1.0, 15.0, 13.0, 7.0, 82.0, 12.0, 30.0, 35.0, 4.0, 21.0, 56.0, 11.0, 7.0, 35.0, 20.0, 2.0, 68.0, 32.0, 5.0, 7.0, 4.0, 38.0, 18.0, 68.0, 6.0, 37.0, 94.0, 61.0, 19.0, 7.0, 13.0, 14.0, 54.0, 32.0, 5.0, 1.0, 10.0, 9.0, 15.0, 49.0, 3.0, 17.0, 23.0, 37.0, 77.0, 35.0, 12.0, 28.0, 19.0, 42.0, 96.0, 9.0, 8.0, 19.0, 17.0, 5.0, 7.0, 15.0, 25.0, 17.0, 91.0, 17.0, 1.0, 53.0, 20.0, 73.0, 9.0, 9.0, 1.0, 6.0, 15.0, 14.0, 6.0, 1.0, 6.0, 18.0, 40.0, 26.0, 70.0, 11.0, 11.0, 5.0, 11.0, 57.0, 19.0, 45.0, 7.0, 23.0, 21.0, 53.0, 44.0, 1.0, 10.0, 6.0, 3.0, 12.0, 2.0, 34.0, 7.0, 20.0, 16.0, 18.0, 8.0, 1.0, 15.0, 7.0, 35.0, 20.0, 57.0, 52.0, 7.0, 10.0, 5.0, 48.0, 67.0, 10.0, 48.0, 102.0, 20.0, 34.0, 53.0, 18.0, 17.0, 14.0, 7.0, 18.0, 10.0, 3.0, 4.0, 19.0, 8.0, 6.0, 8.0, 14.0, 59.0, 80.0, 6.0, 26.0, 29.0, 48.0, 46.0, 34.0, 7.0, 30.0, 60.0, 20.0, 12.0, 20.0, 23.0, 18.0, 6.0, 25.0, 7.0, 15.0, 3.0, 32.0, 74.0, 10.0, 8.0, 16.0, 19.0, 25.0, 21.0, 2.0, 10.0, 1.0, 26.0, 3.0, 44.0, 8.0, 13.0, 22.0, 23.0, 23.0, 27.0, 21.0, 2.0, 137.0, 19.0, 1.0, 22.0, 7.0, 35.0, 26.0, 1.0, 57.0, 70.0, 31.0, 72.0, 37.0, 10.0, 13.0, 23.0, 1.0, 23.0, 29.0, 44.0, 1.0, 14.0, 8.0, 43.0, 47.0, 2.0, 52.0, 152.0, 51.0, 1.0, 44.0, 54.0, 7.0, 17.0, 7.0, 3.0, 1.0, 76.0, 5.0, 7.0, 5.0, 2.0, 37.0, 22.0, 7.0, 23.0, 26.0, 18.0, 1.0, 32.0, 19.0, 21.0, 1.0, 22.0, 54.0, 25.0, 23.0, 1.0, 39.0, 20.0, 2.0, 1.0, 38.0, 7.0, 1.0, 60.0, 13.0, 20.0, 20.0, 7.0, 105.0, 9.0, 34.0, 15.0, 21.0, 6.0, 1.0, 46.0, 11.0, 23.0, 55.0, 34.0, 76.0, 13.0, 49.0, 20.0, 21.0, 18.0, 13.0, 21.0, 36.0, 19.0, 17.0, 21.0, 43.0, 13.0, 1.0, 16.0, 19.0, 41.0, 9.0, 3.0, 13.0, 23.0, 57.0, 8.0, 1.0, 3.0, 53.0, 3.0, 66.0, 1.0, 44.0, 64.0, 25.0, 80.0, 45.0, 9.0, 14.0, 8.0, 17.0, 54.0, 79.0, 14.0, 1.0, 54.0, 22.0, 11.0, 14.0, 1.0, 47.0, 123.0, 14.0, 59.0, 14.0, 21.0, 7.0, 1.0, 70.0, 93.0, 24.0, 13.0, 9.0, 5.0, 36.0, 22.0, 26.0, 15.0, 37.0, 10.0, 7.0, 1.0, 8.0, 13.0, 47.0, 7.0, 24.0, 24.0, 11.0, 44.0, 58.0, 5.0, 18.0, 18.0, 25.0, 39.0, 22.0, 50.0, 10.0, 20.0, 7.0, 20.0, 17.0, 32.0, 51.0, 23.0, 25.0, 19.0, 13.0, 19.0, 9.0, 19.0, 12.0, 31.0, 16.0, 6.0, 1.0, 79.0, 11.0, 86.0, 10.0, 98.0, 9.0, 10.0, 1.0, 8.0, 1.0, 32.0, 13.0, 56.0, 41.0, 26.0, 149.0, 35.0, 13.0, 17.0, 67.0, 14.0, 51.0, 26.0, 13.0, 51.0, 78.0, 12.0, 59.0, 12.0, 107.0, 2.0, 10.0, 1.0, 20.0, 21.0, 21.0, 12.0, 12.0, 19.0, 134.0, 2.0, 113.0, 17.0, 22.0, 24.0, 39.0, 86.0, 14.0, 51.0, 54.0, 6.0, 16.0, 13.0, 13.0, 24.0, 10.0, 52.0, 19.0, 12.0, 24.0, 1.0, 23.0, 131.0, 35.0, 28.0, 10.0, 14.0, 1.0, 35.0, 10.0, 10.0, 11.0, 20.0, 13.0, 43.0, 32.0, 14.0, 62.0, 25.0, 8.0, 39.0, 40.0, 12.0, 21.0, 29.0, 35.0, 8.0, 15.0, 43.0, 3.0, 29.0, 37.0, 24.0, 19.0, 86.0, 35.0, 34.0, 46.0, 7.0, 35.0, 11.0, 78.0, 37.0, 3.0, 20.0, 10.0, 1.0, 88.0, 23.0, 16.0, 9.0, 2.0, 20.0, 6.0, 45.0, 22.0, 21.0, 25.0, 17.0, 1.0, 26.0, 38.0, 1.0, 30.0, 3.0, 66.0, 26.0, 1.0, 1.0, 87.0, 90.0, 1.0, 24.0, 9.0, 64.0, 48.0, 17.0, 20.0, 68.0, 40.0, 9.0, 33.0, 4.0, 14.0, 5.0, 19.0, 10.0, 12.0, 13.0, 48.0, 59.0, 21.0, 41.0, 12.0, 18.0, 17.0, 39.0, 6.0, 25.0, 25.0, 15.0, 1.0, 23.0, 26.0, 12.0, 57.0, 59.0, 38.0, 91.0, 6.0, 31.0, 56.0, 15.0, 41.0, 18.0, 12.0, 8.0, 15.0, 17.0, 1.0, 12.0, 10.0, 26.0, 108.0, 6.0, 9.0, 6.0, 12.0, 3.0, 98.0, 90.0, 8.0, 18.0, 10.0, 41.0, 37.0, 12.0, 51.0, 1.0, 72.0, 14.0, 44.0, 38.0, 7.0, 67.0, 29.0, 22.0, 22.0, 7.0, 1.0, 11.0, 1.0, 22.0, 10.0, 24.0, 37.0, 1.0, 32.0, 50.0, 26.0, 10.0, 52.0, 86.0, 95.0, 28.0, 41.0, 82.0, 10.0, 30.0, 70.0, 10.0, 32.0, 27.0, 14.0, 1.0, 4.0, 23.0, 1.0, 54.0, 15.0, 9.0, 23.0, 28.0, 10.0, 11.0, 60.0, 23.0, 46.0, 42.0, 14.0, 14.0, 15.0, 7.0, 32.0, 1.0, 8.0, 18.0, 32.0, 15.0, 41.0, 27.0, 1.0, 106.0, 50.0, 7.0, 37.0, 26.0, 9.0, 15.0, 48.0, 7.0, 12.0, 34.0, 10.0, 38.0, 12.0, 23.0, 53.0, 60.0, 27.0, 66.0, 18.0, 11.0, 38.0, 13.0, 4.0, 24.0, 1.0, 31.0, 96.0, 11.0, 13.0, 5.0, 9.0, 9.0, 2.0, 50.0, 27.0, 16.0, 13.0, 35.0, 9.0, 2.0, 62.0, 5.0, 20.0, 9.0, 17.0, 27.0, 94.0, 9.0, 27.0, 15.0, 98.0, 7.0, 22.0, 14.0, 24.0, 11.0, 8.0, 6.0, 1.0, 27.0, 17.0, 98.0, 21.0, 1.0, 12.0, 54.0, 52.0, 54.0, 4.0, 10.0, 16.0, 10.0, 19.0, 142.0, 3.0, 83.0, 46.0, 24.0, 93.0, 39.0, 11.0, 60.0, 8.0, 25.0, 87.0, 14.0, 1.0, 9.0, 21.0, 30.0, 7.0, 33.0, 6.0, 7.0, 14.0, 29.0, 82.0, 41.0, 1.0, 10.0, 13.0, 7.0, 17.0, 1.0, 21.0, 2.0, 69.0, 62.0, 12.0, 8.0, 40.0, 14.0, 7.0, 2.0, 51.0, 3.0, 17.0, 36.0, 53.0, 26.0, 1.0, 66.0, 3.0, 44.0, 3.0, 28.0, 12.0, 18.0, 7.0, 20.0, 1.0, 93.0, 10.0, 132.0, 49.0, 7.0, 48.0, 61.0, 5.0, 12.0, 4.0, 6.0, 41.0, 1.0, 30.0, 1.0, 11.0, 36.0, 3.0, 1.0, 23.0, 20.0, 20.0, 19.0, 81.0, 20.0, 28.0, 23.0, 24.0, 12.0, 33.0, 8.0, 15.0, 35.0, 16.0, 12.0, 34.0, 35.0, 16.0, 46.0, 28.0, 40.0, 26.0, 26.0, 122.0, 37.0, 1.0, 29.0, 1.0, 8.0, 23.0, 11.0, 1.0, 7.0, 49.0, 55.0, 88.0, 1.0, 33.0, 61.0, 20.0, 1.0, 32.0, 41.0, 12.0, 7.0, 11.0, 43.0, 12.0, 11.0, 27.0, 24.0, 10.0, 57.0, 42.0, 8.0, 19.0, 68.0, 69.0, 102.0, 10.0, 74.0, 1.0, 14.0, 35.0, 19.0, 7.0, 10.0, 11.0, 28.0, 14.0, 11.0, 25.0, 1.0, 17.0, 1.0, 9.0, 125.0, 6.0, 11.0, 47.0, 17.0, 16.0, 48.0, 5.0, 21.0, 49.0, 1.0, 1.0, 11.0, 38.0, 11.0, 26.0, 28.0, 14.0, 3.0, 21.0, 27.0, 11.0, 10.0, 8.0, 14.0, 56.0, 1.0, 17.0, 58.0, 18.0, 16.0, 95.0, 14.0, 37.0, 10.0, 119.0, 18.0, 25.0, 18.0, 23.0, 10.0, 3.0, 16.0, 7.0, 15.0, 4.0, 1.0, 6.0, 22.0, 20.0, 8.0, 44.0, 21.0, 37.0, 18.0, 14.0, 51.0, 75.0, 61.0, 22.0, 52.0, 56.0, 54.0, 10.0, 1.0, 183.0, 22.0, 16.0, 18.0, 12.0, 10.0, 7.0, 19.0, 2.0, 11.0, 9.0, 16.0, 31.0, 11.0, 1.0, 4.0, 14.0, 21.0, 151.0, 38.0, 17.0, 20.0, 95.0, 4.0, 23.0, 2.0, 28.0, 15.0, 4.0, 20.0, 64.0, 24.0, 20.0, 1.0, 69.0, 41.0, 29.0, 58.0, 28.0, 10.0, 1.0, 38.0, 36.0, 41.0, 41.0, 67.0, 18.0, 4.0, 42.0, 16.0, 8.0, 16.0, 8.0, 16.0, 21.0, 2.0, 1.0, 34.0, 19.0, 1.0, 37.0, 13.0, 55.0, 21.0, 52.0, 8.0, 26.0, 47.0, 55.0, 7.0, 43.0, 35.0, 24.0, 103.0, 13.0, 38.0, 3.0, 151.0, 8.0, 22.0, 45.0, 51.0, 31.0, 11.0, 14.0, 22.0, 15.0, 8.0, 12.0, 15.0, 53.0, 19.0, 27.0, 53.0, 44.0, 18.0, 1.0, 22.0, 41.0, 7.0, 20.0, 9.0, 30.0, 29.0, 33.0, 41.0, 26.0, 11.0, 23.0, 14.0, 30.0, 128.0, 14.0, 20.0, 12.0, 81.0, 21.0, 11.0, 83.0, 4.0, 9.0, 30.0, 19.0, 6.0, 13.0, 11.0, 14.0, 7.0, 15.0, 21.0, 24.0, 28.0, 13.0, 63.0, 12.0, 15.0, 3.0, 18.0, 7.0, 49.0, 12.0, 7.0, 10.0, 57.0, 9.0, 62.0, 13.0, 6.0, 21.0, 16.0, 55.0, 65.0, 20.0, 46.0, 35.0, 29.0, 61.0, 34.0, 37.0, 14.0, 23.0, 32.0, 11.0, 9.0, 5.0, 76.0, 22.0, 16.0, 12.0, 5.0, 8.0, 23.0, 8.0, 13.0, 10.0, 84.0, 17.0, 23.0, 21.0, 43.0, 18.0, 28.0, 7.0, 9.0, 18.0, 5.0, 26.0, 1.0, 13.0, 1.0, 2.0, 5.0, 43.0, 1.0, 1.0, 7.0, 5.0, 3.0, 31.0, 79.0, 23.0, 8.0, 15.0, 9.0, 13.0, 53.0, 15.0, 1.0, 4.0, 30.0, 13.0, 36.0, 2.0, 31.0, 10.0, 9.0, 8.0, 34.0, 10.0, 69.0, 27.0, 44.0, 63.0, 14.0, 137.0, 1.0, 36.0, 12.0, 16.0, 13.0, 54.0, 7.0, 59.0, 33.0, 1.0, 4.0, 19.0, 10.0, 11.0, 1.0, 26.0, 1.0, 41.0, 105.0, 2.0, 47.0, 19.0, 14.0, 21.0, 19.0, 53.0, 25.0, 56.0, 8.0, 157.0, 23.0, 10.0, 14.0, 10.0, 26.0, 6.0, 3.0, 20.0, 53.0, 64.0, 7.0, 26.0, 64.0, 10.0, 8.0, 10.0, 38.0, 5.0, 10.0, 1.0, 16.0, 10.0, 5.0, 18.0, 17.0, 12.0, 164.0, 69.0, 12.0, 1.0, 2.0, 6.0, 17.0, 11.0, 55.0, 6.0, 18.0, 22.0, 13.0, 20.0, 30.0, 2.0, 17.0, 9.0, 23.0, 45.0, 41.0, 12.0, 23.0, 15.0, 51.0, 31.0, 35.0, 1.0, 12.0, 109.0, 2.0, 35.0, 23.0, 17.0, 27.0, 50.0, 27.0, 15.0, 15.0, 16.0, 6.0, 24.0, 1.0, 6.0, 12.0, 12.0, 7.0, 10.0, 24.0, 38.0, 32.0, 15.0, 9.0, 34.0, 13.0, 30.0, 22.0, 10.0, 3.0, 1.0, 41.0, 102.0, 11.0, 23.0, 93.0, 12.0, 2.0, 4.0, 32.0, 10.0, 11.0, 13.0, 37.0, 12.0, 1.0, 20.0, 1.0, 34.0, 14.0, 1.0, 1.0, 12.0, 10.0, 11.0, 1.0, 7.0, 41.0, 12.0, 4.0, 18.0, 8.0, 23.0, 21.0, 12.0, 51.0, 9.0, 1.0, 1.0, 19.0, 32.0, 22.0, 1.0, 11.0, 6.0, 33.0, 8.0, 16.0, 13.0, 16.0, 20.0, 79.0, 12.0, 4.0, 53.0, 1.0, 21.0, 3.0, 14.0, 7.0, 42.0, 11.0, 31.0, 9.0, 29.0, 7.0, 33.0, 45.0, 10.0, 35.0, 106.0, 29.0, 50.0, 1.0, 39.0, 1.0, 67.0, 16.0, 14.0, 89.0, 38.0, 1.0, 24.0, 1.0, 35.0, 9.0, 17.0, 46.0, 49.0, 1.0, 7.0, 5.0, 52.0, 21.0, 1.0, 4.0, 8.0, 96.0, 9.0, 11.0, 17.0, 123.0, 8.0, 26.0, 2.0, 18.0, 53.0, 13.0, 115.0, 13.0, 13.0, 28.0, 101.0, 16.0, 33.0, 23.0, 25.0, 7.0, 13.0, 21.0, 54.0, 110.0, 13.0, 16.0, 15.0, 7.0, 13.0, 22.0, 1.0, 14.0, 20.0, 6.0, 20.0, 9.0, 3.0, 11.0, 16.0, 51.0, 9.0, 9.0, 12.0, 10.0, 1.0, 10.0, 4.0, 24.0, 7.0, 7.0, 45.0, 135.0, 31.0, 14.0, 89.0, 12.0, 88.0, 6.0, 1.0, 30.0, 18.0, 33.0, 11.0, 14.0, 10.0, 12.0, 41.0, 1.0, 6.0, 13.0, 14.0, 21.0, 5.0, 22.0, 8.0, 1.0, 66.0, 8.0, 16.0, 64.0, 70.0, 68.0, 34.0, 3.0, 1.0, 157.0, 1.0, 38.0, 3.0, 1.0, 11.0, 10.0, 15.0, 29.0, 4.0, 59.0, 11.0, 13.0, 13.0, 79.0, 13.0, 43.0, 6.0, 17.0, 11.0, 8.0, 101.0, 118.0, 15.0, 11.0, 25.0, 12.0, 1.0, 71.0, 13.0, 5.0, 11.0, 10.0, 25.0, 64.0, 40.0, 45.0, 2.0, 48.0, 31.0, 13.0, 10.0, 31.0, 25.0, 35.0, 15.0, 43.0, 26.0, 1.0, 16.0, 36.0, 26.0, 17.0, 22.0, 7.0, 31.0, 53.0, 29.0, 34.0, 1.0, 12.0, 6.0, 24.0, 41.0, 13.0, 1.0, 7.0, 17.0, 16.0, 26.0, 64.0, 45.0, 21.0, 31.0, 1.0, 12.0, 17.0, 8.0, 20.0, 8.0, 17.0, 8.0, 37.0, 10.0, 11.0, 19.0, 7.0, 107.0, 17.0, 54.0, 24.0, 7.0, 35.0, 23.0, 1.0, 117.0, 8.0, 17.0, 43.0, 1.0, 4.0, 3.0, 11.0, 24.0, 15.0, 3.0, 11.0, 1.0, 16.0, 18.0, 6.0, 1.0, 14.0, 9.0, 12.0, 96.0, 79.0, 8.0, 7.0, 35.0, 52.0, 26.0, 21.0, 1.0, 19.0, 1.0, 40.0, 15.0, 40.0, 12.0, 57.0, 5.0, 72.0, 14.0, 45.0, 11.0, 1.0, 7.0, 85.0, 11.0, 63.0, 43.0, 3.0, 20.0, 5.0, 22.0, 13.0, 9.0, 1.0, 59.0, 55.0, 10.0, 10.0, 7.0, 18.0, 2.0, 19.0, 16.0, 12.0, 13.0, 141.0, 1.0, 22.0, 68.0, 1.0, 11.0, 28.0, 17.0, 18.0, 8.0, 33.0, 11.0, 1.0, 28.0, 19.0, 11.0, 31.0, 1.0, 13.0, 8.0, 1.0, 4.0, 16.0, 71.0, 47.0, 59.0, 72.0, 5.0, 22.0, 11.0, 21.0, 112.0, 1.0, 55.0, 21.0, 9.0, 54.0, 37.0, 14.0, 81.0, 2.0, 11.0, 10.0, 24.0, 8.0, 29.0, 100.0, 43.0, 43.0, 88.0, 74.0, 15.0, 39.0, 14.0, 30.0, 36.0, 3.0, 33.0, 11.0, 11.0, 37.0, 64.0, 8.0, 26.0, 1.0, 7.0, 12.0, 23.0, 10.0, 18.0, 37.0, 36.0, 30.0, 7.0, 35.0, 92.0, 32.0, 7.0, 16.0, 27.0, 9.0, 18.0, 14.0, 24.0, 13.0, 34.0, 29.0, 4.0, 5.0, 31.0, 7.0, 5.0, 16.0, 38.0, 26.0, 54.0, 1.0, 9.0, 9.0, 30.0, 21.0, 40.0, 12.0, 70.0, 22.0, 11.0, 12.0, 43.0, 67.0, 16.0, 52.0, 5.0, 19.0, 41.0, 1.0, 7.0, 11.0, 11.0, 10.0, 10.0, 12.0, 88.0, 4.0, 19.0, 36.0, 52.0, 9.0, 35.0, 1.0, 57.0, 20.0, 22.0, 7.0, 3.0, 38.0, 25.0, 119.0, 2.0, 51.0, 9.0, 9.0, 11.0, 25.0, 14.0, 21.0, 1.0, 10.0, 28.0, 7.0, 8.0, 56.0, 114.0, 12.0, 4.0, 8.0, 2.0, 26.0, 52.0, 10.0, 21.0, 14.0, 13.0, 21.0, 14.0, 11.0, 8.0, 80.0, 52.0, 70.0, 20.0, 1.0, 1.0, 12.0, 10.0, 44.0, 17.0, 11.0, 13.0, 17.0, 24.0, 59.0, 51.0, 1.0, 5.0, 49.0, 18.0, 7.0, 11.0, 11.0, 26.0, 42.0, 45.0, 19.0, 66.0, 46.0, 9.0, 1.0, 13.0, 30.0, 37.0, 9.0, 14.0, 93.0, 3.0, 32.0, 34.0, 9.0, 34.0, 12.0, 16.0, 51.0, 22.0, 8.0, 11.0, 69.0, 6.0, 24.0, 18.0, 9.0, 28.0, 27.0, 53.0, 72.0, 24.0, 13.0, 8.0, 21.0, 34.0, 25.0, 21.0, 1.0, 8.0, 121.0, 36.0, 26.0, 47.0, 6.0, 15.0, 9.0, 11.0, 1.0, 13.0, 13.0, 18.0, 7.0, 65.0, 45.0, 8.0, 39.0, 14.0, 5.0, 40.0, 5.0, 37.0, 63.0, 18.0, 27.0, 26.0, 29.0, 1.0, 1.0, 4.0, 17.0, 10.0, 27.0, 59.0, 14.0, 7.0, 15.0, 29.0, 21.0, 18.0, 63.0, 22.0, 12.0, 1.0, 14.0, 15.0, 1.0, 51.0, 4.0, 58.0, 26.0, 7.0, 37.0, 70.0, 57.0, 11.0, 23.0, 142.0, 2.0, 61.0, 28.0, 12.0, 1.0, 14.0, 17.0, 10.0, 37.0, 5.0, 1.0, 1.0, 23.0, 50.0, 2.0, 23.0, 30.0, 78.0, 1.0, 6.0, 9.0, 14.0, 5.0, 65.0, 9.0, 14.0, 8.0, 67.0, 17.0, 68.0, 13.0, 16.0, 38.0, 7.0, 67.0, 8.0, 81.0, 19.0, 20.0, 32.0, 7.0, 26.0, 11.0, 9.0, 15.0, 13.0, 23.0, 23.0, 30.0, 7.0, 18.0, 7.0, 1.0, 8.0, 21.0, 23.0, 15.0, 7.0, 1.0, 75.0, 97.0, 9.0, 23.0, 71.0, 1.0, 14.0, 22.0, 68.0, 32.0, 8.0, 32.0, 1.0, 34.0, 31.0, 24.0, 1.0, 5.0, 37.0, 38.0, 14.0, 1.0, 3.0, 13.0, 7.0, 5.0, 9.0, 82.0, 66.0, 9.0, 53.0, 1.0, 5.0, 82.0, 2.0, 7.0, 16.0, 6.0, 1.0, 47.0, 36.0, 12.0, 11.0, 12.0, 8.0, 32.0, 32.0, 19.0, 9.0, 36.0, 8.0, 12.0, 17.0, 8.0, 68.0, 13.0, 60.0, 1.0, 5.0, 15.0, 108.0, 55.0, 62.0, 2.0, 13.0, 12.0, 29.0, 10.0, 24.0, 7.0, 14.0, 11.0, 61.0, 19.0, 10.0, 9.0, 16.0, 8.0, 11.0, 75.0, 21.0, 65.0, 80.0, 12.0, 16.0, 28.0, 1.0, 7.0, 11.0, 28.0, 24.0, 31.0, 33.0, 1.0, 35.0, 11.0, 1.0, 135.0, 20.0, 50.0, 13.0, 11.0, 34.0, 9.0, 115.0, 9.0, 1.0, 19.0, 88.0, 5.0, 55.0, 20.0, 22.0, 137.0, 26.0, 15.0, 1.0, 14.0, 10.0, 25.0, 15.0, 12.0, 10.0, 24.0, 31.0, 1.0, 1.0, 16.0, 89.0, 8.0, 53.0, 82.0, 1.0, 44.0, 31.0, 31.0, 29.0, 25.0, 10.0, 1.0, 65.0, 58.0, 62.0, 5.0, 24.0, 1.0, 2.0, 22.0, 11.0, 9.0, 6.0, 16.0, 47.0, 24.0, 27.0, 24.0, 3.0, 1.0, 16.0, 36.0, 15.0, 43.0, 22.0, 32.0, 9.0, 10.0, 87.0, 4.0, 10.0, 79.0, 15.0, 53.0, 26.0, 30.0, 21.0, 40.0, 14.0, 7.0, 7.0, 36.0, 34.0, 37.0, 61.0, 41.0, 17.0, 8.0, 14.0, 37.0, 8.0, 17.0, 15.0, 73.0, 11.0, 62.0, 42.0, 33.0, 11.0, 2.0, 15.0, 4.0, 24.0, 8.0, 3.0, 1.0, 6.0, 45.0, 6.0, 1.0, 7.0, 83.0, 14.0, 6.0, 4.0, 7.0, 10.0, 12.0, 17.0, 22.0, 1.0, 9.0, 28.0, 120.0, 14.0, 27.0, 17.0, 25.0, 9.0, 56.0, 22.0, 51.0, 66.0, 1.0, 11.0, 8.0, 12.0, 7.0, 10.0, 12.0, 9.0, 31.0, 23.0, 36.0, 28.0, 27.0, 39.0, 12.0, 5.0, 10.0, 25.0, 46.0, 41.0, 1.0, 48.0, 19.0, 8.0, 1.0, 35.0, 7.0, 41.0, 16.0, 1.0, 11.0, 40.0, 24.0, 9.0, 1.0, 64.0, 74.0, 14.0, 10.0, 10.0, 47.0, 22.0, 1.0, 15.0, 55.0, 9.0, 8.0, 7.0, 8.0, 11.0, 8.0, 55.0, 48.0, 41.0, 9.0, 19.0, 69.0, 37.0, 2.0, 3.0, 1.0, 32.0, 15.0, 20.0, 16.0, 1.0, 14.0, 11.0, 7.0, 36.0, 31.0, 7.0, 16.0, 45.0, 13.0, 95.0, 10.0, 19.0, 26.0, 48.0, 15.0, 19.0, 26.0, 42.0, 7.0, 1.0, 7.0, 96.0, 5.0, 28.0, 10.0, 6.0, 28.0, 9.0, 15.0, 1.0, 17.0, 27.0, 7.0, 16.0, 19.0, 3.0, 33.0, 20.0, 9.0, 12.0, 36.0, 7.0, 1.0, 1.0, 35.0, 16.0, 14.0, 65.0, 7.0, 8.0, 94.0, 9.0, 38.0, 34.0, 22.0, 2.0, 13.0, 9.0, 12.0, 36.0, 47.0, 59.0, 11.0, 46.0, 43.0, 16.0, 7.0, 27.0, 6.0, 24.0, 6.0, 23.0, 14.0, 46.0, 40.0, 8.0, 23.0, 27.0, 10.0, 16.0, 24.0, 1.0, 32.0, 23.0, 58.0, 21.0, 6.0, 11.0, 1.0, 31.0, 3.0, 7.0, 17.0, 11.0, 138.0, 21.0, 11.0, 49.0, 31.0, 12.0, 1.0, 7.0, 14.0, 24.0, 42.0, 153.0, 10.0, 27.0, 9.0, 13.0, 58.0, 9.0, 43.0, 7.0, 36.0, 2.0, 1.0, 30.0, 30.0, 32.0, 44.0, 21.0, 9.0, 4.0, 8.0, 32.0, 83.0, 10.0, 25.0, 24.0, 51.0, 64.0, 2.0, 26.0, 35.0, 1.0, 93.0, 1.0, 42.0, 4.0, 28.0, 25.0, 18.0, 85.0, 16.0, 15.0, 20.0, 37.0, 31.0, 26.0, 6.0, 61.0, 12.0, 140.0, 18.0, 48.0, 1.0, 8.0, 2.0, 24.0, 16.0, 7.0, 23.0, 39.0, 10.0, 10.0, 13.0, 25.0, 33.0, 24.0, 119.0, 27.0, 36.0, 63.0, 43.0, 32.0, 57.0, 11.0, 177.0, 15.0, 47.0, 16.0, 10.0, 19.0, 80.0, 28.0, 19.0, 63.0, 1.0, 26.0, 7.0, 14.0, 8.0, 4.0, 54.0, 74.0, 13.0, 66.0, 19.0, 1.0, 115.0, 4.0, 13.0, 44.0, 43.0, 8.0, 13.0, 8.0, 12.0, 20.0, 4.0, 43.0, 1.0, 59.0, 15.0, 5.0, 22.0, 40.0, 12.0, 1.0, 11.0, 68.0, 24.0, 87.0, 88.0, 13.0, 25.0, 15.0, 48.0, 64.0, 79.0, 8.0, 11.0, 5.0, 23.0, 10.0, 62.0, 8.0, 19.0, 27.0, 3.0, 19.0, 21.0, 54.0, 14.0, 6.0, 9.0, 1.0, 34.0, 8.0, 4.0, 16.0, 9.0, 2.0, 21.0, 36.0, 11.0, 23.0, 42.0, 89.0, 16.0, 50.0, 18.0, 14.0, 1.0, 3.0, 14.0, 12.0, 6.0, 96.0, 21.0, 66.0, 7.0, 28.0, 19.0, 10.0, 11.0, 1.0, 23.0, 34.0, 30.0, 16.0, 27.0, 7.0, 27.0, 5.0, 7.0, 8.0, 17.0, 25.0, 14.0, 26.0, 51.0, 49.0, 13.0, 38.0, 30.0, 5.0, 44.0, 1.0, 7.0, 12.0, 13.0, 24.0, 14.0, 1.0, 8.0, 15.0, 23.0, 20.0, 6.0, 5.0, 27.0, 8.0, 33.0, 1.0, 28.0, 2.0, 123.0, 10.0, 64.0, 37.0, 17.0, 10.0, 7.0, 17.0, 14.0, 16.0, 1.0, 19.0, 23.0, 7.0, 19.0, 3.0, 1.0, 14.0, 104.0, 1.0, 9.0, 32.0, 1.0, 44.0, 16.0, 1.0, 8.0, 1.0, 22.0, 32.0, 27.0, 32.0, 1.0, 49.0, 63.0, 39.0, 1.0, 17.0, 1.0, 74.0, 19.0, 10.0, 10.0, 1.0, 10.0, 8.0, 6.0, 9.0, 7.0, 41.0, 9.0, 22.0, 14.0, 47.0, 33.0, 16.0, 13.0, 18.0, 14.0, 11.0, 9.0, 10.0, 19.0, 9.0, 7.0, 35.0, 74.0, 30.0, 10.0, 5.0, 25.0, 21.0, 21.0, 11.0, 1.0, 15.0, 13.0, 18.0, 25.0, 36.0, 6.0, 15.0, 7.0, 47.0, 1.0, 9.0, 39.0, 18.0, 9.0, 77.0, 1.0, 29.0, 105.0, 60.0, 40.0, 7.0, 19.0, 14.0, 84.0, 13.0, 13.0, 103.0, 68.0, 114.0, 36.0, 18.0, 42.0, 28.0, 19.0, 7.0, 12.0, 42.0, 67.0, 38.0, 7.0, 18.0, 24.0, 10.0, 5.0, 28.0, 91.0, 59.0, 8.0, 52.0, 5.0, 8.0, 8.0, 25.0, 8.0, 24.0, 20.0, 18.0, 21.0, 18.0, 1.0, 13.0, 94.0, 5.0, 55.0, 13.0, 17.0, 47.0, 16.0, 19.0, 15.0, 31.0, 10.0, 11.0, 18.0, 6.0, 12.0, 1.0, 16.0, 29.0, 1.0, 21.0, 12.0, 17.0, 7.0, 10.0, 54.0, 9.0, 12.0, 7.0, 8.0, 1.0, 29.0, 38.0, 16.0, 1.0, 14.0, 31.0, 15.0, 50.0, 30.0, 15.0, 25.0, 17.0, 31.0, 32.0, 22.0, 28.0, 31.0, 55.0, 18.0, 20.0, 26.0, 45.0, 40.0, 18.0, 28.0, 7.0, 107.0, 53.0, 22.0, 6.0, 7.0, 31.0, 10.0, 11.0, 9.0, 11.0, 5.0, 20.0, 40.0, 9.0, 17.0, 15.0, 6.0, 7.0, 26.0, 20.0, 62.0, 122.0, 35.0, 6.0, 45.0, 1.0, 3.0, 22.0, 20.0, 92.0, 20.0, 8.0, 23.0, 7.0, 7.0, 26.0, 1.0, 5.0, 38.0, 53.0, 1.0, 24.0, 13.0, 8.0, 17.0, 8.0, 29.0, 6.0, 39.0, 57.0, 15.0, 26.0, 15.0, 19.0, 15.0, 4.0, 17.0, 8.0, 29.0, 9.0, 24.0, 35.0, 32.0, 10.0, 21.0, 96.0, 10.0, 40.0, 23.0, 14.0, 46.0, 11.0, 52.0, 1.0, 7.0, 74.0, 16.0, 56.0, 58.0, 8.0, 8.0, 2.0, 18.0, 3.0, 11.0, 15.0, 22.0, 7.0, 88.0, 21.0, 9.0, 1.0, 1.0, 12.0, 19.0, 13.0, 33.0, 16.0, 29.0, 8.0, 7.0, 13.0, 9.0, 14.0, 3.0, 24.0, 1.0, 9.0, 55.0, 27.0, 36.0, 24.0, 11.0, 43.0, 31.0, 12.0, 42.0, 34.0, 43.0, 7.0, 19.0, 52.0, 17.0, 19.0, 38.0, 31.0, 1.0, 74.0, 46.0, 3.0, 46.0, 41.0, 6.0, 11.0, 2.0, 30.0, 20.0, 9.0, 62.0, 1.0, 26.0, 6.0, 13.0, 7.0, 32.0, 14.0, 8.0, 11.0, 5.0, 30.0, 57.0, 33.0, 37.0, 20.0, 24.0, 8.0, 17.0, 45.0, 10.0, 106.0, 22.0, 6.0, 51.0, 11.0, 92.0, 13.0, 61.0, 1.0, 18.0, 42.0, 4.0, 48.0, 20.0, 57.0, 42.0, 2.0, 20.0, 9.0, 9.0, 13.0, 22.0, 8.0, 15.0, 98.0, 39.0, 12.0, 173.0, 84.0, 7.0, 39.0, 9.0, 14.0, 7.0, 11.0, 12.0, 110.0, 25.0, 65.0, 46.0, 19.0, 50.0, 1.0, 53.0, 18.0, 45.0, 5.0, 40.0, 84.0, 61.0, 9.0, 9.0, 21.0, 9.0, 17.0, 32.0, 22.0, 24.0, 8.0, 11.0, 5.0, 61.0, 14.0, 4.0, 31.0, 60.0, 9.0, 1.0, 19.0, 1.0, 6.0, 21.0, 24.0, 43.0, 7.0, 18.0, 14.0, 23.0, 1.0, 21.0, 44.0, 2.0, 24.0, 35.0, 23.0, 1.0, 5.0, 33.0, 20.0, 7.0, 31.0, 10.0, 5.0, 47.0, 76.0, 8.0, 58.0, 27.0, 10.0, 7.0, 22.0, 13.0, 11.0, 47.0, 70.0, 16.0, 7.0, 27.0, 1.0, 18.0, 16.0, 6.0, 29.0, 1.0, 19.0, 57.0, 31.0, 7.0, 17.0, 6.0, 6.0, 6.0, 14.0, 2.0, 7.0, 3.0, 1.0, 31.0, 7.0, 12.0, 19.0, 24.0, 72.0, 61.0, 14.0, 3.0, 20.0, 5.0, 33.0, 19.0, 12.0, 7.0, 15.0, 10.0, 71.0, 45.0, 24.0, 13.0, 4.0, 13.0, 25.0, 23.0, 22.0, 13.0, 8.0, 16.0, 43.0, 51.0, 50.0, 18.0, 80.0, 80.0, 7.0, 41.0, 77.0, 27.0, 41.0, 83.0, 39.0, 4.0, 5.0, 77.0, 66.0, 20.0, 88.0, 60.0, 31.0, 53.0, 16.0, 24.0, 19.0, 48.0, 41.0, 1.0, 43.0, 14.0, 22.0, 22.0, 22.0, 2.0, 19.0, 3.0, 29.0, 1.0, 7.0, 3.0, 40.0, 63.0, 5.0, 4.0, 22.0, 4.0, 17.0, 16.0, 17.0, 104.0, 164.0, 1.0, 22.0, 74.0, 24.0, 5.0, 11.0, 23.0, 70.0, 13.0, 35.0, 65.0, 21.0, 13.0, 20.0, 1.0, 50.0, 8.0, 32.0, 23.0, 11.0, 29.0, 13.0, 44.0, 14.0, 30.0, 13.0, 44.0, 127.0, 37.0, 17.0, 6.0, 8.0, 67.0, 29.0, 37.0, 45.0, 10.0, 12.0, 38.0, 6.0, 18.0, 4.0, 19.0, 14.0, 12.0, 24.0, 13.0, 12.0, 33.0, 52.0, 13.0, 16.0, 58.0, 58.0, 9.0, 19.0, 101.0, 46.0, 53.0, 1.0, 22.0, 7.0, 11.0, 33.0, 1.0, 4.0, 12.0, 12.0, 2.0, 8.0, 28.0, 30.0, 77.0, 31.0, 14.0, 27.0, 16.0, 32.0, 15.0, 4.0, 69.0, 9.0, 62.0, 39.0, 154.0, 14.0, 38.0, 14.0, 49.0, 1.0, 21.0, 12.0, 14.0, 12.0, 41.0, 14.0, 40.0, 33.0, 74.0, 15.0, 29.0, 14.0, 33.0, 44.0, 13.0, 38.0, 67.0, 68.0, 10.0, 23.0, 5.0, 1.0, 7.0, 41.0, 24.0, 38.0, 25.0, 1.0, 24.0, 8.0, 19.0, 29.0, 13.0, 86.0, 16.0, 35.0, 45.0, 1.0, 22.0, 40.0, 1.0, 13.0, 31.0, 34.0, 8.0, 1.0, 24.0, 8.0, 39.0, 8.0, 42.0, 15.0, 8.0, 40.0, 15.0, 5.0, 1.0, 1.0, 31.0, 48.0, 9.0, 6.0, 23.0, 60.0, 13.0, 1.0, 75.0, 10.0, 10.0, 35.0, 35.0, 15.0, 1.0, 14.0, 32.0, 39.0, 58.0, 91.0, 8.0, 46.0, 1.0, 36.0, 6.0, 33.0, 15.0, 8.0, 14.0, 27.0, 24.0, 12.0, 71.0, 11.0, 20.0, 13.0, 8.0, 119.0, 17.0, 127.0, 31.0, 119.0, 103.0, 44.0, 8.0, 22.0, 51.0, 43.0, 16.0, 54.0, 27.0, 16.0, 19.0, 2.0, 30.0, 80.0, 17.0, 11.0, 20.0, 51.0, 7.0, 16.0, 1.0, 31.0, 7.0, 58.0, 9.0, 1.0, 15.0, 4.0, 1.0, 35.0, 16.0, 62.0, 7.0, 23.0, 12.0, 21.0, 5.0, 13.0, 26.0, 8.0, 1.0, 49.0, 23.0, 45.0, 25.0, 8.0, 25.0, 1.0, 60.0, 2.0, 20.0, 32.0, 14.0, 39.0, 7.0, 15.0, 32.0, 62.0, 26.0, 87.0, 9.0, 1.0, 12.0, 22.0, 1.0, 58.0, 3.0, 1.0, 20.0, 29.0, 1.0, 44.0, 13.0, 38.0, 10.0, 5.0, 43.0, 1.0, 22.0, 23.0, 63.0, 39.0, 24.0, 31.0, 3.0, 11.0, 6.0, 36.0, 7.0, 1.0, 13.0, 37.0, 1.0, 7.0, 9.0, 3.0, 21.0, 19.0, 2.0, 27.0, 17.0, 1.0, 22.0, 42.0, 47.0, 10.0, 14.0, 4.0, 18.0, 5.0, 21.0, 7.0, 13.0, 16.0, 1.0, 8.0, 41.0, 41.0, 11.0, 1.0, 54.0, 57.0, 137.0, 9.0, 4.0, 9.0, 19.0, 12.0, 12.0, 43.0, 48.0, 70.0, 8.0, 11.0, 7.0, 13.0, 11.0, 64.0, 77.0, 15.0, 29.0, 2.0, 28.0, 3.0, 40.0, 1.0, 6.0, 32.0, 35.0, 9.0, 15.0, 13.0, 6.0, 7.0, 34.0, 5.0, 24.0, 15.0, 7.0, 19.0, 17.0, 11.0, 17.0, 22.0, 35.0, 48.0, 40.0, 79.0, 51.0, 12.0, 49.0, 1.0, 13.0, 5.0, 1.0, 47.0, 6.0, 23.0, 18.0, 1.0, 48.0, 7.0, 3.0, 45.0, 29.0, 1.0, 8.0, 1.0, 1.0, 38.0, 32.0, 20.0, 45.0, 52.0, 75.0, 11.0, 16.0, 16.0, 15.0, 26.0, 30.0, 23.0, 23.0, 28.0, 23.0, 25.0, 28.0, 16.0, 24.0, 1.0, 23.0, 75.0, 10.0, 29.0, 12.0, 27.0, 15.0, 6.0, 19.0, 4.0, 24.0, 7.0, 8.0, 16.0, 1.0, 4.0, 17.0, 45.0, 19.0, 20.0, 44.0, 7.0, 1.0, 7.0, 20.0, 34.0, 14.0, 54.0, 12.0, 49.0, 2.0, 53.0, 41.0, 19.0, 129.0, 21.0, 12.0, 1.0, 8.0, 10.0, 33.0, 23.0, 57.0, 31.0, 53.0, 12.0, 28.0, 12.0, 30.0, 1.0, 1.0, 36.0, 1.0, 21.0, 60.0, 42.0, 87.0, 20.0, 10.0, 20.0, 42.0, 39.0, 15.0, 36.0, 136.0, 28.0, 16.0, 13.0, 42.0, 25.0, 53.0, 64.0, 37.0, 9.0, 13.0, 44.0, 22.0, 16.0, 21.0, 7.0, 1.0, 31.0, 82.0, 14.0, 1.0, 76.0, 37.0, 19.0, 15.0, 10.0, 12.0, 211.0, 1.0, 3.0, 85.0, 1.0, 25.0, 18.0, 97.0, 34.0, 6.0, 66.0, 64.0, 7.0, 49.0, 23.0, 15.0, 102.0, 11.0, 49.0, 1.0, 14.0, 18.0, 28.0, 2.0, 52.0, 19.0, 44.0, 17.0, 7.0, 60.0, 20.0, 14.0, 7.0, 27.0, 4.0, 36.0, 18.0, 10.0, 7.0, 35.0, 55.0, 11.0, 22.0, 20.0, 12.0, 27.0, 23.0, 53.0, 1.0, 28.0, 11.0, 76.0, 15.0, 55.0, 17.0, 5.0, 37.0, 40.0, 9.0, 4.0, 18.0, 63.0, 29.0, 11.0, 14.0, 14.0, 22.0, 17.0, 1.0, 32.0, 29.0, 7.0, 8.0, 25.0, 1.0, 5.0, 37.0, 22.0, 7.0, 9.0, 10.0, 50.0, 1.0, 3.0, 3.0, 157.0, 25.0, 80.0, 14.0, 78.0, 35.0, 11.0, 14.0, 2.0, 10.0, 41.0, 7.0, 14.0, 14.0, 4.0, 29.0, 11.0, 3.0, 53.0, 11.0, 20.0, 20.0, 7.0, 13.0, 24.0, 35.0, 14.0, 10.0, 1.0, 2.0, 19.0, 53.0, 84.0, 8.0, 29.0, 34.0, 72.0, 35.0, 30.0, 10.0, 40.0, 42.0, 18.0, 154.0, 23.0, 28.0, 6.0, 48.0, 8.0, 37.0, 12.0, 21.0, 7.0, 47.0, 58.0, 20.0, 36.0, 13.0, 107.0, 17.0, 28.0, 1.0, 15.0, 51.0, 42.0, 128.0, 28.0, 11.0, 40.0, 15.0, 13.0, 8.0, 22.0, 5.0, 1.0, 1.0, 4.0, 14.0, 110.0, 26.0, 27.0, 41.0, 18.0, 15.0, 42.0, 11.0, 6.0, 8.0, 65.0, 8.0, 35.0, 3.0, 51.0, 7.0, 13.0, 12.0, 7.0, 33.0, 17.0, 1.0, 8.0, 42.0, 14.0, 26.0, 26.0, 1.0] 

SGT times
 [43.0, 20.0, 5.0, 7.0, 1.0, 24.0, 22.0, 18.0, 1.0, 17.0, 1.0, 29.0, 9.0, 1.0, 25.0, 1.0, 4.0, 7.0, 16.0, 3.0, 20.0, 8.0, 11.0, 53.0, 56.0, 1.0, 36.0, 1.0, 13.0, 13.0, 29.0, 4.0, 11.0, 1.0, 1.0, 6.0, 1.0, 18.0, 16.0, 9.0, 1.0, 1.0, 19.0, 30.0, 29.0, 2.0, 8.0, 6.0, 3.0, 1.0, 27.0, 1.0, 58.0, 14.0, 14.0, 29.0, 12.0, 4.0, 7.0, 1.0, 12.0, 17.0, 10.0, 37.0, 10.0, 29.0, 27.0, 8.0, 32.0, 25.0, 95.0, 18.0, 18.0, 17.0, 1.0, 1.0, 26.0, 5.0, 1.0, 19.0, 11.0, 1.0, 15.0, 12.0, 15.0, 53.0, 13.0, 1.0, 56.0, 17.0, 12.0, 1.0, 12.0, 3.0, 8.0, 1.0, 31.0, 13.0, 1.0, 3.0, 45.0, 16.0, 1.0, 32.0, 5.0, 2.0, 18.0, 26.0, 11.0, 25.0, 35.0, 36.0, 34.0, 10.0, 26.0, 84.0, 39.0, 1.0, 5.0, 11.0, 31.0, 36.0, 18.0, 21.0, 3.0, 15.0, 99.0, 42.0, 8.0, 37.0, 1.0, 28.0, 23.0, 8.0, 1.0, 16.0, 25.0, 8.0, 48.0, 46.0, 7.0, 1.0, 44.0, 13.0, 1.0, 17.0, 12.0, 23.0, 17.0, 1.0, 8.0, 5.0, 1.0, 107.0, 1.0, 1.0, 11.0, 20.0, 8.0, 7.0, 7.0, 7.0, 18.0, 11.0, 8.0, 10.0, 53.0, 1.0, 2.0, 2.0, 1.0, 1.0, 8.0, 1.0, 17.0, 14.0, 1.0, 35.0, 35.0, 7.0, 21.0, 10.0, 12.0, 37.0, 38.0, 1.0, 8.0, 29.0, 8.0, 1.0, 11.0, 8.0, 16.0, 1.0, 26.0, 39.0, 1.0, 1.0, 58.0, 43.0, 2.0, 30.0, 17.0, 99.0, 2.0, 33.0, 25.0, 1.0, 13.0, 7.0, 30.0, 17.0, 23.0, 14.0, 31.0, 22.0, 36.0, 19.0, 7.0, 11.0, 1.0, 1.0, 7.0, 1.0, 1.0, 1.0, 38.0, 20.0, 15.0, 3.0, 8.0, 29.0, 1.0, 64.0, 33.0, 22.0, 14.0, 13.0, 4.0, 61.0, 7.0, 1.0, 14.0, 26.0, 15.0, 11.0, 26.0, 23.0, 26.0, 1.0, 17.0, 2.0, 22.0, 7.0, 1.0, 4.0, 13.0, 21.0, 24.0, 44.0, 32.0, 14.0, 15.0, 10.0, 14.0, 7.0, 36.0, 29.0, 2.0, 7.0, 35.0, 39.0, 21.0, 7.0, 23.0, 34.0, 6.0, 42.0, 1.0, 20.0, 40.0, 1.0, 11.0, 33.0, 13.0, 22.0, 7.0, 1.0, 7.0, 11.0, 14.0, 8.0, 11.0, 31.0, 13.0, 37.0, 33.0, 12.0, 5.0, 43.0]
