avgTJ:  14.357336956521738
stdDvTJ:  14.82465541338451
avgTJ without 0:  16.11642094560244
stdDvTJ without 0:  14.776565688454953
maxTJ:  26.541666666666668
minTJ:  8.157894736842104

avgTT:  15.172849915682969
stdDvTT:  16.668516175922406
avgTT without 0:  15.172849915682969
stdDvTT without 0:  16.668516175922406
maxTT:  27.0
minTT:  5.833333333333333

avgTotT:  19.345652173913045
stdDvTotT:  19.79961432637579
avgTotT without 0:  19.95291479820628
stdDvTotT without 0:  19.804387822013034
maxTotT:  31.93548387096774
minTotT:  12.75

avgMGT:  16.15234521575985
stdDvMGT:  16.02980511729518
avgMGT without 0:  16.76246105919003
stdDvMGT without 0:  16.013539603754293
maxMGT:  25.48148148148148
minMGT:  10.708333333333334

avgSGT:  11.313664596273291
stdDvSGT:  12.17615527899454
avgSGT without 0:  11.313664596273291
stdDvSGT without 0:  12.17615527899454
maxSGT:  26.714285714285715
minSGT:  1.0

free lanes %:  39.29189405031279 %, number of free traverse:  2952 num of traverse 7513
number of times in traffic %:  15.879142819113538 %, numero di volte nel traffico:  1193 num of traverse 7513
not free passage %:  60.921070145081856 %, number of not free passage:  4577 num of traverse 7513
junction times
 [2.0, 10.0, 27.0, 21.0, 1.0, 11.0, 10.0, 1.0, 1.0, 9.0, 1.0, 19.0, 9.0, 2.0, 6.0, 15.0, 21.0, 8.0, 10.0, 2.0, 8.0, 5.0, 10.0, 32.0, 11.0, 17.0, 30.0, 33.0, 2.0, 3.0, 18.0, 18.0, 24.0, 18.0, 3.0, 3.0, 27.0, 2.0, 20.0, 4.0, 23.0, 11.0, 5.0, 30.0, 4.0, 3.0, 27.0, 5.0, 18.0, 32.0, 5.0, 10.0, 9.0, 15.0, 19.0, 53.0, 8.0, 11.0, 43.0, 16.0, 4.0, 19.0, 5.0, 8.0, 7.0, 40.0, 9.0, 9.0, 13.0, 73.0, 13.0, 9.0, 9.0, 22.0, 32.0, 12.0, 39.0, 46.0, 19.0, 32.0, 10.0, 27.0, 37.0, 43.0, 32.0, 4.0, 19.0, 53.0, 8.0, 8.0, 13.0, 35.0, 23.0, 7.0, 27.0, 36.0, 3.0, 42.0, 8.0, 9.0, 22.0, 21.0, 46.0, 16.0, 1.0, 38.0, 2.0, 21.0, 13.0, 2.0, 22.0, 16.0, 8.0, 22.0, 11.0, 43.0, 4.0, 10.0, 7.0, 27.0, 22.0, 52.0, 9.0, 8.0, 12.0, 31.0, 7.0, 5.0, 23.0, 13.0, 58.0, 24.0, 29.0, 19.0, 12.0, 16.0, 2.0, 20.0, 3.0, 24.0, 13.0, 5.0, 5.0, 6.0, 3.0, 27.0, 5.0, 3.0, 7.0, 17.0, 21.0, 13.0, 19.0, 39.0, 9.0, 74.0, 7.0, 2.0, 11.0, 31.0, 11.0, 12.0, 10.0, 18.0, 2.0, 2.0, 5.0, 54.0, 10.0, 9.0, 3.0, 3.0, 7.0, 23.0, 15.0, 11.0, 16.0, 10.0, 10.0, 22.0, 7.0, 11.0, 33.0, 16.0, 15.0, 24.0, 20.0, 1.0, 4.0, 7.0, 40.0, 28.0, 22.0, 35.0, 7.0, 3.0, 14.0, 9.0, 8.0, 14.0, 1.0, 8.0, 18.0, 44.0, 9.0, 36.0, 99.0, 4.0, 69.0, 9.0, 23.0, 13.0, 3.0, 48.0, 32.0, 11.0, 34.0, 7.0, 8.0, 8.0, 3.0, 10.0, 16.0, 4.0, 14.0, 11.0, 75.0, 4.0, 26.0, 5.0, 12.0, 20.0, 11.0, 5.0, 10.0, 58.0, 16.0, 14.0, 1.0, 22.0, 10.0, 23.0, 1.0, 9.0, 20.0, 1.0, 32.0, 4.0, 17.0, 12.0, 3.0, 8.0, 32.0, 32.0, 5.0, 2.0, 15.0, 64.0, 17.0, 11.0, 2.0, 23.0, 21.0, 7.0, 4.0, 9.0, 27.0, 34.0, 28.0, 19.0, 8.0, 4.0, 22.0, 52.0, 10.0, 8.0, 8.0, 5.0, 7.0, 8.0, 14.0, 2.0, 3.0, 3.0, 11.0, 9.0, 12.0, 8.0, 10.0, 3.0, 9.0, 11.0, 9.0, 65.0, 2.0, 8.0, 4.0, 10.0, 3.0, 2.0, 5.0, 4.0, 31.0, 4.0, 19.0, 4.0, 34.0, 36.0, 11.0, 8.0, 22.0, 21.0, 1.0, 16.0, 2.0, 49.0, 20.0, 6.0, 17.0, 4.0, 11.0, 15.0, 5.0, 19.0, 15.0, 8.0, 7.0, 9.0, 9.0, 5.0, 3.0, 10.0, 19.0, 10.0, 5.0, 17.0, 15.0, 9.0, 12.0, 11.0, 2.0, 9.0, 11.0, 33.0, 11.0, 2.0, 9.0, 22.0, 15.0, 53.0, 5.0, 21.0, 28.0, 12.0, 20.0, 9.0, 7.0, 20.0, 1.0, 5.0, 10.0, 9.0, 11.0, 12.0, 8.0, 111.0, 3.0, 21.0, 21.0, 10.0, 9.0, 3.0, 13.0, 4.0, 21.0, 12.0, 13.0, 7.0, 8.0, 13.0, 9.0, 55.0, 3.0, 13.0, 26.0, 15.0, 22.0, 3.0, 24.0, 3.0, 13.0, 12.0, 7.0, 49.0, 18.0, 7.0, 80.0, 43.0, 23.0, 40.0, 31.0, 77.0, 11.0, 36.0, 16.0, 13.0, 55.0, 10.0, 18.0, 2.0, 20.0, 15.0, 25.0, 16.0, 5.0, 9.0, 40.0, 14.0, 41.0, 3.0, 8.0, 13.0, 18.0, 1.0, 1.0, 2.0, 24.0, 8.0, 43.0, 27.0, 13.0, 11.0, 14.0, 1.0, 6.0, 2.0, 2.0, 6.0, 6.0, 9.0, 20.0, 13.0, 2.0, 12.0, 21.0, 21.0, 10.0, 23.0, 1.0, 26.0, 10.0, 12.0, 12.0, 8.0, 58.0, 5.0, 15.0, 8.0, 20.0, 12.0, 36.0, 4.0, 13.0, 23.0, 13.0, 31.0, 40.0, 15.0, 39.0, 3.0, 2.0, 6.0, 11.0, 32.0, 10.0, 10.0, 40.0, 35.0, 5.0, 2.0, 23.0, 13.0, 11.0, 10.0, 39.0, 12.0, 13.0, 20.0, 17.0, 35.0, 12.0, 6.0, 32.0, 21.0, 5.0, 5.0, 27.0, 12.0, 23.0, 23.0, 20.0, 21.0, 10.0, 36.0, 1.0, 9.0, 6.0, 10.0, 1.0, 8.0, 28.0, 9.0, 9.0, 13.0, 33.0, 4.0, 7.0, 24.0, 27.0, 20.0, 16.0, 38.0, 5.0, 16.0, 9.0, 8.0, 10.0, 9.0, 10.0, 47.0, 1.0, 2.0, 9.0, 23.0, 23.0, 14.0, 5.0, 34.0, 19.0, 9.0, 1.0, 5.0, 16.0, 1.0, 10.0, 19.0, 4.0, 5.0, 8.0, 4.0, 3.0, 11.0, 35.0, 5.0, 22.0, 22.0, 7.0, 10.0, 4.0, 5.0, 7.0, 10.0, 16.0, 6.0, 13.0, 4.0, 37.0, 13.0, 9.0, 14.0, 10.0, 4.0, 13.0, 1.0, 9.0, 4.0, 5.0, 1.0, 5.0, 28.0, 46.0, 10.0, 3.0, 2.0, 15.0, 22.0, 14.0, 22.0, 19.0, 20.0, 37.0, 35.0, 10.0, 49.0, 44.0, 10.0, 4.0, 6.0, 19.0, 5.0, 10.0, 8.0, 19.0, 18.0, 3.0, 106.0, 21.0, 52.0, 7.0, 47.0, 28.0, 8.0, 47.0, 18.0, 37.0, 15.0, 22.0, 20.0, 9.0, 11.0, 4.0, 2.0, 7.0, 16.0, 13.0, 10.0, 2.0, 4.0, 12.0, 6.0, 2.0, 12.0, 4.0, 23.0, 3.0, 2.0, 15.0, 10.0, 4.0, 4.0, 13.0, 16.0, 26.0, 13.0, 56.0, 12.0, 7.0, 9.0, 35.0, 166.0, 16.0, 11.0, 2.0, 20.0, 5.0, 4.0, 4.0, 6.0, 2.0, 35.0, 6.0, 9.0, 8.0, 37.0, 7.0, 2.0, 26.0, 3.0, 12.0, 10.0, 57.0, 9.0, 29.0, 5.0, 36.0, 14.0, 11.0, 8.0, 1.0, 6.0, 15.0, 14.0, 11.0, 30.0, 12.0, 4.0, 13.0, 8.0, 2.0, 4.0, 5.0, 7.0, 4.0, 18.0, 13.0, 14.0, 6.0, 2.0, 21.0, 4.0, 8.0, 6.0, 17.0, 4.0, 7.0, 8.0, 9.0, 4.0, 22.0, 11.0, 32.0, 30.0, 7.0, 7.0, 9.0, 23.0, 22.0, 20.0, 4.0, 29.0, 10.0, 31.0, 29.0, 11.0, 8.0, 19.0, 10.0, 11.0, 23.0, 6.0, 14.0, 5.0, 3.0, 5.0, 85.0, 16.0, 37.0, 36.0, 13.0, 11.0, 27.0, 26.0, 13.0, 2.0, 11.0, 13.0, 10.0, 48.0, 9.0, 8.0, 10.0, 27.0, 37.0, 19.0, 9.0, 9.0, 9.0, 17.0, 9.0, 6.0, 15.0, 17.0, 32.0, 16.0, 1.0, 7.0, 38.0, 3.0, 54.0, 1.0, 13.0, 7.0, 26.0, 13.0, 18.0, 25.0, 3.0, 3.0, 8.0, 19.0, 10.0, 30.0, 6.0, 9.0, 8.0, 9.0, 48.0, 33.0, 9.0, 6.0, 9.0, 8.0, 3.0, 117.0, 21.0, 7.0, 31.0, 10.0, 26.0, 25.0, 49.0, 11.0, 39.0, 11.0, 4.0, 19.0, 39.0, 20.0, 32.0, 7.0, 57.0, 8.0, 2.0, 16.0, 29.0, 19.0, 32.0, 17.0, 7.0, 4.0, 18.0, 4.0, 18.0, 22.0, 6.0, 28.0, 18.0, 19.0, 29.0, 4.0, 32.0, 10.0, 13.0, 28.0, 18.0, 13.0, 2.0, 29.0, 12.0, 28.0, 20.0, 2.0, 8.0, 22.0, 26.0, 9.0, 9.0, 28.0, 3.0, 13.0, 4.0, 7.0, 4.0, 7.0, 10.0, 4.0, 16.0, 6.0, 26.0, 32.0, 4.0, 7.0, 13.0, 1.0, 9.0, 18.0, 18.0, 18.0, 18.0, 39.0, 10.0, 11.0, 22.0, 21.0, 10.0, 2.0, 35.0, 4.0, 25.0, 39.0, 2.0, 37.0, 30.0, 13.0, 6.0, 21.0, 49.0, 8.0, 9.0, 11.0, 10.0, 10.0, 21.0, 16.0, 3.0, 8.0, 10.0, 29.0, 63.0, 10.0, 46.0, 11.0, 5.0, 10.0, 7.0, 37.0, 12.0, 17.0, 26.0, 4.0, 10.0, 9.0, 17.0, 8.0, 13.0, 31.0, 3.0, 11.0, 23.0, 2.0, 1.0, 14.0, 10.0, 9.0, 91.0, 10.0, 1.0, 11.0, 36.0, 63.0, 4.0, 13.0, 40.0, 4.0, 8.0, 7.0, 8.0, 10.0, 4.0, 47.0, 7.0, 22.0, 41.0, 29.0, 13.0, 6.0, 21.0, 70.0, 27.0, 10.0, 51.0, 10.0, 4.0, 22.0, 6.0, 13.0, 9.0, 2.0, 41.0, 2.0, 11.0, 53.0, 23.0, 7.0, 11.0, 59.0, 3.0, 2.0, 13.0, 30.0, 4.0, 2.0, 37.0, 11.0, 10.0, 5.0, 10.0, 46.0, 6.0, 67.0, 25.0, 11.0, 21.0, 6.0, 2.0, 2.0, 44.0, 5.0, 4.0, 9.0, 3.0, 1.0, 31.0, 30.0, 43.0, 7.0, 42.0, 5.0, 32.0, 2.0, 10.0, 22.0, 19.0, 40.0, 10.0, 18.0, 5.0, 7.0, 17.0, 16.0, 48.0, 3.0, 51.0, 19.0, 22.0, 12.0, 3.0, 53.0, 34.0, 11.0, 12.0, 10.0, 55.0, 1.0, 20.0, 40.0, 22.0, 2.0, 5.0, 38.0, 10.0, 8.0, 6.0, 12.0, 8.0, 3.0, 6.0, 11.0, 3.0, 6.0, 47.0, 10.0, 18.0, 4.0, 9.0, 9.0, 7.0, 17.0, 24.0, 23.0, 4.0, 9.0, 15.0, 23.0, 4.0, 12.0, 21.0, 6.0, 30.0, 1.0, 26.0, 8.0, 23.0, 24.0, 8.0, 2.0, 10.0, 9.0, 8.0, 5.0, 8.0, 6.0, 2.0, 14.0, 10.0, 8.0, 19.0, 2.0, 40.0, 1.0, 1.0, 13.0, 2.0, 8.0, 10.0, 21.0, 10.0, 26.0, 10.0, 11.0, 4.0, 63.0, 30.0, 11.0, 17.0, 2.0, 9.0, 7.0, 15.0, 11.0, 9.0, 18.0, 16.0, 12.0, 7.0, 34.0, 3.0, 6.0, 34.0, 10.0, 2.0, 85.0, 7.0, 13.0, 23.0, 7.0, 21.0, 8.0, 5.0, 41.0, 12.0, 3.0, 15.0, 13.0, 3.0, 37.0, 40.0, 7.0, 17.0, 8.0, 11.0, 25.0, 16.0, 32.0, 14.0, 9.0, 14.0, 14.0, 4.0, 9.0, 33.0, 5.0, 38.0, 14.0, 11.0, 9.0, 8.0, 20.0, 11.0, 3.0, 11.0, 9.0, 16.0, 9.0, 11.0, 21.0, 2.0, 2.0, 3.0, 24.0, 11.0, 11.0, 10.0, 21.0, 10.0, 7.0, 11.0, 23.0, 6.0, 26.0, 2.0, 4.0, 13.0, 13.0, 6.0, 20.0, 5.0, 6.0, 1.0, 6.0, 25.0, 15.0, 16.0, 10.0, 4.0, 36.0, 10.0, 7.0, 13.0, 35.0, 36.0, 1.0, 18.0, 19.0, 20.0, 11.0, 4.0, 31.0, 19.0, 5.0, 19.0, 3.0, 9.0, 24.0, 5.0, 6.0, 7.0, 10.0, 5.0, 8.0, 5.0, 87.0, 15.0, 7.0, 9.0, 24.0, 31.0, 10.0, 5.0, 12.0, 8.0, 16.0, 4.0, 8.0, 1.0, 6.0, 29.0, 13.0, 9.0, 48.0, 27.0, 8.0, 4.0, 8.0, 9.0, 27.0, 23.0, 26.0, 3.0, 32.0, 8.0, 11.0, 4.0, 11.0, 44.0, 13.0, 10.0, 14.0, 12.0, 51.0, 5.0, 2.0, 2.0, 7.0, 11.0, 3.0, 1.0, 19.0, 14.0, 9.0, 32.0, 2.0, 11.0, 3.0, 2.0, 11.0, 3.0, 4.0, 48.0, 17.0, 15.0, 3.0, 7.0, 35.0, 2.0, 10.0, 6.0, 7.0, 11.0, 7.0, 7.0, 1.0, 44.0, 26.0, 13.0, 22.0, 25.0, 16.0, 6.0, 3.0, 39.0, 11.0, 10.0, 27.0, 9.0, 1.0, 13.0, 7.0, 4.0, 12.0, 35.0, 11.0, 24.0, 2.0, 4.0, 22.0, 25.0, 69.0, 16.0, 17.0, 10.0, 2.0, 4.0, 10.0, 13.0, 57.0, 5.0, 52.0, 2.0, 9.0, 23.0, 34.0, 10.0, 16.0, 5.0, 26.0, 20.0, 5.0, 13.0, 13.0, 35.0, 9.0, 32.0, 20.0, 13.0, 2.0, 19.0, 6.0, 16.0, 36.0, 7.0, 8.0, 9.0, 3.0, 39.0, 29.0, 8.0, 2.0, 10.0, 8.0, 10.0, 17.0, 10.0, 11.0, 1.0, 21.0, 12.0, 2.0, 9.0, 13.0, 15.0, 15.0, 10.0, 5.0, 4.0, 15.0, 12.0, 15.0, 25.0, 16.0, 4.0, 66.0, 14.0, 29.0, 4.0, 20.0, 28.0, 10.0, 16.0, 10.0, 6.0, 12.0, 7.0, 20.0, 24.0, 3.0, 8.0, 8.0, 11.0, 36.0, 17.0, 22.0, 11.0, 9.0, 19.0, 20.0, 11.0, 1.0, 8.0, 8.0, 13.0, 30.0, 5.0, 6.0, 3.0, 17.0, 13.0, 11.0, 43.0, 1.0, 20.0, 19.0, 7.0, 20.0, 31.0, 70.0, 3.0, 38.0, 1.0, 34.0, 15.0, 3.0, 5.0, 15.0, 39.0, 10.0, 14.0, 3.0, 3.0, 2.0, 28.0, 6.0, 32.0, 14.0, 13.0, 20.0, 8.0, 8.0, 4.0, 21.0, 35.0, 13.0, 47.0, 66.0, 12.0, 28.0, 7.0, 17.0, 14.0, 25.0, 10.0, 26.0, 1.0, 10.0, 10.0, 32.0, 21.0, 2.0, 24.0, 21.0, 20.0, 14.0, 22.0, 14.0, 19.0, 21.0, 8.0, 10.0, 2.0, 11.0, 7.0, 45.0, 6.0, 9.0, 5.0, 14.0, 17.0, 27.0, 16.0, 5.0, 13.0, 8.0, 5.0, 10.0, 3.0, 12.0, 3.0, 35.0, 8.0, 10.0, 18.0, 2.0, 10.0, 11.0, 27.0, 56.0, 6.0, 7.0, 24.0, 6.0, 4.0, 5.0, 10.0, 20.0, 11.0, 1.0, 5.0, 86.0, 6.0, 15.0, 8.0, 10.0, 27.0, 20.0, 10.0, 4.0, 8.0, 34.0, 2.0, 8.0, 12.0, 27.0, 12.0, 2.0, 17.0, 11.0, 14.0, 1.0, 20.0, 31.0, 5.0, 59.0, 8.0, 5.0, 8.0, 24.0, 22.0, 31.0, 15.0, 25.0, 12.0, 9.0, 26.0, 3.0, 26.0, 3.0, 13.0, 29.0, 14.0, 6.0, 16.0, 4.0, 2.0, 7.0, 10.0, 25.0, 17.0, 19.0, 4.0, 9.0, 22.0, 4.0, 33.0, 9.0, 46.0, 7.0, 8.0, 11.0, 19.0, 27.0, 1.0, 21.0, 25.0, 7.0, 22.0, 9.0, 20.0, 27.0, 9.0, 6.0, 20.0, 8.0, 1.0, 1.0, 10.0, 2.0, 10.0, 18.0, 26.0, 61.0, 8.0, 42.0, 22.0, 3.0, 34.0, 10.0, 6.0, 30.0, 55.0, 52.0, 14.0, 10.0, 17.0, 1.0, 9.0, 31.0, 11.0, 47.0, 5.0, 22.0, 70.0, 13.0, 16.0, 10.0, 47.0, 9.0, 8.0, 10.0, 8.0, 15.0, 7.0, 6.0, 4.0, 13.0, 5.0, 22.0, 32.0, 38.0, 29.0, 10.0, 3.0, 4.0, 4.0, 4.0, 20.0, 31.0, 7.0, 10.0, 29.0, 6.0, 29.0, 11.0, 6.0, 13.0, 21.0, 3.0, 18.0, 1.0, 3.0, 19.0, 15.0, 15.0, 35.0, 11.0, 7.0, 9.0, 52.0, 20.0, 38.0, 9.0, 23.0, 3.0, 13.0, 5.0, 11.0, 11.0, 44.0, 7.0, 4.0, 11.0, 3.0, 38.0, 9.0, 23.0, 4.0, 7.0, 3.0, 9.0, 45.0, 11.0, 10.0, 6.0, 33.0, 3.0, 1.0, 11.0, 31.0, 5.0, 8.0, 9.0, 2.0, 28.0, 7.0, 45.0, 1.0, 41.0, 35.0, 16.0, 12.0, 10.0, 9.0, 16.0, 52.0, 15.0, 10.0, 28.0, 12.0, 19.0, 20.0, 1.0, 4.0, 4.0, 9.0, 8.0, 10.0, 11.0, 7.0, 9.0, 4.0, 48.0, 6.0, 12.0, 5.0, 39.0, 4.0, 18.0, 36.0, 10.0, 14.0, 47.0, 5.0, 41.0, 9.0, 4.0, 12.0, 38.0, 11.0, 30.0, 17.0, 15.0, 13.0, 12.0, 2.0, 10.0, 5.0, 59.0, 26.0, 11.0, 18.0, 34.0, 26.0, 13.0, 22.0, 5.0, 11.0, 32.0, 23.0, 53.0, 10.0, 12.0, 11.0, 24.0, 9.0, 13.0, 4.0, 4.0, 12.0, 8.0, 2.0, 24.0, 7.0, 1.0, 11.0, 9.0, 6.0, 18.0, 13.0, 1.0, 16.0, 10.0, 5.0, 13.0, 18.0, 7.0, 23.0, 46.0, 9.0, 8.0, 16.0, 16.0, 9.0, 16.0, 11.0, 10.0, 12.0, 9.0, 38.0, 38.0, 12.0, 3.0, 25.0, 17.0, 9.0, 42.0, 1.0, 19.0, 10.0, 2.0, 3.0, 5.0, 6.0, 40.0, 16.0, 10.0, 5.0, 19.0, 9.0, 8.0, 7.0, 9.0, 23.0, 48.0, 7.0, 10.0, 17.0, 9.0, 4.0, 10.0, 9.0, 18.0, 23.0, 10.0, 21.0, 20.0, 12.0, 55.0, 1.0, 13.0, 34.0, 11.0, 22.0, 13.0, 46.0, 9.0, 57.0, 46.0, 5.0, 44.0, 9.0, 9.0, 4.0, 12.0, 15.0, 57.0, 12.0, 26.0, 12.0, 4.0, 2.0, 7.0, 2.0, 8.0, 19.0, 42.0, 4.0, 3.0, 14.0, 20.0, 11.0, 10.0, 6.0, 1.0, 1.0, 14.0, 1.0, 32.0, 14.0, 64.0, 11.0, 32.0, 8.0, 9.0, 23.0, 8.0, 13.0, 34.0, 16.0, 7.0, 24.0, 35.0, 9.0, 9.0, 13.0, 11.0, 12.0, 5.0, 15.0, 9.0, 17.0, 11.0, 14.0, 10.0, 26.0, 13.0, 34.0, 9.0, 18.0, 8.0, 25.0, 11.0, 21.0, 2.0, 11.0, 18.0, 4.0, 50.0, 11.0, 34.0, 2.0, 16.0, 17.0, 22.0, 4.0, 28.0, 3.0, 2.0, 13.0, 21.0, 23.0, 16.0, 13.0, 4.0, 13.0, 1.0, 36.0, 15.0, 4.0, 6.0, 26.0, 44.0, 5.0, 10.0, 8.0, 6.0, 8.0, 3.0, 8.0, 3.0, 6.0, 30.0, 8.0, 13.0, 34.0, 6.0, 47.0, 22.0, 22.0, 40.0, 27.0, 14.0, 1.0, 15.0, 9.0, 25.0, 67.0, 4.0, 16.0] 

traffic times
 [18.0, 1.0, 8.0, 15.0, 7.0, 1.0, 1.0, 1.0, 1.0, 70.0, 17.0, 16.0, 13.0, 22.0, 4.0, 35.0, 22.0, 26.0, 10.0, 34.0, 29.0, 1.0, 9.0, 8.0, 1.0, 16.0, 5.0, 20.0, 1.0, 12.0, 3.0, 10.0, 3.0, 22.0, 29.0, 2.0, 1.0, 3.0, 25.0, 37.0, 2.0, 14.0, 8.0, 26.0, 34.0, 46.0, 8.0, 8.0, 92.0, 1.0, 37.0, 21.0, 17.0, 23.0, 73.0, 1.0, 4.0, 44.0, 4.0, 18.0, 1.0, 6.0, 7.0, 12.0, 17.0, 12.0, 11.0, 6.0, 11.0, 4.0, 15.0, 48.0, 1.0, 14.0, 18.0, 1.0, 30.0, 2.0, 13.0, 19.0, 7.0, 57.0, 12.0, 5.0, 22.0, 16.0, 80.0, 15.0, 68.0, 1.0, 31.0, 2.0, 1.0, 39.0, 35.0, 12.0, 4.0, 18.0, 8.0, 11.0, 9.0, 35.0, 11.0, 23.0, 18.0, 84.0, 27.0, 14.0, 1.0, 11.0, 39.0, 15.0, 29.0, 43.0, 11.0, 14.0, 7.0, 11.0, 7.0, 15.0, 31.0, 4.0, 35.0, 70.0, 4.0, 8.0, 8.0, 54.0, 22.0, 35.0, 7.0, 22.0, 7.0, 12.0, 17.0, 11.0, 1.0, 5.0, 65.0, 4.0, 6.0, 27.0, 1.0, 1.0, 1.0, 44.0, 16.0, 8.0, 17.0, 8.0, 33.0, 25.0, 1.0, 7.0, 1.0, 14.0, 7.0, 3.0, 34.0, 11.0, 15.0, 24.0, 80.0, 1.0, 18.0, 37.0, 18.0, 15.0, 11.0, 11.0, 3.0, 28.0, 1.0, 1.0, 22.0, 1.0, 21.0, 10.0, 2.0, 1.0, 1.0, 32.0, 9.0, 1.0, 57.0, 9.0, 1.0, 27.0, 5.0, 11.0, 5.0, 15.0, 10.0, 16.0, 4.0, 71.0, 14.0, 13.0, 4.0, 1.0, 2.0, 13.0, 1.0, 8.0, 31.0, 7.0, 1.0, 8.0, 65.0, 6.0, 1.0, 7.0, 2.0, 16.0, 26.0, 6.0, 29.0, 4.0, 1.0, 1.0, 1.0, 8.0, 45.0, 7.0, 18.0, 6.0, 39.0, 4.0, 1.0, 18.0, 1.0, 13.0, 8.0, 14.0, 37.0, 27.0, 1.0, 18.0, 1.0, 1.0, 3.0, 17.0, 1.0, 14.0, 7.0, 58.0, 15.0, 1.0, 1.0, 8.0, 1.0, 7.0, 37.0, 21.0, 14.0, 23.0, 10.0, 1.0, 1.0, 6.0, 14.0, 28.0, 1.0, 56.0, 41.0, 10.0, 1.0, 29.0, 27.0, 29.0, 7.0, 77.0, 3.0, 6.0, 3.0, 34.0, 19.0, 15.0, 32.0, 11.0, 1.0, 26.0, 7.0, 31.0, 2.0, 90.0, 6.0, 12.0, 29.0, 20.0, 15.0, 13.0, 2.0, 8.0, 49.0, 33.0, 4.0, 1.0, 7.0, 29.0, 28.0, 9.0, 21.0, 1.0, 1.0, 8.0, 7.0, 3.0, 118.0, 6.0, 26.0, 24.0, 7.0, 13.0, 54.0, 11.0, 9.0, 1.0, 5.0, 27.0, 12.0, 1.0, 1.0, 1.0, 8.0, 10.0, 3.0, 9.0, 12.0, 38.0, 2.0, 7.0, 9.0, 7.0, 16.0, 18.0, 1.0, 8.0, 10.0, 16.0, 12.0, 10.0, 26.0, 26.0, 8.0, 7.0, 1.0, 10.0, 7.0, 18.0, 1.0, 22.0, 8.0, 13.0, 9.0, 3.0, 8.0, 63.0, 1.0, 1.0, 19.0, 7.0, 8.0, 21.0, 16.0, 12.0, 10.0, 21.0, 4.0, 17.0, 1.0, 19.0, 5.0, 14.0, 8.0, 31.0, 12.0, 19.0, 1.0, 14.0, 11.0, 7.0, 16.0, 1.0, 1.0, 1.0, 20.0, 3.0, 1.0, 8.0, 15.0, 17.0, 14.0, 7.0, 46.0, 1.0, 8.0, 1.0, 2.0, 8.0, 11.0, 26.0, 1.0, 3.0, 7.0, 27.0, 1.0, 22.0, 1.0, 17.0, 41.0, 19.0, 18.0, 21.0, 59.0, 25.0, 11.0, 21.0, 1.0, 34.0, 10.0, 4.0, 21.0, 1.0, 15.0, 7.0, 4.0, 11.0, 5.0, 1.0, 13.0, 8.0, 10.0, 1.0, 1.0, 1.0, 8.0, 35.0, 13.0, 14.0, 19.0, 53.0, 15.0, 1.0, 47.0, 19.0, 48.0, 11.0, 20.0, 6.0, 11.0, 8.0, 11.0, 8.0, 34.0, 13.0, 1.0, 11.0, 78.0, 2.0, 11.0, 4.0, 11.0, 35.0, 3.0, 28.0, 38.0, 1.0, 7.0, 1.0, 37.0, 11.0, 20.0, 21.0, 14.0, 4.0, 1.0, 19.0, 13.0, 6.0, 13.0, 10.0, 1.0, 16.0, 18.0, 28.0, 1.0, 44.0, 7.0, 32.0, 6.0, 17.0, 5.0, 31.0, 5.0, 19.0, 19.0, 26.0, 7.0, 1.0, 7.0, 1.0, 61.0, 15.0, 1.0, 28.0, 2.0, 3.0, 9.0, 20.0, 1.0, 1.0, 24.0, 17.0, 7.0, 1.0, 10.0, 13.0, 1.0, 13.0, 1.0, 13.0, 10.0, 13.0, 3.0, 5.0, 8.0, 5.0, 11.0, 39.0, 1.0, 13.0, 18.0, 8.0, 58.0, 4.0, 7.0, 4.0, 7.0, 29.0, 24.0, 9.0, 16.0, 9.0, 1.0, 3.0, 3.0, 13.0, 10.0, 3.0, 10.0, 41.0, 11.0, 22.0, 10.0, 1.0, 1.0, 12.0, 1.0, 13.0, 29.0, 1.0, 8.0, 1.0, 7.0, 1.0, 1.0, 6.0, 34.0, 60.0, 43.0, 12.0, 10.0, 31.0, 12.0, 26.0, 1.0, 2.0, 36.0, 1.0, 22.0, 44.0, 4.0, 1.0, 1.0, 12.0, 7.0, 15.0, 25.0, 1.0, 1.0, 1.0, 15.0, 1.0, 8.0, 1.0, 8.0, 2.0, 19.0, 24.0, 1.0, 7.0, 14.0, 2.0, 15.0, 37.0, 9.0, 42.0, 7.0, 7.0, 20.0, 8.0, 1.0, 42.0, 1.0, 1.0, 4.0, 4.0, 1.0, 6.0, 11.0, 1.0, 12.0, 1.0, 1.0, 14.0, 31.0, 51.0, 16.0, 28.0, 17.0, 8.0, 22.0, 7.0, 8.0, 1.0, 22.0, 11.0, 9.0, 12.0, 13.0, 1.0, 12.0, 11.0, 35.0, 10.0, 7.0, 25.0, 4.0, 13.0, 67.0, 12.0, 18.0, 1.0, 19.0, 13.0, 28.0, 1.0, 30.0, 2.0, 7.0, 9.0, 26.0, 9.0, 7.0, 1.0, 13.0, 1.0, 1.0, 2.0, 12.0, 6.0, 1.0, 61.0, 5.0, 2.0, 7.0, 1.0, 10.0, 17.0, 106.0, 13.0, 1.0, 54.0, 37.0, 8.0, 13.0, 27.0, 19.0, 68.0, 13.0, 13.0, 11.0, 1.0, 1.0, 14.0, 26.0, 12.0, 1.0, 15.0, 17.0, 5.0, 29.0, 54.0, 7.0, 20.0, 8.0, 22.0, 46.0, 38.0, 39.0, 7.0, 17.0, 42.0, 16.0, 20.0, 37.0, 7.0, 16.0, 15.0, 13.0, 9.0, 11.0, 14.0, 14.0, 12.0, 5.0, 29.0, 9.0, 8.0, 10.0, 19.0, 8.0, 10.0, 1.0, 26.0, 87.0, 1.0, 7.0, 19.0, 24.0, 10.0, 17.0, 16.0, 2.0, 34.0, 13.0, 1.0, 3.0, 1.0, 115.0, 14.0, 52.0, 3.0, 35.0, 9.0, 22.0, 1.0, 6.0, 17.0, 8.0, 19.0, 11.0, 1.0, 11.0, 7.0, 1.0, 21.0, 19.0, 6.0, 11.0, 1.0, 3.0, 3.0, 1.0, 16.0, 15.0, 1.0, 17.0, 19.0, 1.0, 14.0, 61.0, 8.0, 1.0, 76.0, 19.0, 42.0, 19.0, 29.0, 5.0, 6.0, 15.0, 1.0, 20.0, 19.0, 14.0, 8.0, 12.0, 30.0, 20.0, 8.0, 1.0, 1.0, 24.0, 1.0, 1.0, 11.0, 9.0, 1.0, 8.0, 11.0, 12.0, 1.0, 22.0, 1.0, 1.0, 33.0, 10.0, 17.0, 12.0, 1.0, 1.0, 2.0, 23.0, 8.0, 3.0, 1.0, 9.0, 72.0, 1.0, 64.0, 8.0, 1.0, 1.0, 8.0, 7.0, 1.0, 12.0, 11.0, 30.0, 15.0, 32.0, 1.0, 5.0, 11.0, 2.0, 7.0, 27.0, 15.0, 14.0, 18.0, 1.0, 25.0, 23.0, 3.0, 7.0, 3.0, 22.0, 1.0, 62.0, 25.0, 7.0, 10.0, 10.0, 1.0, 10.0, 10.0, 26.0, 7.0, 8.0, 18.0, 23.0, 4.0, 87.0, 10.0, 7.0, 4.0, 12.0, 23.0, 9.0, 7.0, 9.0, 10.0, 14.0, 1.0, 11.0, 10.0, 58.0, 7.0, 12.0, 1.0, 24.0, 13.0, 18.0, 1.0, 4.0, 15.0, 34.0, 6.0, 1.0, 8.0, 1.0, 31.0, 10.0, 41.0, 17.0, 12.0, 11.0, 7.0, 52.0, 11.0, 21.0, 16.0, 12.0, 1.0, 1.0, 13.0, 1.0, 4.0, 13.0, 13.0, 13.0, 3.0, 17.0, 3.0, 29.0, 8.0, 21.0, 4.0, 6.0, 55.0, 3.0, 9.0, 33.0, 8.0, 1.0, 2.0, 1.0, 1.0, 7.0, 59.0, 15.0, 3.0, 7.0, 23.0, 33.0, 1.0, 26.0, 1.0, 52.0, 17.0, 64.0, 48.0, 19.0, 27.0, 9.0, 11.0, 16.0, 5.0, 7.0, 26.0, 4.0, 8.0, 28.0, 1.0, 1.0, 4.0, 34.0, 1.0, 8.0, 11.0, 16.0, 8.0, 7.0, 14.0, 1.0, 13.0, 6.0, 1.0, 10.0, 64.0, 3.0, 8.0, 1.0, 8.0, 6.0, 4.0, 32.0, 15.0, 8.0, 7.0, 16.0, 16.0, 1.0, 11.0, 1.0, 15.0, 12.0, 30.0, 32.0, 10.0, 15.0, 10.0, 1.0, 4.0, 12.0, 22.0, 48.0, 27.0, 65.0, 1.0, 7.0, 17.0, 1.0, 1.0, 26.0, 6.0, 53.0, 2.0, 13.0, 1.0, 17.0, 29.0, 1.0, 3.0, 18.0, 11.0, 25.0, 17.0, 26.0, 7.0, 4.0, 35.0, 1.0, 1.0, 1.0, 4.0, 6.0, 26.0, 6.0, 15.0, 18.0, 1.0, 19.0, 12.0, 1.0, 14.0, 7.0, 51.0, 1.0, 4.0, 24.0, 94.0, 5.0, 14.0, 1.0, 25.0, 18.0, 40.0, 7.0, 1.0, 7.0, 29.0, 1.0, 20.0, 1.0, 59.0, 31.0, 11.0, 12.0, 4.0, 19.0, 1.0, 23.0, 25.0, 14.0, 3.0, 51.0, 14.0, 21.0, 1.0, 7.0, 13.0, 12.0, 5.0, 18.0, 8.0, 20.0, 1.0, 1.0, 2.0, 5.0, 28.0, 1.0, 69.0, 27.0, 15.0, 6.0, 1.0, 10.0, 30.0, 97.0, 16.0, 2.0, 1.0, 41.0, 8.0, 12.0, 7.0, 102.0, 7.0, 1.0, 8.0, 67.0, 3.0, 21.0, 4.0, 1.0, 21.0, 31.0, 28.0, 13.0, 11.0, 6.0, 9.0, 68.0, 5.0, 25.0, 18.0, 29.0, 17.0, 23.0, 47.0, 9.0, 19.0, 17.0, 14.0, 1.0, 1.0, 18.0, 11.0, 12.0, 5.0, 1.0, 1.0, 27.0, 2.0, 3.0, 10.0, 8.0, 9.0, 1.0, 16.0, 14.0, 5.0, 2.0, 29.0, 1.0, 25.0, 9.0, 40.0, 8.0, 29.0, 1.0, 7.0, 8.0, 11.0, 21.0, 9.0, 12.0, 3.0, 7.0, 2.0, 7.0, 1.0, 1.0, 6.0, 7.0, 8.0, 11.0, 10.0, 28.0, 4.0, 1.0, 16.0] 

total times
 [2.0, 10.0, 45.0, 21.0, 1.0, 21.0, 10.0, 15.0, 10.0, 1.0, 9.0, 10.0, 9.0, 1.0, 11.0, 28.0, 70.0, 9.0, 2.0, 6.0, 15.0, 21.0, 17.0, 24.0, 10.0, 2.0, 8.0, 5.0, 10.0, 54.0, 11.0, 17.0, 30.0, 33.0, 2.0, 3.0, 22.0, 31.0, 35.0, 18.0, 24.0, 22.0, 18.0, 26.0, 13.0, 3.0, 67.0, 2.0, 20.0, 4.0, 62.0, 11.0, 5.0, 30.0, 4.0, 3.0, 5.0, 27.0, 5.0, 18.0, 50.0, 5.0, 10.0, 10.0, 9.0, 1.0, 40.0, 5.0, 20.0, 20.0, 53.0, 12.0, 8.0, 11.0, 7.0, 61.0, 16.0, 4.0, 22.0, 5.0, 8.0, 7.0, 22.0, 40.0, 9.0, 9.0, 29.0, 2.0, 22.0, 76.0, 13.0, 9.0, 44.0, 68.0, 6.0, 15.0, 8.0, 58.0, 12.0, 82.0, 46.0, 64.0, 19.0, 49.0, 10.0, 27.0, 136.0, 7.0, 88.0, 32.0, 4.0, 19.0, 81.0, 35.0, 8.0, 13.0, 58.0, 23.0, 7.0, 108.0, 1.0, 36.0, 3.0, 42.0, 8.0, 9.0, 4.0, 22.0, 21.0, 90.0, 8.0, 41.0, 1.0, 1.0, 6.0, 7.0, 16.0, 60.0, 2.0, 12.0, 21.0, 11.0, 19.0, 20.0, 35.0, 37.0, 48.0, 8.0, 1.0, 14.0, 40.0, 1.0, 30.0, 9.0, 11.0, 43.0, 4.0, 10.0, 26.0, 27.0, 50.0, 66.0, 9.0, 8.0, 57.0, 12.0, 31.0, 12.0, 9.0, 7.0, 24.0, 20.0, 80.0, 5.0, 47.0, 13.0, 58.0, 24.0, 29.0, 19.0, 68.0, 12.0, 1.0, 16.0, 2.0, 31.0, 20.0, 3.0, 24.0, 13.0, 5.0, 5.0, 16.0, 3.0, 28.0, 5.0, 39.0, 38.0, 7.0, 29.0, 34.0, 37.0, 8.0, 19.0, 57.0, 9.0, 35.0, 9.0, 91.0, 7.0, 23.0, 21.0, 2.0, 11.0, 84.0, 31.0, 11.0, 12.0, 27.0, 10.0, 18.0, 2.0, 2.0, 29.0, 54.0, 10.0, 9.0, 3.0, 5.0, 3.0, 7.0, 11.0, 39.0, 15.0, 29.0, 43.0, 39.0, 14.0, 7.0, 15.0, 27.0, 16.0, 10.0, 10.0, 22.0, 15.0, 7.0, 15.0, 51.0, 37.0, 35.0, 16.0, 70.0, 15.0, 24.0, 20.0, 1.0, 8.0, 25.0, 8.0, 54.0, 68.0, 28.0, 35.0, 35.0, 65.0, 21.0, 15.0, 14.0, 9.0, 34.0, 11.0, 14.0, 1.0, 1.0, 8.0, 31.0, 65.0, 58.0, 9.0, 50.0, 136.0, 1.0, 7.0, 14.0, 113.0, 9.0, 23.0, 13.0, 3.0, 48.0, 32.0, 11.0, 60.0, 7.0, 8.0, 8.0, 3.0, 10.0, 16.0, 4.0, 14.0, 11.0, 75.0, 12.0, 17.0, 26.0, 5.0, 12.0, 20.0, 11.0, 5.0, 10.0, 72.0, 16.0, 14.0, 1.0, 22.0, 53.0, 25.0, 23.0, 1.0, 1.0, 9.0, 20.0, 1.0, 32.0, 4.0, 17.0, 27.0, 3.0, 9.0, 29.0, 10.0, 3.0, 34.0, 51.0, 32.0, 25.0, 26.0, 80.0, 1.0, 15.0, 64.0, 18.0, 37.0, 20.0, 17.0, 11.0, 2.0, 15.0, 23.0, 21.0, 7.0, 4.0, 9.0, 27.0, 51.0, 46.0, 19.0, 3.0, 8.0, 34.0, 4.0, 22.0, 61.0, 10.0, 8.0, 8.0, 1.0, 22.0, 5.0, 16.0, 8.0, 21.0, 10.0, 11.0, 14.0, 2.0, 3.0, 3.0, 11.0, 9.0, 1.0, 12.0, 8.0, 11.0, 32.0, 3.0, 9.0, 9.0, 11.0, 9.0, 65.0, 2.0, 18.0, 4.0, 75.0, 3.0, 17.0, 1.0, 5.0, 4.0, 31.0, 37.0, 4.0, 9.0, 37.0, 4.0, 39.0, 59.0, 11.0, 8.0, 32.0, 21.0, 26.0, 16.0, 2.0, 4.0, 49.0, 71.0, 14.0, 20.0, 6.0, 13.0, 4.0, 1.0, 17.0, 4.0, 11.0, 15.0, 5.0, 29.0, 15.0, 8.0, 15.0, 7.0, 1.0, 9.0, 9.0, 5.0, 11.0, 10.0, 19.0, 41.0, 5.0, 30.0, 15.0, 9.0, 1.0, 12.0, 11.0, 2.0, 8.0, 65.0, 9.0, 11.0, 33.0, 11.0, 2.0, 9.0, 9.0, 1.0, 7.0, 24.0, 15.0, 53.0, 29.0, 53.0, 6.0, 64.0, 12.0, 20.0, 4.0, 9.0, 1.0, 7.0, 20.0, 1.0, 5.0, 10.0, 1.0, 9.0, 11.0, 1.0, 8.0, 45.0, 12.0, 21.0, 138.0, 3.0, 11.0, 21.0, 21.0, 10.0, 9.0, 42.0, 13.0, 4.0, 25.0, 12.0, 23.0, 21.0, 18.0, 21.0, 8.0, 14.0, 57.0, 27.0, 19.0, 80.0, 3.0, 1.0, 13.0, 1.0, 26.0, 15.0, 22.0, 3.0, 3.0, 24.0, 3.0, 13.0, 20.0, 12.0, 18.0, 16.0, 49.0, 34.0, 7.0, 80.0, 43.0, 23.0, 104.0, 31.0, 98.0, 11.0, 36.0, 1.0, 1.0, 16.0, 27.0, 66.0, 10.0, 34.0, 2.0, 20.0, 44.0, 15.0, 25.0, 16.0, 21.0, 5.0, 9.0, 59.0, 14.0, 73.0, 10.0, 3.0, 1.0, 8.0, 1.0, 12.0, 13.0, 18.0, 1.0, 1.0, 2.0, 24.0, 28.0, 78.0, 27.0, 13.0, 11.0, 14.0, 11.0, 6.0, 2.0, 2.0, 56.0, 6.0, 6.0, 41.0, 10.0, 9.0, 20.0, 13.0, 2.0, 1.0, 12.0, 58.0, 57.0, 29.0, 24.0, 23.0, 87.0, 29.0, 10.0, 6.0, 12.0, 7.0, 12.0, 34.0, 27.0, 80.0, 36.0, 11.0, 5.0, 8.0, 15.0, 26.0, 10.0, 8.0, 34.0, 22.0, 90.0, 15.0, 12.0, 38.0, 12.0, 36.0, 4.0, 13.0, 22.0, 15.0, 13.0, 23.0, 13.0, 2.0, 31.0, 54.0, 49.0, 15.0, 39.0, 3.0, 33.0, 2.0, 6.0, 4.0, 21.0, 32.0, 11.0, 29.0, 28.0, 10.0, 10.0, 40.0, 9.0, 21.0, 46.0, 5.0, 2.0, 1.0, 8.0, 23.0, 13.0, 11.0, 10.0, 39.0, 12.0, 13.0, 20.0, 17.0, 49.0, 4.0, 118.0, 6.0, 12.0, 30.0, 24.0, 6.0, 10.0, 51.0, 21.0, 5.0, 5.0, 54.0, 44.0, 12.0, 41.0, 23.0, 1.0, 33.0, 21.0, 10.0, 72.0, 12.0, 1.0, 1.0, 1.0, 18.0, 6.0, 10.0, 8.0, 1.0, 10.0, 8.0, 3.0, 43.0, 9.0, 12.0, 38.0, 9.0, 2.0, 13.0, 48.0, 4.0, 7.0, 24.0, 42.0, 7.0, 43.0, 16.0, 38.0, 5.0, 16.0, 24.0, 9.0, 1.0, 16.0, 10.0, 10.0, 35.0, 15.0, 10.0, 47.0, 1.0, 20.0, 9.0, 28.0, 26.0, 41.0, 23.0, 28.0, 1.0, 5.0, 50.0, 26.0, 18.0, 9.0, 1.0, 29.0, 16.0, 1.0, 1.0, 10.0, 19.0, 4.0, 5.0, 37.0, 4.0, 3.0, 11.0, 50.0, 24.0, 22.0, 37.0, 3.0, 7.0, 10.0, 4.0, 10.0, 5.0, 63.0, 8.0, 17.0, 10.0, 16.0, 31.0, 27.0, 4.0, 53.0, 13.0, 9.0, 14.0, 10.0, 4.0, 40.0, 1.0, 24.0, 9.0, 12.0, 15.0, 25.0, 5.0, 1.0, 5.0, 4.0, 25.0, 28.0, 46.0, 10.0, 1.0, 3.0, 2.0, 43.0, 35.0, 14.0, 46.0, 34.0, 20.0, 75.0, 35.0, 12.0, 10.0, 74.0, 54.0, 10.0, 4.0, 26.0, 19.0, 5.0, 30.0, 8.0, 33.0, 18.0, 16.0, 3.0, 114.0, 21.0, 53.0, 7.0, 57.0, 20.0, 28.0, 8.0, 5.0, 1.0, 10.0, 47.0, 15.0, 43.0, 59.0, 7.0, 46.0, 1.0, 15.0, 36.0, 20.0, 9.0, 1.0, 2.0, 24.0, 4.0, 2.0, 7.0, 33.0, 13.0, 10.0, 35.0, 4.0, 12.0, 7.0, 7.0, 7.0, 27.0, 2.0, 12.0, 5.0, 23.0, 3.0, 2.0, 22.0, 15.0, 10.0, 1.0, 19.0, 41.0, 4.0, 28.0, 4.0, 13.0, 16.0, 26.0, 40.0, 82.0, 59.0, 44.0, 7.0, 9.0, 35.0, 177.0, 27.0, 26.0, 11.0, 2.0, 20.0, 5.0, 34.0, 4.0, 10.0, 8.0, 23.0, 6.0, 2.0, 35.0, 6.0, 9.0, 8.0, 1.0, 57.0, 7.0, 2.0, 41.0, 3.0, 24.0, 10.0, 68.0, 9.0, 34.0, 5.0, 36.0, 14.0, 11.0, 8.0, 1.0, 6.0, 5.0, 15.0, 14.0, 13.0, 11.0, 38.0, 10.0, 1.0, 1.0, 9.0, 18.0, 12.0, 4.0, 13.0, 8.0, 2.0, 4.0, 5.0, 7.0, 4.0, 35.0, 18.0, 13.0, 13.0, 14.0, 14.0, 6.0, 2.0, 46.0, 4.0, 8.0, 6.0, 17.0, 53.0, 10.0, 4.0, 7.0, 15.0, 1.0, 8.0, 47.0, 19.0, 9.0, 48.0, 13.0, 4.0, 22.0, 11.0, 32.0, 58.0, 7.0, 7.0, 9.0, 6.0, 42.0, 22.0, 8.0, 20.0, 4.0, 29.0, 13.0, 10.0, 8.0, 75.0, 51.0, 11.0, 1.0, 8.0, 19.0, 26.0, 11.0, 23.0, 6.0, 59.0, 78.0, 5.0, 3.0, 6.0, 16.0, 85.0, 8.0, 16.0, 15.0, 37.0, 35.0, 7.0, 36.0, 34.0, 13.0, 38.0, 5.0, 7.0, 11.0, 27.0, 1.0, 37.0, 11.0, 26.0, 22.0, 13.0, 21.0, 14.0, 2.0, 4.0, 1.0, 38.0, 13.0, 27.0, 10.0, 67.0, 10.0, 9.0, 8.0, 1.0, 16.0, 28.0, 27.0, 28.0, 37.0, 19.0, 9.0, 9.0, 10.0, 47.0, 9.0, 17.0, 9.0, 19.0, 15.0, 17.0, 72.0, 16.0, 1.0, 21.0, 61.0, 3.0, 54.0, 5.0, 1.0, 13.0, 7.0, 31.0, 26.0, 13.0, 18.0, 25.0, 3.0, 5.0, 19.0, 19.0, 3.0, 8.0, 19.0, 10.0, 56.0, 6.0, 10.0, 10.0, 8.0, 9.0, 7.0, 48.0, 33.0, 19.0, 6.0, 61.0, 15.0, 18.0, 8.0, 3.0, 30.0, 2.0, 120.0, 36.0, 7.0, 31.0, 20.0, 10.0, 26.0, 25.0, 1.0, 58.0, 43.0, 39.0, 11.0, 21.0, 33.0, 1.0, 39.0, 20.0, 32.0, 7.0, 57.0, 24.0, 13.0, 2.0, 16.0, 39.0, 19.0, 32.0, 13.0, 1.0, 36.0, 10.0, 13.0, 7.0, 7.0, 32.0, 4.0, 18.0, 22.0, 8.0, 5.0, 6.0, 28.0, 11.0, 18.0, 39.0, 5.0, 19.0, 49.0, 4.0, 18.0, 8.0, 32.0, 58.0, 8.0, 10.0, 13.0, 41.0, 22.0, 27.0, 2.0, 29.0, 12.0, 63.0, 44.0, 13.0, 16.0, 9.0, 11.0, 8.0, 3.0, 33.0, 48.0, 9.0, 10.0, 3.0, 9.0, 38.0, 3.0, 41.0, 13.0, 4.0, 26.0, 26.0, 19.0, 7.0, 10.0, 4.0, 4.0, 16.0, 6.0, 36.0, 32.0, 12.0, 4.0, 1.0, 30.0, 13.0, 1.0, 29.0, 19.0, 18.0, 26.0, 5.0, 32.0, 1.0, 18.0, 1.0, 39.0, 10.0, 23.0, 22.0, 34.0, 21.0, 60.0, 10.0, 2.0, 35.0, 43.0, 4.0, 42.0, 39.0, 20.0, 37.0, 30.0, 40.0, 13.0, 6.0, 12.0, 21.0, 49.0, 41.0, 9.0, 1.0, 11.0, 6.0, 10.0, 36.0, 1.0, 10.0, 43.0, 16.0, 3.0, 52.0, 8.0, 10.0, 4.0, 29.0, 64.0, 10.0, 47.0, 18.0, 26.0, 5.0, 10.0, 28.0, 37.0, 12.0, 25.0, 4.0, 1.0, 17.0, 26.0, 4.0, 11.0, 9.0, 17.0, 1.0, 17.0, 8.0, 27.0, 31.0, 3.0, 11.0, 33.0, 8.0, 2.0, 1.0, 14.0, 10.0, 20.0, 116.0, 24.0, 21.0, 1.0, 11.0, 51.0, 14.0, 65.0, 28.0, 58.0, 40.0, 4.0, 8.0, 26.0, 42.0, 15.0, 10.0, 4.0, 47.0, 7.0, 7.0, 22.0, 20.0, 49.0, 29.0, 24.0, 6.0, 42.0, 1.0, 21.0, 70.0, 27.0, 1.0, 22.0, 4.0, 51.0, 10.0, 5.0, 22.0, 6.0, 13.0, 6.0, 9.0, 2.0, 41.0, 2.0, 11.0, 70.0, 1.0, 23.0, 7.0, 11.0, 76.0, 3.0, 3.0, 1.0, 13.0, 30.0, 17.0, 4.0, 2.0, 74.0, 11.0, 10.0, 5.0, 10.0, 103.0, 6.0, 83.0, 25.0, 11.0, 28.0, 21.0, 17.0, 6.0, 11.0, 2.0, 22.0, 2.0, 58.0, 13.0, 1.0, 5.0, 4.0, 9.0, 3.0, 1.0, 31.0, 52.0, 11.0, 9.0, 43.0, 12.0, 7.0, 42.0, 13.0, 5.0, 1.0, 54.0, 2.0, 10.0, 38.0, 19.0, 80.0, 10.0, 18.0, 5.0, 10.0, 7.0, 7.0, 25.0, 17.0, 16.0, 48.0, 4.0, 16.0, 51.0, 19.0, 22.0, 12.0, 3.0, 129.0, 34.0, 11.0, 12.0, 12.0, 10.0, 79.0, 11.0, 20.0, 40.0, 28.0, 22.0, 13.0, 2.0, 5.0, 28.0, 1.0, 78.0, 10.0, 8.0, 6.0, 12.0, 2.0, 8.0, 3.0, 6.0, 9.0, 28.0, 3.0, 6.0, 30.0, 47.0, 10.0, 18.0, 13.0, 9.0, 9.0, 7.0, 17.0, 54.0, 36.0, 4.0, 9.0, 10.0, 37.0, 23.0, 4.0, 12.0, 1.0, 5.0, 23.0, 6.0, 30.0, 12.0, 8.0, 4.0, 1.0, 26.0, 61.0, 8.0, 23.0, 9.0, 35.0, 15.0, 2.0, 10.0, 1.0, 9.0, 8.0, 5.0, 10.0, 21.0, 8.0, 6.0, 2.0, 106.0, 17.0, 23.0, 10.0, 56.0, 8.0, 19.0, 37.0, 2.0, 55.0, 1.0, 1.0, 13.0, 2.0, 8.0, 10.0, 43.0, 27.0, 37.0, 26.0, 68.0, 15.0, 13.0, 10.0, 13.0, 5.0, 11.0, 4.0, 1.0, 14.0, 95.0, 12.0, 30.0, 11.0, 1.0, 39.0, 2.0, 9.0, 17.0, 7.0, 29.0, 11.0, 9.0, 37.0, 54.0, 11.0, 18.0, 16.0, 12.0, 7.0, 54.0, 8.0, 3.0, 22.0, 6.0, 34.0, 10.0, 2.0, 46.0, 85.0, 7.0, 13.0, 38.0, 23.0, 7.0, 39.0, 21.0, 8.0, 9.0, 21.0, 47.0, 66.0, 12.0, 3.0, 43.0, 13.0, 3.0, 37.0, 7.0, 53.0, 40.0, 15.0, 7.0, 17.0, 8.0, 34.0, 42.0, 16.0, 43.0, 14.0, 9.0, 14.0, 37.0, 17.0, 16.0, 14.0, 33.0, 5.0, 76.0, 14.0, 11.0, 9.0, 17.0, 20.0, 25.0, 13.0, 25.0, 11.0, 9.0, 16.0, 9.0, 11.0, 11.0, 21.0, 13.0, 2.0, 2.0, 3.0, 24.0, 11.0, 11.0, 1.0, 42.0, 21.0, 10.0, 87.0, 1.0, 7.0, 7.0, 19.0, 11.0, 23.0, 24.0, 6.0, 26.0, 22.0, 4.0, 13.0, 13.0, 32.0, 20.0, 16.0, 5.0, 6.0, 1.0, 6.0, 36.0, 58.0, 37.0, 10.0, 1.0, 4.0, 36.0, 10.0, 7.0, 13.0, 35.0, 36.0, 1.0, 8.0, 18.0, 20.0, 122.0, 20.0, 15.0, 70.0, 4.0, 6.0, 35.0, 49.0, 19.0, 22.0, 1.0, 5.0, 34.0, 3.0, 9.0, 17.0, 32.0, 5.0, 6.0, 7.0, 19.0, 28.0, 5.0, 1.0, 8.0, 5.0, 104.0, 15.0, 23.0, 4.0, 9.0, 24.0, 58.0, 10.0, 23.0, 6.0, 13.0, 1.0, 3.0, 5.0, 12.0, 8.0, 7.0, 1.0, 16.0, 4.0, 8.0, 1.0, 6.0, 29.0, 13.0, 16.0, 15.0, 1.0, 17.0, 34.0, 57.0, 27.0, 8.0, 4.0, 8.0, 9.0, 14.0, 88.0, 8.0, 33.0, 76.0, 26.0, 27.0, 3.0, 32.0, 8.0, 11.0, 4.0, 11.0, 42.0, 19.0, 29.0, 44.0, 13.0, 5.0, 10.0, 6.0, 15.0, 14.0, 12.0, 51.0, 5.0, 2.0, 1.0, 2.0, 20.0, 7.0, 19.0, 11.0, 3.0, 1.0, 14.0, 19.0, 28.0, 12.0, 9.0, 62.0, 2.0, 11.0, 3.0, 2.0, 11.0, 20.0, 8.0, 1.0, 3.0, 4.0, 48.0, 1.0, 17.0, 45.0, 3.0, 7.0, 1.0, 35.0, 1.0, 2.0, 11.0, 9.0, 1.0, 23.0, 6.0, 7.0, 15.0, 15.0, 11.0, 7.0, 7.0, 1.0, 45.0, 22.0, 1.0, 27.0, 33.0, 13.0, 22.0, 25.0, 16.0, 6.0, 3.0, 39.0, 11.0, 10.0, 14.0, 27.0, 17.0, 9.0, 1.0, 13.0, 7.0, 16.0, 5.0, 12.0, 35.0, 11.0, 24.0, 2.0, 4.0, 22.0, 35.0, 2.0, 69.0, 16.0, 17.0, 10.0, 2.0, 4.0, 23.0, 10.0, 21.0, 57.0, 6.0, 5.0, 52.0, 2.0, 9.0, 1.0, 23.0, 9.0, 34.0, 75.0, 1.0, 64.0, 25.0, 1.0, 16.0, 5.0, 26.0, 5.0, 8.0, 35.0, 5.0, 23.0, 14.0, 29.0, 84.0, 9.0, 71.0, 20.0, 28.0, 2.0, 19.0, 38.0, 16.0, 36.0, 7.0, 8.0, 9.0, 3.0, 39.0, 29.0, 8.0, 2.0, 10.0, 8.0, 10.0, 17.0, 10.0, 1.0, 11.0, 1.0, 35.0, 12.0, 2.0, 9.0, 13.0, 15.0, 15.0, 10.0, 11.0, 5.0, 6.0, 15.0, 12.0, 15.0, 7.0, 25.0, 16.0, 4.0, 93.0, 14.0, 29.0, 15.0, 4.0, 42.0, 28.0, 10.0, 41.0, 1.0, 10.0, 6.0, 12.0, 12.0, 25.0, 7.0, 20.0, 24.0, 23.0, 7.0, 11.0, 3.0, 8.0, 3.0, 22.0, 1.0, 62.0, 31.0, 22.0, 13.0, 10.0, 11.0, 10.0, 36.0, 17.0, 22.0, 11.0, 9.0, 1.0, 14.0, 19.0, 20.0, 12.0, 35.0, 11.0, 7.0, 1.0, 8.0, 8.0, 8.0, 13.0, 55.0, 5.0, 6.0, 23.0, 3.0, 17.0, 27.0, 93.0, 11.0, 14.0, 7.0, 47.0, 1.0, 41.0, 19.0, 23.0, 7.0, 20.0, 31.0, 70.0, 3.0, 38.0, 9.0, 1.0, 10.0, 9.0, 34.0, 32.0, 3.0, 5.0, 14.0, 15.0, 1.0, 39.0, 10.0, 13.0, 10.0, 65.0, 21.0, 3.0, 3.0, 2.0, 28.0, 6.0, 32.0, 12.0, 14.0, 13.0, 21.0, 8.0, 24.0, 29.0, 4.0, 39.0, 45.0, 4.0, 15.0, 47.0, 47.0, 66.0, 11.0, 12.0, 1.0, 8.0, 28.0, 7.0, 28.0, 14.0, 56.0, 10.0, 41.0, 10.0, 48.0, 1.0, 29.0, 10.0, 32.0, 40.0, 7.0, 2.0, 24.0, 52.0, 21.0, 31.0, 42.0, 22.0, 23.0, 14.0, 19.0, 21.0, 8.0, 10.0, 2.0, 14.0, 11.0, 7.0, 1.0, 54.0, 16.0, 6.0, 9.0, 5.0, 14.0, 1.0, 4.0, 17.0, 49.0, 16.0, 5.0, 13.0, 13.0, 11.0, 17.0, 13.0, 8.0, 5.0, 3.0, 37.0, 23.0, 21.0, 7.0, 28.0, 55.0, 3.0, 3.0, 9.0, 68.0, 8.0, 10.0, 10.0, 18.0, 1.0, 2.0, 10.0, 11.0, 27.0, 6.0, 56.0, 1.0, 6.0, 7.0, 24.0, 1.0, 6.0, 4.0, 19.0, 10.0, 20.0, 70.0, 1.0, 15.0, 5.0, 98.0, 6.0, 29.0, 23.0, 8.0, 10.0, 27.0, 62.0, 5.0, 10.0, 4.0, 8.0, 67.0, 2.0, 18.0, 55.0, 12.0, 49.0, 12.0, 66.0, 17.0, 11.0, 70.0, 1.0, 20.0, 31.0, 5.0, 84.0, 8.0, 27.0, 5.0, 23.0, 24.0, 22.0, 31.0, 15.0, 25.0, 12.0, 9.0, 46.0, 27.0, 26.0, 3.0, 13.0, 29.0, 9.0, 7.0, 26.0, 14.0, 6.0, 16.0, 4.0, 4.0, 2.0, 7.0, 8.0, 10.0, 25.0, 28.0, 5.0, 17.0, 19.0, 4.0, 9.0, 22.0, 4.0, 41.0, 9.0, 59.0, 7.0, 8.0, 37.0, 11.0, 19.0, 1.0, 27.0, 1.0, 36.0, 25.0, 7.0, 22.0, 9.0, 39.0, 27.0, 9.0, 6.0, 16.0, 28.0, 7.0, 8.0, 14.0, 1.0, 1.0, 10.0, 8.0, 13.0, 2.0, 10.0, 6.0, 18.0, 26.0, 70.0, 8.0, 59.0, 64.0, 22.0, 3.0, 34.0, 10.0, 3.0, 9.0, 1.0, 6.0, 30.0, 55.0, 52.0, 14.0, 10.0, 17.0, 1.0, 8.0, 9.0, 10.0, 31.0, 11.0, 51.0, 5.0, 22.0, 70.0, 13.0, 16.0, 10.0, 47.0, 9.0, 8.0, 49.0, 25.0, 8.0, 15.0, 7.0, 6.0, 18.0, 13.0, 7.0, 5.0, 22.0, 32.0, 38.0, 29.0, 10.0, 16.0, 16.0, 3.0, 4.0, 4.0, 4.0, 20.0, 31.0, 7.0, 10.0, 29.0, 6.0, 29.0, 11.0, 1.0, 6.0, 13.0, 42.0, 3.0, 18.0, 10.0, 3.0, 15.0, 31.0, 30.0, 15.0, 57.0, 56.0, 15.0, 11.0, 7.0, 9.0, 52.0, 20.0, 55.0, 9.0, 23.0, 3.0, 23.0, 5.0, 11.0, 23.0, 44.0, 7.0, 16.0, 26.0, 49.0, 11.0, 27.0, 3.0, 38.0, 74.0, 23.0, 1.0, 4.0, 7.0, 25.0, 7.0, 3.0, 9.0, 46.0, 21.0, 29.0, 10.0, 6.0, 53.0, 2.0, 15.0, 1.0, 6.0, 58.0, 3.0, 1.0, 31.0, 20.0, 31.0, 5.0, 11.0, 23.0, 9.0, 2.0, 28.0, 14.0, 25.0, 7.0, 45.0, 1.0, 58.0, 26.0, 35.0, 16.0, 9.0, 25.0, 10.0, 9.0, 35.0, 26.0, 52.0, 15.0, 10.0, 28.0, 1.0, 12.0, 19.0, 21.0, 8.0, 6.0, 29.0, 6.0, 1.0, 4.0, 15.0, 20.0, 5.0, 19.0, 9.0, 12.0, 18.0, 14.0, 10.0, 11.0, 21.0, 55.0, 5.0, 4.0, 9.0, 4.0, 26.0, 48.0, 6.0, 94.0, 12.0, 5.0, 5.0, 53.0, 4.0, 1.0, 18.0, 25.0, 36.0, 10.0, 14.0, 65.0, 5.0, 41.0, 9.0, 40.0, 7.0, 4.0, 1.0, 12.0, 38.0, 11.0, 44.0, 29.0, 26.0, 15.0, 13.0, 12.0, 2.0, 10.0, 5.0, 79.0, 26.0, 11.0, 19.0, 100.0, 38.0, 26.0, 33.0, 43.0, 5.0, 11.0, 4.0, 32.0, 22.0, 24.0, 85.0, 10.0, 12.0, 28.0, 11.0, 38.0, 9.0, 24.0, 58.0, 18.0, 23.0, 4.0, 12.0, 8.0, 2.0, 25.0, 7.0, 1.0, 11.0, 9.0, 6.0, 18.0, 13.0, 1.0, 16.0, 10.0, 5.0, 26.0, 31.0, 7.0, 44.0, 51.0, 9.0, 8.0, 21.0, 8.0, 16.0, 16.0, 9.0, 20.0, 16.0, 1.0, 21.0, 10.0, 2.0, 12.0, 9.0, 53.0, 38.0, 12.0, 3.0, 53.0, 18.0, 9.0, 69.0, 42.0, 1.0, 29.0, 15.0, 19.0, 10.0, 2.0, 3.0, 5.0, 6.0, 54.0, 16.0, 1.0, 10.0, 5.0, 10.0, 57.0, 97.0, 32.0, 2.0, 1.0, 8.0, 41.0, 7.0, 9.0, 37.0, 48.0, 29.0, 26.0, 17.0, 9.0, 102.0, 4.0, 7.0, 1.0, 9.0, 10.0, 9.0, 67.0, 18.0, 23.0, 3.0, 10.0, 21.0, 21.0, 4.0, 20.0, 1.0, 21.0, 31.0, 12.0, 55.0, 28.0, 13.0, 23.0, 13.0, 48.0, 9.0, 11.0, 22.0, 68.0, 10.0, 13.0, 30.0, 46.0, 18.0, 9.0, 57.0, 46.0, 5.0, 82.0, 9.0, 9.0, 4.0, 17.0, 12.0, 45.0, 111.0, 12.0, 13.0, 26.0, 12.0, 4.0, 2.0, 7.0, 2.0, 8.0, 19.0, 42.0, 4.0, 3.0, 14.0, 39.0, 17.0, 11.0, 29.0, 6.0, 1.0, 1.0, 1.0, 18.0, 1.0, 14.0, 1.0, 32.0, 14.0, 11.0, 12.0, 69.0, 11.0, 1.0, 32.0, 9.0, 27.0, 9.0, 23.0, 8.0, 13.0, 45.0, 16.0, 7.0, 24.0, 35.0, 20.0, 10.0, 9.0, 13.0, 11.0, 12.0, 5.0, 15.0, 24.0, 17.0, 11.0, 14.0, 10.0, 26.0, 13.0, 9.0, 1.0, 34.0, 9.0, 18.0, 8.0, 51.0, 11.0, 35.0, 2.0, 25.0, 10.0, 29.0, 18.0, 4.0, 50.0, 1.0, 11.0, 28.0, 34.0, 9.0, 2.0, 60.0, 17.0, 39.0, 33.0, 37.0, 3.0, 2.0, 13.0, 21.0, 37.0, 16.0, 8.0, 11.0, 13.0, 4.0, 13.0, 1.0, 22.0, 51.0, 32.0, 7.0, 6.0, 26.0, 56.0, 5.0, 10.0, 8.0, 6.0, 8.0, 3.0, 8.0, 3.0, 2.0, 20.0, 1.0, 1.0, 30.0, 8.0, 13.0, 34.0, 6.0, 6.0, 63.0, 40.0, 22.0, 40.0, 46.0, 14.0, 1.0, 10.0, 15.0, 9.0, 62.0, 67.0, 4.0, 1.0, 4.0, 42.0] 

MGT times
 [2.0, 10.0, 27.0, 21.0, 1.0, 11.0, 9.0, 10.0, 1.0, 8.0, 10.0, 9.0, 1.0, 11.0, 19.0, 70.0, 9.0, 2.0, 6.0, 15.0, 21.0, 10.0, 8.0, 10.0, 2.0, 8.0, 5.0, 10.0, 48.0, 11.0, 17.0, 30.0, 33.0, 2.0, 3.0, 18.0, 35.0, 18.0, 24.0, 22.0, 18.0, 23.0, 3.0, 3.0, 67.0, 2.0, 20.0, 4.0, 54.0, 11.0, 5.0, 30.0, 4.0, 3.0, 27.0, 5.0, 18.0, 32.0, 5.0, 10.0, 9.0, 9.0, 1.0, 15.0, 5.0, 2.0, 19.0, 53.0, 12.0, 8.0, 11.0, 7.0, 43.0, 16.0, 4.0, 19.0, 5.0, 8.0, 7.0, 21.0, 40.0, 9.0, 9.0, 29.0, 2.0, 13.0, 73.0, 13.0, 9.0, 9.0, 22.0, 6.0, 8.0, 32.0, 12.0, 75.0, 46.0, 19.0, 32.0, 10.0, 27.0, 37.0, 88.0, 32.0, 4.0, 19.0, 53.0, 8.0, 8.0, 13.0, 58.0, 23.0, 7.0, 27.0, 1.0, 36.0, 3.0, 42.0, 8.0, 9.0, 4.0, 22.0, 21.0, 46.0, 8.0, 33.0, 1.0, 1.0, 6.0, 7.0, 15.0, 38.0, 2.0, 21.0, 11.0, 16.0, 2.0, 22.0, 16.0, 7.0, 8.0, 1.0, 14.0, 22.0, 1.0, 11.0, 43.0, 4.0, 10.0, 7.0, 27.0, 22.0, 65.0, 9.0, 8.0, 11.0, 12.0, 31.0, 12.0, 9.0, 7.0, 8.0, 20.0, 80.0, 5.0, 23.0, 13.0, 58.0, 24.0, 29.0, 19.0, 23.0, 12.0, 1.0, 16.0, 2.0, 31.0, 20.0, 3.0, 24.0, 13.0, 5.0, 5.0, 16.0, 3.0, 27.0, 5.0, 35.0, 3.0, 7.0, 29.0, 21.0, 25.0, 8.0, 19.0, 39.0, 9.0, 35.0, 9.0, 74.0, 7.0, 1.0, 2.0, 11.0, 65.0, 31.0, 11.0, 12.0, 27.0, 10.0, 18.0, 2.0, 2.0, 26.0, 54.0, 10.0, 9.0, 3.0, 5.0, 3.0, 7.0, 11.0, 23.0, 29.0, 42.0, 38.0, 14.0, 7.0, 15.0, 11.0, 16.0, 10.0, 10.0, 22.0, 7.0, 11.0, 33.0, 35.0, 16.0, 36.0, 15.0, 24.0, 20.0, 1.0, 8.0, 7.0, 8.0, 48.0, 40.0, 28.0, 16.0, 34.0, 35.0, 7.0, 13.0, 14.0, 9.0, 26.0, 11.0, 14.0, 1.0, 1.0, 8.0, 18.0, 43.0, 58.0, 9.0, 36.0, 99.0, 1.0, 7.0, 4.0, 90.0, 9.0, 23.0, 13.0, 3.0, 48.0, 32.0, 11.0, 34.0, 7.0, 8.0, 8.0, 3.0, 10.0, 16.0, 4.0, 14.0, 11.0, 75.0, 4.0, 17.0, 26.0, 5.0, 12.0, 20.0, 11.0, 5.0, 10.0, 58.0, 16.0, 14.0, 1.0, 22.0, 53.0, 25.0, 23.0, 1.0, 1.0, 9.0, 20.0, 1.0, 32.0, 4.0, 17.0, 12.0, 3.0, 9.0, 23.0, 9.0, 3.0, 12.0, 43.0, 32.0, 5.0, 25.0, 80.0, 1.0, 15.0, 64.0, 11.0, 15.0, 9.0, 17.0, 11.0, 2.0, 15.0, 23.0, 21.0, 7.0, 4.0, 9.0, 27.0, 50.0, 45.0, 19.0, 3.0, 8.0, 4.0, 22.0, 52.0, 10.0, 8.0, 8.0, 1.0, 22.0, 5.0, 16.0, 8.0, 17.0, 10.0, 11.0, 14.0, 2.0, 3.0, 3.0, 11.0, 9.0, 1.0, 12.0, 8.0, 11.0, 9.0, 3.0, 9.0, 9.0, 11.0, 9.0, 65.0, 2.0, 8.0, 4.0, 49.0, 3.0, 2.0, 1.0, 5.0, 4.0, 31.0, 4.0, 9.0, 19.0, 4.0, 34.0, 36.0, 11.0, 8.0, 32.0, 21.0, 26.0, 16.0, 2.0, 4.0, 49.0, 45.0, 6.0, 20.0, 6.0, 13.0, 1.0, 17.0, 4.0, 11.0, 15.0, 5.0, 29.0, 15.0, 8.0, 15.0, 7.0, 1.0, 9.0, 9.0, 5.0, 11.0, 10.0, 19.0, 10.0, 5.0, 17.0, 15.0, 9.0, 1.0, 12.0, 11.0, 2.0, 8.0, 59.0, 9.0, 11.0, 33.0, 11.0, 2.0, 9.0, 9.0, 1.0, 4.0, 22.0, 15.0, 53.0, 5.0, 21.0, 6.0, 45.0, 12.0, 20.0, 4.0, 9.0, 1.0, 7.0, 20.0, 1.0, 5.0, 10.0, 1.0, 9.0, 11.0, 1.0, 8.0, 45.0, 12.0, 8.0, 111.0, 3.0, 21.0, 21.0, 10.0, 9.0, 34.0, 13.0, 4.0, 21.0, 12.0, 13.0, 7.0, 8.0, 8.0, 14.0, 13.0, 27.0, 9.0, 55.0, 3.0, 1.0, 13.0, 1.0, 26.0, 15.0, 22.0, 3.0, 3.0, 24.0, 3.0, 13.0, 9.0, 12.0, 7.0, 49.0, 18.0, 7.0, 80.0, 43.0, 23.0, 40.0, 31.0, 90.0, 11.0, 36.0, 1.0, 1.0, 16.0, 26.0, 55.0, 10.0, 32.0, 2.0, 20.0, 15.0, 25.0, 16.0, 5.0, 9.0, 40.0, 14.0, 73.0, 10.0, 3.0, 1.0, 8.0, 1.0, 13.0, 18.0, 1.0, 1.0, 2.0, 24.0, 8.0, 56.0, 27.0, 13.0, 11.0, 14.0, 11.0, 6.0, 2.0, 2.0, 32.0, 6.0, 6.0, 40.0, 10.0, 9.0, 20.0, 13.0, 2.0, 1.0, 12.0, 57.0, 43.0, 29.0, 23.0, 23.0, 53.0, 26.0, 10.0, 12.0, 12.0, 33.0, 20.0, 80.0, 36.0, 11.0, 5.0, 15.0, 15.0, 9.0, 8.0, 4.0, 20.0, 82.0, 15.0, 12.0, 18.0, 12.0, 36.0, 4.0, 13.0, 22.0, 15.0, 13.0, 23.0, 13.0, 2.0, 31.0, 53.0, 49.0, 15.0, 39.0, 3.0, 33.0, 2.0, 6.0, 4.0, 21.0, 32.0, 6.0, 12.0, 27.0, 10.0, 10.0, 40.0, 2.0, 35.0, 5.0, 2.0, 1.0, 8.0, 23.0, 13.0, 11.0, 10.0, 39.0, 12.0, 13.0, 20.0, 17.0, 35.0, 4.0, 3.0, 12.0, 30.0, 24.0, 6.0, 9.0, 32.0, 21.0, 5.0, 5.0, 54.0, 43.0, 12.0, 41.0, 23.0, 1.0, 20.0, 21.0, 10.0, 36.0, 12.0, 1.0, 1.0, 1.0, 9.0, 6.0, 10.0, 8.0, 1.0, 10.0, 8.0, 3.0, 41.0, 9.0, 12.0, 6.0, 9.0, 2.0, 13.0, 33.0, 4.0, 7.0, 24.0, 27.0, 20.0, 16.0, 38.0, 5.0, 16.0, 13.0, 9.0, 1.0, 16.0, 10.0, 10.0, 35.0, 15.0, 10.0, 47.0, 1.0, 2.0, 9.0, 9.0, 8.0, 23.0, 23.0, 14.0, 1.0, 5.0, 50.0, 26.0, 18.0, 9.0, 1.0, 18.0, 16.0, 1.0, 1.0, 10.0, 19.0, 4.0, 5.0, 25.0, 4.0, 3.0, 11.0, 35.0, 5.0, 22.0, 22.0, 7.0, 10.0, 4.0, 9.0, 5.0, 63.0, 7.0, 10.0, 16.0, 19.0, 13.0, 4.0, 53.0, 13.0, 9.0, 14.0, 10.0, 4.0, 26.0, 1.0, 9.0, 12.0, 4.0, 5.0, 1.0, 5.0, 4.0, 25.0, 28.0, 46.0, 10.0, 1.0, 3.0, 2.0, 38.0, 35.0, 14.0, 22.0, 33.0, 20.0, 61.0, 35.0, 9.0, 10.0, 62.0, 44.0, 10.0, 4.0, 6.0, 19.0, 5.0, 29.0, 8.0, 32.0, 18.0, 16.0, 3.0, 106.0, 21.0, 52.0, 7.0, 47.0, 20.0, 28.0, 8.0, 5.0, 1.0, 9.0, 47.0, 15.0, 18.0, 55.0, 7.0, 22.0, 1.0, 15.0, 22.0, 20.0, 9.0, 1.0, 2.0, 23.0, 4.0, 2.0, 7.0, 16.0, 13.0, 10.0, 31.0, 4.0, 12.0, 6.0, 7.0, 7.0, 2.0, 12.0, 4.0, 23.0, 3.0, 2.0, 12.0, 15.0, 10.0, 1.0, 18.0, 4.0, 28.0, 4.0, 13.0, 16.0, 26.0, 13.0, 56.0, 58.0, 25.0, 7.0, 9.0, 35.0, 166.0, 15.0, 26.0, 11.0, 2.0, 20.0, 5.0, 2.0, 4.0, 10.0, 4.0, 11.0, 6.0, 2.0, 35.0, 6.0, 9.0, 8.0, 1.0, 49.0, 7.0, 2.0, 26.0, 3.0, 12.0, 10.0, 68.0, 9.0, 29.0, 5.0, 36.0, 14.0, 11.0, 8.0, 1.0, 6.0, 15.0, 14.0, 13.0, 11.0, 36.0, 10.0, 1.0, 1.0, 12.0, 4.0, 13.0, 8.0, 2.0, 4.0, 5.0, 7.0, 4.0, 10.0, 18.0, 13.0, 13.0, 14.0, 14.0, 6.0, 2.0, 21.0, 4.0, 8.0, 6.0, 17.0, 24.0, 10.0, 4.0, 7.0, 15.0, 1.0, 8.0, 47.0, 19.0, 9.0, 48.0, 13.0, 4.0, 22.0, 11.0, 32.0, 30.0, 7.0, 7.0, 9.0, 6.0, 23.0, 22.0, 8.0, 20.0, 4.0, 29.0, 10.0, 7.0, 56.0, 29.0, 11.0, 1.0, 8.0, 19.0, 25.0, 11.0, 23.0, 6.0, 14.0, 40.0, 5.0, 3.0, 6.0, 16.0, 85.0, 8.0, 16.0, 15.0, 37.0, 15.0, 7.0, 36.0, 13.0, 27.0, 7.0, 11.0, 27.0, 1.0, 34.0, 26.0, 8.0, 13.0, 21.0, 7.0, 2.0, 4.0, 1.0, 11.0, 6.0, 13.0, 10.0, 48.0, 10.0, 9.0, 8.0, 1.0, 16.0, 28.0, 27.0, 37.0, 19.0, 9.0, 9.0, 10.0, 15.0, 9.0, 17.0, 9.0, 6.0, 15.0, 17.0, 46.0, 16.0, 1.0, 7.0, 50.0, 3.0, 54.0, 5.0, 1.0, 13.0, 7.0, 31.0, 26.0, 13.0, 18.0, 25.0, 3.0, 5.0, 11.0, 3.0, 8.0, 19.0, 10.0, 56.0, 6.0, 9.0, 10.0, 8.0, 9.0, 7.0, 48.0, 33.0, 9.0, 6.0, 35.0, 15.0, 9.0, 8.0, 3.0, 30.0, 2.0, 120.0, 21.0, 7.0, 31.0, 20.0, 10.0, 26.0, 25.0, 1.0, 58.0, 32.0, 39.0, 11.0, 4.0, 32.0, 1.0, 39.0, 20.0, 32.0, 7.0, 57.0, 24.0, 6.0, 2.0, 16.0, 39.0, 19.0, 32.0, 13.0, 1.0, 30.0, 8.0, 7.0, 4.0, 18.0, 4.0, 18.0, 22.0, 8.0, 5.0, 6.0, 28.0, 18.0, 39.0, 19.0, 29.0, 4.0, 18.0, 8.0, 32.0, 27.0, 10.0, 13.0, 40.0, 18.0, 26.0, 2.0, 29.0, 12.0, 28.0, 20.0, 13.0, 16.0, 11.0, 8.0, 3.0, 22.0, 26.0, 9.0, 10.0, 3.0, 9.0, 28.0, 3.0, 41.0, 13.0, 4.0, 22.0, 26.0, 17.0, 7.0, 10.0, 4.0, 16.0, 6.0, 26.0, 32.0, 12.0, 4.0, 1.0, 25.0, 13.0, 1.0, 29.0, 9.0, 18.0, 26.0, 18.0, 1.0, 18.0, 1.0, 39.0, 10.0, 23.0, 22.0, 34.0, 21.0, 18.0, 10.0, 2.0, 35.0, 30.0, 4.0, 25.0, 39.0, 2.0, 37.0, 30.0, 31.0, 13.0, 6.0, 12.0, 21.0, 49.0, 8.0, 9.0, 1.0, 11.0, 10.0, 1.0, 10.0, 21.0, 16.0, 3.0, 8.0, 10.0, 4.0, 29.0, 64.0, 10.0, 46.0, 13.0, 11.0, 5.0, 10.0, 19.0, 37.0, 12.0, 25.0, 1.0, 17.0, 26.0, 4.0, 10.0, 9.0, 1.0, 17.0, 8.0, 13.0, 31.0, 3.0, 11.0, 23.0, 8.0, 2.0, 1.0, 14.0, 10.0, 9.0, 112.0, 24.0, 10.0, 1.0, 11.0, 50.0, 14.0, 63.0, 28.0, 13.0, 40.0, 4.0, 8.0, 26.0, 8.0, 10.0, 4.0, 47.0, 7.0, 7.0, 22.0, 20.0, 49.0, 29.0, 13.0, 6.0, 42.0, 1.0, 21.0, 70.0, 27.0, 1.0, 10.0, 4.0, 51.0, 10.0, 5.0, 22.0, 6.0, 13.0, 6.0, 9.0, 2.0, 41.0, 2.0, 11.0, 53.0, 1.0, 23.0, 7.0, 11.0, 75.0, 3.0, 2.0, 1.0, 13.0, 30.0, 17.0, 4.0, 2.0, 37.0, 11.0, 10.0, 5.0, 10.0, 46.0, 6.0, 67.0, 25.0, 11.0, 28.0, 21.0, 17.0, 6.0, 11.0, 2.0, 22.0, 2.0, 44.0, 13.0, 1.0, 5.0, 4.0, 9.0, 3.0, 1.0, 31.0, 38.0, 11.0, 9.0, 43.0, 12.0, 7.0, 42.0, 12.0, 5.0, 1.0, 32.0, 2.0, 10.0, 22.0, 19.0, 40.0, 10.0, 18.0, 5.0, 10.0, 7.0, 7.0, 25.0, 17.0, 16.0, 48.0, 4.0, 16.0, 51.0, 19.0, 22.0, 12.0, 3.0, 88.0, 34.0, 11.0, 12.0, 12.0, 10.0, 55.0, 11.0, 20.0, 40.0, 14.0, 22.0, 13.0, 2.0, 5.0, 28.0, 38.0, 10.0, 8.0, 6.0, 12.0, 2.0, 8.0, 3.0, 6.0, 8.0, 11.0, 3.0, 6.0, 47.0, 10.0, 18.0, 13.0, 9.0, 9.0, 7.0, 17.0, 24.0, 23.0, 4.0, 9.0, 10.0, 37.0, 23.0, 4.0, 12.0, 1.0, 21.0, 6.0, 30.0, 12.0, 1.0, 26.0, 5.0, 8.0, 23.0, 7.0, 24.0, 8.0, 2.0, 10.0, 1.0, 9.0, 8.0, 5.0, 5.0, 6.0, 8.0, 6.0, 2.0, 61.0, 17.0, 14.0, 10.0, 8.0, 19.0, 8.0, 2.0, 40.0, 1.0, 1.0, 13.0, 2.0, 8.0, 10.0, 21.0, 6.0, 10.0, 26.0, 45.0, 9.0, 12.0, 10.0, 5.0, 11.0, 4.0, 1.0, 63.0, 12.0, 30.0, 11.0, 1.0, 32.0, 2.0, 9.0, 17.0, 7.0, 29.0, 11.0, 9.0, 13.0, 37.0, 18.0, 16.0, 12.0, 7.0, 39.0, 8.0, 3.0, 18.0, 6.0, 34.0, 10.0, 2.0, 26.0, 85.0, 7.0, 13.0, 36.0, 23.0, 7.0, 39.0, 21.0, 8.0, 8.0, 5.0, 41.0, 12.0, 3.0, 15.0, 13.0, 3.0, 37.0, 7.0, 39.0, 40.0, 15.0, 7.0, 17.0, 8.0, 11.0, 25.0, 16.0, 42.0, 14.0, 9.0, 14.0, 14.0, 4.0, 9.0, 33.0, 5.0, 52.0, 14.0, 11.0, 9.0, 8.0, 20.0, 11.0, 13.0, 25.0, 11.0, 9.0, 16.0, 9.0, 11.0, 21.0, 13.0, 2.0, 2.0, 3.0, 24.0, 11.0, 11.0, 1.0, 10.0, 21.0, 10.0, 78.0, 1.0, 7.0, 7.0, 19.0, 11.0, 23.0, 15.0, 6.0, 26.0, 22.0, 4.0, 13.0, 13.0, 6.0, 20.0, 16.0, 5.0, 6.0, 1.0, 6.0, 25.0, 15.0, 30.0, 10.0, 1.0, 4.0, 36.0, 10.0, 7.0, 13.0, 35.0, 36.0, 1.0, 8.0, 18.0, 20.0, 78.0, 20.0, 13.0, 24.0, 4.0, 6.0, 35.0, 31.0, 19.0, 22.0, 1.0, 5.0, 19.0, 3.0, 9.0, 17.0, 24.0, 5.0, 6.0, 7.0, 19.0, 10.0, 5.0, 1.0, 8.0, 5.0, 87.0, 15.0, 7.0, 9.0, 24.0, 31.0, 10.0, 6.0, 1.0, 3.0, 5.0, 12.0, 8.0, 6.0, 1.0, 16.0, 4.0, 8.0, 1.0, 6.0, 29.0, 13.0, 7.0, 15.0, 1.0, 9.0, 57.0, 27.0, 8.0, 4.0, 8.0, 9.0, 14.0, 44.0, 8.0, 33.0, 56.0, 26.0, 16.0, 3.0, 32.0, 8.0, 11.0, 4.0, 11.0, 14.0, 10.0, 29.0, 44.0, 13.0, 5.0, 10.0, 6.0, 15.0, 14.0, 12.0, 51.0, 5.0, 2.0, 1.0, 2.0, 20.0, 7.0, 19.0, 11.0, 3.0, 1.0, 14.0, 19.0, 14.0, 12.0, 9.0, 62.0, 2.0, 11.0, 3.0, 2.0, 11.0, 20.0, 8.0, 1.0, 3.0, 4.0, 48.0, 1.0, 17.0, 28.0, 3.0, 7.0, 1.0, 35.0, 1.0, 2.0, 11.0, 9.0, 1.0, 23.0, 6.0, 7.0, 15.0, 14.0, 11.0, 7.0, 7.0, 1.0, 44.0, 22.0, 1.0, 27.0, 33.0, 13.0, 22.0, 25.0, 16.0, 6.0, 3.0, 39.0, 11.0, 10.0, 13.0, 27.0, 17.0, 9.0, 1.0, 13.0, 7.0, 16.0, 12.0, 35.0, 11.0, 24.0, 2.0, 4.0, 22.0, 25.0, 2.0, 69.0, 16.0, 17.0, 10.0, 2.0, 4.0, 23.0, 10.0, 21.0, 57.0, 5.0, 52.0, 2.0, 9.0, 23.0, 9.0, 34.0, 1.0, 33.0, 10.0, 1.0, 16.0, 5.0, 26.0, 5.0, 20.0, 5.0, 23.0, 13.0, 35.0, 9.0, 32.0, 20.0, 13.0, 2.0, 19.0, 22.0, 16.0, 36.0, 7.0, 8.0, 9.0, 3.0, 39.0, 29.0, 8.0, 2.0, 10.0, 8.0, 10.0, 17.0, 10.0, 1.0, 11.0, 1.0, 21.0, 12.0, 2.0, 9.0, 13.0, 15.0, 15.0, 10.0, 11.0, 5.0, 6.0, 15.0, 12.0, 15.0, 7.0, 25.0, 16.0, 4.0, 93.0, 14.0, 29.0, 15.0, 4.0, 20.0, 28.0, 10.0, 29.0, 1.0, 10.0, 6.0, 12.0, 12.0, 25.0, 7.0, 20.0, 24.0, 23.0, 8.0, 3.0, 8.0, 3.0, 6.0, 1.0, 37.0, 31.0, 21.0, 9.0, 10.0, 11.0, 10.0, 36.0, 17.0, 22.0, 11.0, 9.0, 1.0, 19.0, 20.0, 11.0, 12.0, 11.0, 7.0, 1.0, 8.0, 8.0, 8.0, 13.0, 47.0, 5.0, 6.0, 12.0, 3.0, 17.0, 13.0, 24.0, 11.0, 11.0, 7.0, 47.0, 1.0, 40.0, 19.0, 14.0, 7.0, 20.0, 31.0, 70.0, 3.0, 38.0, 9.0, 1.0, 9.0, 34.0, 28.0, 3.0, 5.0, 12.0, 15.0, 1.0, 39.0, 10.0, 12.0, 10.0, 16.0, 14.0, 3.0, 3.0, 2.0, 28.0, 6.0, 32.0, 12.0, 14.0, 13.0, 20.0, 8.0, 24.0, 23.0, 4.0, 21.0, 35.0, 4.0, 15.0, 13.0, 47.0, 66.0, 10.0, 12.0, 1.0, 8.0, 28.0, 7.0, 17.0, 14.0, 56.0, 10.0, 41.0, 10.0, 26.0, 1.0, 10.0, 10.0, 32.0, 21.0, 7.0, 2.0, 24.0, 9.0, 21.0, 31.0, 14.0, 22.0, 14.0, 19.0, 21.0, 8.0, 10.0, 2.0, 11.0, 7.0, 1.0, 45.0, 16.0, 6.0, 9.0, 5.0, 14.0, 1.0, 4.0, 17.0, 44.0, 16.0, 5.0, 10.0, 13.0, 11.0, 11.0, 13.0, 8.0, 5.0, 3.0, 17.0, 22.0, 21.0, 3.0, 12.0, 55.0, 3.0, 3.0, 65.0, 8.0, 10.0, 18.0, 1.0, 2.0, 10.0, 11.0, 27.0, 6.0, 56.0, 1.0, 6.0, 7.0, 24.0, 1.0, 6.0, 4.0, 19.0, 10.0, 20.0, 64.0, 1.0, 14.0, 5.0, 98.0, 6.0, 28.0, 5.0, 8.0, 10.0, 27.0, 34.0, 5.0, 10.0, 4.0, 8.0, 34.0, 2.0, 18.0, 44.0, 12.0, 27.0, 12.0, 22.0, 17.0, 11.0, 29.0, 1.0, 20.0, 31.0, 5.0, 71.0, 8.0, 15.0, 5.0, 23.0, 24.0, 22.0, 31.0, 15.0, 25.0, 12.0, 9.0, 46.0, 3.0, 26.0, 3.0, 13.0, 29.0, 7.0, 19.0, 14.0, 6.0, 16.0, 4.0, 2.0, 2.0, 7.0, 8.0, 10.0, 25.0, 28.0, 17.0, 19.0, 4.0, 9.0, 22.0, 4.0, 33.0, 9.0, 59.0, 7.0, 8.0, 28.0, 11.0, 19.0, 1.0, 27.0, 1.0, 35.0, 25.0, 7.0, 22.0, 9.0, 20.0, 27.0, 9.0, 6.0, 16.0, 27.0, 7.0, 8.0, 14.0, 1.0, 1.0, 10.0, 13.0, 2.0, 10.0, 6.0, 18.0, 26.0, 61.0, 8.0, 42.0, 22.0, 22.0, 3.0, 34.0, 10.0, 3.0, 1.0, 6.0, 30.0, 55.0, 52.0, 14.0, 10.0, 17.0, 1.0, 9.0, 31.0, 11.0, 47.0, 5.0, 22.0, 70.0, 13.0, 16.0, 10.0, 47.0, 9.0, 8.0, 48.0, 8.0, 15.0, 7.0, 6.0, 4.0, 13.0, 7.0, 5.0, 22.0, 32.0, 38.0, 29.0, 10.0, 16.0, 3.0, 4.0, 4.0, 4.0, 20.0, 31.0, 7.0, 10.0, 29.0, 6.0, 29.0, 11.0, 1.0, 6.0, 13.0, 21.0, 3.0, 18.0, 10.0, 3.0, 15.0, 19.0, 30.0, 15.0, 57.0, 56.0, 15.0, 11.0, 7.0, 9.0, 52.0, 20.0, 38.0, 9.0, 23.0, 3.0, 23.0, 5.0, 11.0, 23.0, 44.0, 7.0, 13.0, 11.0, 8.0, 3.0, 38.0, 67.0, 23.0, 1.0, 4.0, 7.0, 25.0, 7.0, 3.0, 9.0, 45.0, 11.0, 23.0, 10.0, 6.0, 53.0, 2.0, 15.0, 1.0, 6.0, 33.0, 3.0, 1.0, 14.0, 11.0, 31.0, 5.0, 11.0, 23.0, 9.0, 2.0, 28.0, 9.0, 25.0, 7.0, 45.0, 1.0, 52.0, 26.0, 35.0, 16.0, 12.0, 10.0, 9.0, 35.0, 26.0, 52.0, 15.0, 10.0, 28.0, 1.0, 12.0, 19.0, 20.0, 5.0, 6.0, 18.0, 1.0, 4.0, 6.0, 5.0, 19.0, 9.0, 4.0, 18.0, 14.0, 10.0, 11.0, 20.0, 11.0, 5.0, 4.0, 9.0, 4.0, 15.0, 48.0, 6.0, 68.0, 12.0, 5.0, 53.0, 4.0, 1.0, 18.0, 25.0, 36.0, 10.0, 14.0, 49.0, 5.0, 41.0, 9.0, 40.0, 6.0, 4.0, 1.0, 12.0, 38.0, 11.0, 30.0, 29.0, 26.0, 15.0, 13.0, 12.0, 2.0, 10.0, 5.0, 59.0, 26.0, 11.0, 18.0, 46.0, 38.0, 26.0, 13.0, 22.0, 5.0, 11.0, 4.0, 32.0, 22.0, 23.0, 53.0, 10.0, 12.0, 11.0, 24.0, 9.0, 13.0, 15.0, 4.0, 4.0, 12.0, 8.0, 2.0, 25.0, 7.0, 1.0, 11.0, 9.0, 6.0, 18.0, 13.0, 1.0, 16.0, 10.0, 5.0, 25.0, 18.0, 7.0, 23.0, 51.0, 9.0, 8.0, 8.0, 16.0, 16.0, 9.0, 20.0, 16.0, 1.0, 11.0, 10.0, 2.0, 12.0, 9.0, 38.0, 38.0, 12.0, 3.0, 25.0, 18.0, 9.0, 49.0, 42.0, 1.0, 29.0, 15.0, 19.0, 10.0, 2.0, 3.0, 5.0, 6.0, 53.0, 16.0, 1.0, 10.0, 5.0, 10.0, 34.0, 59.0, 22.0, 2.0, 1.0, 8.0, 7.0, 9.0, 36.0, 48.0, 7.0, 10.0, 17.0, 9.0, 71.0, 4.0, 7.0, 1.0, 10.0, 9.0, 67.0, 18.0, 23.0, 3.0, 10.0, 21.0, 21.0, 4.0, 20.0, 1.0, 21.0, 12.0, 55.0, 23.0, 13.0, 1.0, 13.0, 48.0, 9.0, 11.0, 22.0, 38.0, 10.0, 13.0, 28.0, 46.0, 18.0, 9.0, 57.0, 46.0, 5.0, 82.0, 9.0, 9.0, 4.0, 17.0, 12.0, 15.0, 57.0, 12.0, 26.0, 12.0, 4.0, 2.0, 7.0, 2.0, 8.0, 19.0, 42.0, 4.0, 3.0, 14.0, 20.0, 11.0, 10.0, 6.0, 1.0, 1.0, 1.0, 18.0, 1.0, 14.0, 1.0, 32.0, 14.0, 11.0, 12.0, 64.0, 11.0, 1.0, 32.0, 9.0, 16.0, 9.0, 23.0, 8.0, 13.0, 34.0, 16.0, 7.0, 24.0, 35.0, 9.0, 10.0, 9.0, 13.0, 11.0, 12.0, 5.0, 15.0, 23.0, 17.0, 11.0, 14.0, 10.0, 26.0, 13.0, 9.0, 1.0, 34.0, 9.0, 18.0, 8.0, 25.0, 11.0, 21.0, 2.0, 11.0, 6.0, 18.0, 4.0, 50.0, 1.0, 11.0, 28.0, 34.0, 9.0, 2.0, 31.0, 17.0, 22.0, 33.0, 28.0, 3.0, 2.0, 13.0, 21.0, 23.0, 16.0, 7.0, 11.0, 13.0, 4.0, 13.0, 1.0, 22.0, 36.0, 15.0, 7.0, 6.0, 26.0, 56.0, 5.0, 10.0, 8.0, 6.0, 8.0, 3.0, 8.0, 3.0, 2.0, 19.0, 1.0, 1.0, 30.0, 8.0, 13.0, 34.0, 6.0, 6.0, 47.0, 33.0, 22.0, 40.0, 27.0, 14.0, 1.0, 10.0, 15.0, 9.0, 62.0, 67.0, 4.0, 1.0, 4.0, 16.0] 

SGT times
 [18.0, 1.0, 1.0, 15.0, 1.0, 1.0, 7.0, 16.0, 6.0, 22.0, 4.0, 3.0, 10.0, 8.0, 1.0, 9.0, 1.0, 16.0, 18.0, 1.0, 10.0, 1.0, 1.0, 3.0, 25.0, 37.0, 10.0, 26.0, 7.0, 46.0, 8.0, 8.0, 92.0, 1.0, 17.0, 17.0, 44.0, 8.0, 1.0, 17.0, 12.0, 3.0, 11.0, 4.0, 15.0, 41.0, 18.0, 30.0, 2.0, 13.0, 19.0, 1.0, 46.0, 15.0, 15.0, 20.0, 1.0, 4.0, 35.0, 4.0, 12.0, 11.0, 7.0, 11.0, 18.0, 19.0, 3.0, 16.0, 15.0, 1.0, 1.0, 8.0, 7.0, 15.0, 31.0, 4.0, 19.0, 8.0, 6.0, 19.0, 16.0, 1.0, 22.0, 4.0, 2.0, 8.0, 5.0, 22.0, 6.0, 27.0, 1.0, 14.0, 8.0, 8.0, 8.0, 7.0, 2.0, 1.0, 5.0, 8.0, 8.0, 1.0, 7.0, 22.0, 11.0, 1.0, 1.0, 28.0, 1.0, 4.0, 23.0, 1.0, 14.0, 9.0, 27.0, 11.0, 5.0, 15.0, 22.0, 8.0, 4.0, 31.0, 3.0, 6.0, 3.0, 2.0, 16.0, 26.0, 19.0, 1.0, 18.0, 6.0, 8.0, 4.0, 1.0, 18.0, 1.0, 13.0, 37.0, 1.0, 18.0, 11.0, 1.0, 11.0, 7.0, 55.0, 8.0, 1.0, 1.0, 2.0, 37.0, 21.0, 14.0, 8.0, 22.0, 12.0, 1.0, 1.0, 14.0, 1.0, 34.0, 6.0, 3.0, 7.0, 1.0, 11.0, 1.0, 30.0, 2.0, 8.0, 20.0, 1.0, 5.0, 7.0, 1.0, 7.0, 13.0, 1.0, 7.0, 118.0, 3.0, 1.0, 10.0, 1.0, 5.0, 27.0, 1.0, 2.0, 32.0, 3.0, 9.0, 16.0, 11.0, 10.0, 19.0, 7.0, 8.0, 7.0, 11.0, 12.0, 8.0, 7.0, 9.0, 3.0, 1.0, 1.0, 1.0, 12.0, 7.0, 14.0, 16.0, 7.0, 21.0, 5.0, 14.0, 1.0, 14.0, 3.0, 12.0, 1.0, 14.0, 1.0, 1.0, 1.0, 1.0, 1.0, 1.0, 17.0, 4.0, 10.0, 2.0, 1.0, 7.0, 4.0, 1.0, 16.0, 1.0, 10.0, 11.0, 11.0, 18.0, 21.0, 1.0, 19.0, 11.0, 12.0, 14.0, 4.0, 12.0, 8.0, 7.0, 4.0, 5.0, 1.0, 2.0, 1.0, 8.0, 1.0, 19.0, 19.0, 18.0, 20.0, 11.0, 11.0, 1.0, 10.0, 1.0, 38.0, 19.0, 28.0, 1.0, 3.0, 11.0, 14.0, 19.0, 7.0, 6.0, 6.0, 28.0, 32.0, 7.0, 26.0, 6.0, 11.0, 11.0, 8.0, 1.0, 1.0, 13.0, 1.0, 4.0, 11.0, 17.0, 1.0, 7.0, 6.0, 2.0, 9.0, 3.0, 5.0, 11.0, 1.0, 13.0, 18.0, 4.0, 1.0, 4.0, 1.0, 29.0, 24.0, 5.0, 3.0, 13.0, 10.0, 3.0, 2.0, 1.0, 1.0, 5.0, 1.0, 1.0, 7.0, 12.0, 13.0, 6.0, 10.0, 9.0, 26.0, 2.0, 36.0, 22.0, 44.0, 1.0, 5.0, 7.0, 9.0, 1.0, 1.0, 15.0, 8.0, 1.0, 2.0, 4.0, 1.0, 1.0, 2.0, 37.0, 42.0, 7.0, 1.0, 4.0, 6.0, 1.0, 1.0, 31.0, 48.0, 16.0, 7.0, 7.0, 1.0, 12.0, 8.0, 35.0, 18.0, 14.0, 1.0, 30.0, 1.0, 9.0, 26.0, 7.0, 1.0, 6.0, 1.0, 56.0, 2.0, 2.0, 7.0, 5.0, 15.0, 45.0, 1.0, 48.0, 29.0, 8.0, 13.0, 12.0, 19.0, 23.0, 6.0, 1.0, 11.0, 14.0, 19.0, 7.0, 13.0, 17.0, 7.0, 7.0, 4.0, 4.0, 2.0, 1.0, 14.0, 42.0, 2.0, 20.0, 6.0, 9.0, 1.0, 14.0, 12.0, 12.0, 5.0, 24.0, 9.0, 8.0, 8.0, 26.0, 9.0, 9.0, 9.0, 2.0, 34.0, 7.0, 44.0, 2.0, 46.0, 9.0, 6.0, 8.0, 11.0, 7.0, 7.0, 1.0, 16.0, 14.0, 7.0, 1.0, 9.0, 17.0, 19.0, 30.0, 17.0, 11.0, 14.0, 9.0, 8.0, 17.0, 1.0, 1.0, 1.0, 1.0, 1.0, 3.0, 1.0, 72.0, 19.0, 8.0, 8.0, 7.0, 8.0, 11.0, 30.0, 15.0, 16.0, 5.0, 13.0, 12.0, 3.0, 3.0, 16.0, 18.0, 1.0, 10.0, 1.0, 23.0, 5.0, 11.0, 4.0, 58.0, 3.0, 1.0, 9.0, 7.0, 4.0, 2.0, 1.0, 49.0, 7.0, 1.0, 6.0, 18.0, 1.0, 34.0, 1.0, 1.0, 9.0, 12.0, 11.0, 43.0, 21.0, 16.0, 7.0, 1.0, 5.0, 3.0, 6.0, 20.0, 1.0, 4.0, 6.0, 2.0, 3.0, 8.0, 6.0, 1.0, 1.0, 7.0, 28.0, 17.0, 11.0, 17.0, 29.0, 41.0, 12.0, 12.0, 16.0, 5.0, 7.0, 2.0, 1.0, 1.0, 9.0, 1.0, 11.0, 1.0, 1.0, 10.0, 27.0, 8.0, 8.0, 4.0, 1.0, 15.0, 8.0, 4.0, 11.0, 12.0, 7.0, 12.0, 13.0, 40.0, 19.0, 7.0, 1.0, 1.0, 6.0, 17.0, 17.0, 1.0, 5.0, 6.0, 7.0, 4.0, 1.0, 3.0, 11.0, 6.0, 9.0, 18.0, 8.0, 1.0, 44.0, 11.0, 26.0, 5.0, 14.0, 1.0, 7.0, 20.0, 1.0, 54.0, 11.0, 12.0, 1.0, 22.0, 25.0, 14.0, 3.0, 14.0, 14.0, 21.0, 1.0, 13.0, 7.0, 15.0, 1.0, 5.0, 28.0, 15.0, 1.0, 23.0, 26.0, 10.0, 33.0, 1.0, 12.0, 7.0, 31.0, 8.0, 31.0, 5.0, 11.0, 29.0, 2.0, 23.0, 47.0, 9.0, 19.0, 17.0, 3.0, 3.0, 11.0, 2.0, 3.0, 1.0, 2.0, 14.0, 5.0, 2.0, 21.0, 29.0, 8.0, 1.0, 7.0, 1.0, 9.0, 7.0, 1.0, 7.0, 7.0, 11.0, 16.0]
