avgTJ:  13.044802867383513
stdDvTJ:  12.126563744879675
avgTJ without 0:  13.858162779628747
stdDvTJ without 0:  12.039553497098039
maxTJ:  20.52
minTJ:  8.481481481481481

avgTT:  33.12809187279152
stdDvTT:  42.16793393732733
avgTT without 0:  33.12809187279152
stdDvTT without 0:  42.16793393732733
maxTT:  78.375
minTT:  15.941176470588236

avgTotT:  27.7121502491376
stdDvTotT:  37.095015543422655
avgTotT without 0:  28.725069527214938
stdDvTotT without 0:  37.37967717142762
maxTotT:  41.96774193548387
minTotT:  17.125

avgMGT:  13.044802867383513
stdDvMGT:  12.126563744879675
avgMGT without 0:  13.858162779628747
stdDvMGT without 0:  12.039553497098039
maxMGT:  20.52
minMGT:  8.481481481481481

avgSGT:  33.12809187279152
stdDvSGT:  42.16793393732733
avgSGT without 0:  33.12809187279152
stdDvSGT without 0:  42.16793393732733
maxSGT:  78.375
minSGT:  15.941176470588236

free lanes %:  43.11713191023536 %, number of free traverse:  3151 num of traverse 7308
number of times in traffic %:  15.558292282430214 %, numero di volte nel traffico:  1137 num of traverse 7308
not free passage %:  57.15654077723043 %, number of not free passage:  4177 num of traverse 7308
junction times  [7.0, 9.0, 7.0, 2.0, 29.0, 17.0, 20.0, 23.0, 8.0, 6.0, 20.0, 24.0, 22.0, 11.0, 15.0, 4.0, 4.0, 31.0, 10.0, 3.0, 9.0, 10.0, 1.0, 21.0, 13.0, 39.0, 3.0, 5.0, 18.0, 7.0, 9.0, 42.0, 19.0, 7.0, 5.0, 11.0, 1.0, 20.0, 3.0, 21.0, 10.0, 9.0, 23.0, 9.0, 13.0, 9.0, 31.0, 4.0, 8.0, 8.0, 13.0, 1.0, 24.0, 31.0, 7.0, 12.0, 42.0, 18.0, 9.0, 21.0, 9.0, 12.0, 13.0, 10.0, 19.0, 6.0, 9.0, 21.0, 2.0, 5.0, 8.0, 8.0, 11.0, 5.0, 6.0, 2.0, 13.0, 9.0, 12.0, 4.0, 12.0, 8.0, 11.0, 21.0, 5.0, 3.0, 19.0, 8.0, 39.0, 12.0, 18.0, 18.0, 8.0, 20.0, 30.0, 10.0, 7.0, 14.0, 20.0, 10.0, 9.0, 7.0, 24.0, 22.0, 13.0, 27.0, 26.0, 10.0, 5.0, 6.0, 6.0, 8.0, 1.0, 4.0, 9.0, 13.0, 10.0, 3.0, 11.0, 1.0, 8.0, 3.0, 4.0, 20.0, 4.0, 1.0, 3.0, 21.0, 3.0, 14.0, 7.0, 29.0, 5.0, 1.0, 30.0, 7.0, 7.0, 16.0, 8.0, 9.0, 31.0, 6.0, 10.0, 17.0, 58.0, 5.0, 21.0, 9.0, 22.0, 5.0, 31.0, 3.0, 43.0, 5.0, 7.0, 39.0, 4.0, 5.0, 11.0, 13.0, 29.0, 28.0, 11.0, 4.0, 21.0, 8.0, 8.0, 3.0, 15.0, 1.0, 22.0, 6.0, 37.0, 7.0, 40.0, 13.0, 4.0, 14.0, 27.0, 13.0, 8.0, 8.0, 12.0, 6.0, 30.0, 9.0, 62.0, 10.0, 6.0, 18.0, 9.0, 7.0, 1.0, 12.0, 5.0, 4.0, 33.0, 26.0, 15.0, 10.0, 6.0, 11.0, 1.0, 4.0, 25.0, 8.0, 13.0, 28.0, 30.0, 4.0, 20.0, 15.0, 19.0, 15.0, 17.0, 10.0, 8.0, 12.0, 4.0, 41.0, 8.0, 25.0, 7.0, 4.0, 45.0, 6.0, 3.0, 2.0, 1.0, 5.0, 7.0, 9.0, 11.0, 5.0, 7.0, 1.0, 3.0, 15.0, 44.0, 39.0, 5.0, 16.0, 13.0, 40.0, 54.0, 8.0, 3.0, 3.0, 8.0, 18.0, 19.0, 32.0, 9.0, 23.0, 9.0, 2.0, 10.0, 22.0, 29.0, 7.0, 10.0, 1.0, 20.0, 13.0, 10.0, 1.0, 27.0, 29.0, 26.0, 3.0, 9.0, 28.0, 10.0, 20.0, 10.0, 54.0, 35.0, 11.0, 3.0, 29.0, 18.0, 11.0, 16.0, 10.0, 3.0, 29.0, 2.0, 51.0, 14.0, 29.0, 8.0, 1.0, 10.0, 4.0, 7.0, 7.0, 1.0, 8.0, 10.0, 14.0, 29.0, 2.0, 16.0, 9.0, 13.0, 41.0, 2.0, 9.0, 8.0, 6.0, 15.0, 13.0, 18.0, 21.0, 9.0, 33.0, 43.0, 1.0, 17.0, 9.0, 12.0, 8.0, 7.0, 40.0, 10.0, 8.0, 29.0, 2.0, 9.0, 4.0, 11.0, 18.0, 16.0, 9.0, 83.0, 43.0, 44.0, 10.0, 10.0, 9.0, 9.0, 9.0, 5.0, 9.0, 28.0, 22.0, 1.0, 3.0, 28.0, 23.0, 53.0, 2.0, 4.0, 8.0, 1.0, 22.0, 9.0, 2.0, 13.0, 4.0, 3.0, 10.0, 15.0, 9.0, 10.0, 1.0, 40.0, 7.0, 6.0, 66.0, 10.0, 11.0, 4.0, 13.0, 20.0, 7.0, 10.0, 8.0, 8.0, 16.0, 4.0, 13.0, 4.0, 9.0, 19.0, 23.0, 9.0, 12.0, 21.0, 27.0, 11.0, 8.0, 10.0, 9.0, 11.0, 13.0, 19.0, 18.0, 40.0, 13.0, 16.0, 9.0, 8.0, 3.0, 9.0, 3.0, 25.0, 7.0, 27.0, 7.0, 10.0, 25.0, 11.0, 14.0, 3.0, 8.0, 13.0, 1.0, 2.0, 10.0, 2.0, 28.0, 10.0, 21.0, 19.0, 42.0, 3.0, 1.0, 25.0, 20.0, 5.0, 1.0, 11.0, 18.0, 2.0, 20.0, 29.0, 19.0, 12.0, 21.0, 1.0, 49.0, 35.0, 8.0, 8.0, 30.0, 12.0, 6.0, 22.0, 3.0, 25.0, 13.0, 3.0, 11.0, 13.0, 17.0, 22.0, 10.0, 2.0, 7.0, 29.0, 12.0, 23.0, 23.0, 28.0, 20.0, 61.0, 2.0, 10.0, 2.0, 37.0, 22.0, 1.0, 4.0, 21.0, 37.0, 12.0, 7.0, 10.0, 9.0, 21.0, 5.0, 2.0, 34.0, 3.0, 11.0, 18.0, 1.0, 1.0, 22.0, 8.0, 3.0, 7.0, 10.0, 1.0, 2.0, 14.0, 14.0, 4.0, 10.0, 20.0, 5.0, 11.0, 20.0, 11.0, 9.0, 2.0, 11.0, 10.0, 43.0, 8.0, 41.0, 25.0, 9.0, 11.0, 36.0, 17.0, 15.0, 11.0, 29.0, 11.0, 10.0, 43.0, 10.0, 6.0, 10.0, 14.0, 1.0, 2.0, 1.0, 19.0, 6.0, 12.0, 3.0, 20.0, 1.0, 5.0, 20.0, 24.0, 6.0, 4.0, 2.0, 15.0, 10.0, 45.0, 2.0, 32.0, 9.0, 14.0, 29.0, 12.0, 10.0, 12.0, 23.0, 18.0, 3.0, 4.0, 5.0, 30.0, 3.0, 7.0, 47.0, 18.0, 11.0, 4.0, 47.0, 5.0, 39.0, 25.0, 27.0, 16.0, 12.0, 11.0, 5.0, 61.0, 38.0, 21.0, 5.0, 3.0, 23.0, 9.0, 1.0, 6.0, 1.0, 9.0, 8.0, 24.0, 11.0, 5.0, 8.0, 13.0, 25.0, 28.0, 10.0, 3.0, 4.0, 1.0, 32.0, 43.0, 9.0, 3.0, 41.0, 10.0, 3.0, 7.0, 5.0, 8.0, 21.0, 3.0, 27.0, 23.0, 48.0, 9.0, 11.0, 9.0, 2.0, 10.0, 3.0, 5.0, 3.0, 7.0, 28.0, 2.0, 35.0, 10.0, 5.0, 5.0, 7.0, 13.0, 11.0, 2.0, 11.0, 8.0, 6.0, 10.0, 31.0, 4.0, 8.0, 1.0, 57.0, 5.0, 3.0, 33.0, 16.0, 9.0, 36.0, 12.0, 5.0, 19.0, 26.0, 13.0, 7.0, 7.0, 8.0, 22.0, 10.0, 12.0, 2.0, 47.0, 9.0, 27.0, 20.0, 3.0, 49.0, 12.0, 9.0, 14.0, 31.0, 12.0, 2.0, 10.0, 6.0, 12.0, 20.0, 7.0, 42.0, 69.0, 1.0, 25.0, 6.0, 7.0, 20.0, 43.0, 17.0, 12.0, 31.0, 10.0, 1.0, 17.0, 4.0, 5.0, 10.0, 18.0, 21.0, 21.0, 9.0, 10.0, 11.0, 3.0, 8.0, 3.0, 10.0, 8.0, 11.0, 10.0, 11.0, 2.0, 27.0, 10.0, 23.0, 14.0, 7.0, 2.0, 42.0, 23.0, 5.0, 4.0, 9.0, 21.0, 30.0, 4.0, 14.0, 16.0, 3.0, 1.0, 22.0, 1.0, 10.0, 1.0, 9.0, 13.0, 1.0, 7.0, 15.0, 4.0, 6.0, 16.0, 9.0, 41.0, 5.0, 9.0, 11.0, 4.0, 7.0, 28.0, 23.0, 11.0, 17.0, 1.0, 10.0, 9.0, 10.0, 7.0, 16.0, 20.0, 2.0, 1.0, 85.0, 3.0, 8.0, 23.0, 1.0, 10.0, 3.0, 16.0, 3.0, 4.0, 22.0, 10.0, 7.0, 52.0, 9.0, 4.0, 20.0, 11.0, 10.0, 30.0, 11.0, 8.0, 3.0, 11.0, 11.0, 13.0, 9.0, 9.0, 11.0, 24.0, 5.0, 21.0, 11.0, 5.0, 17.0, 15.0, 8.0, 8.0, 11.0, 19.0, 9.0, 4.0, 16.0, 22.0, 19.0, 30.0, 4.0, 34.0, 2.0, 15.0, 1.0, 2.0, 24.0, 15.0, 20.0, 2.0, 9.0, 9.0, 8.0, 5.0, 1.0, 3.0, 1.0, 27.0, 12.0, 33.0, 8.0, 20.0, 12.0, 42.0, 2.0, 11.0, 5.0, 2.0, 2.0, 13.0, 29.0, 7.0, 27.0, 9.0, 40.0, 8.0, 3.0, 5.0, 9.0, 4.0, 8.0, 5.0, 8.0, 8.0, 5.0, 24.0, 31.0, 10.0, 10.0, 21.0, 34.0, 9.0, 8.0, 24.0, 6.0, 9.0, 2.0, 9.0, 9.0, 5.0, 1.0, 5.0, 2.0, 11.0, 5.0, 17.0, 6.0, 10.0, 10.0, 55.0, 5.0, 25.0, 20.0, 6.0, 9.0, 4.0, 2.0, 10.0, 9.0, 10.0, 10.0, 8.0, 3.0, 15.0, 12.0, 7.0, 10.0, 13.0, 13.0, 25.0, 25.0, 37.0, 3.0, 13.0, 55.0, 4.0, 20.0, 9.0, 9.0, 4.0, 9.0, 11.0, 9.0, 13.0, 44.0, 9.0, 4.0, 3.0, 9.0, 41.0, 4.0, 12.0, 8.0, 5.0, 67.0, 10.0, 2.0, 3.0, 8.0, 8.0, 1.0, 4.0, 4.0, 37.0, 5.0, 4.0, 10.0, 4.0, 19.0, 4.0, 18.0, 6.0, 4.0, 36.0, 14.0, 32.0, 39.0, 9.0, 10.0, 4.0, 4.0, 35.0, 10.0, 3.0, 10.0, 9.0, 12.0, 10.0, 9.0, 26.0, 10.0, 7.0, 42.0, 7.0, 9.0, 39.0, 7.0, 6.0, 29.0, 1.0, 31.0, 51.0, 2.0, 11.0, 4.0, 30.0, 8.0, 1.0, 3.0, 18.0, 25.0, 10.0, 20.0, 10.0, 34.0, 23.0, 7.0, 25.0, 4.0, 6.0, 9.0, 3.0, 11.0, 11.0, 7.0, 7.0, 10.0, 20.0, 11.0, 6.0, 21.0, 6.0, 10.0, 28.0, 6.0, 10.0, 46.0, 5.0, 9.0, 13.0, 1.0, 50.0, 2.0, 7.0, 21.0, 27.0, 10.0, 30.0, 19.0, 19.0, 42.0, 1.0, 10.0, 3.0, 19.0, 10.0, 9.0, 10.0, 67.0, 17.0, 51.0, 6.0, 31.0, 7.0, 23.0, 19.0, 10.0, 5.0, 2.0, 1.0, 65.0, 14.0, 16.0, 3.0, 2.0, 1.0, 9.0, 19.0, 9.0, 10.0, 13.0, 2.0, 9.0, 2.0, 32.0, 5.0, 5.0, 10.0, 2.0, 6.0, 4.0, 9.0, 9.0, 19.0, 17.0, 15.0, 18.0, 9.0, 8.0, 10.0, 13.0, 19.0, 6.0, 11.0, 70.0, 15.0, 14.0, 7.0, 17.0, 23.0, 33.0, 27.0, 9.0, 17.0, 29.0, 3.0, 21.0, 25.0, 8.0, 5.0, 5.0, 10.0, 6.0, 30.0, 1.0, 10.0, 14.0, 9.0, 6.0, 4.0, 15.0, 11.0, 3.0, 13.0, 45.0, 9.0, 31.0, 27.0, 33.0, 7.0, 11.0, 2.0, 7.0, 28.0, 9.0, 3.0, 22.0, 11.0, 24.0, 22.0, 3.0, 22.0, 12.0, 19.0, 6.0, 16.0, 3.0, 9.0, 10.0, 16.0, 35.0, 13.0, 8.0, 9.0, 15.0, 4.0, 8.0, 15.0, 18.0, 3.0, 30.0, 4.0, 6.0, 7.0, 7.0, 10.0, 10.0, 9.0, 1.0, 8.0, 11.0, 10.0, 9.0, 33.0, 4.0, 4.0, 10.0, 20.0, 6.0, 23.0, 4.0, 7.0, 13.0, 8.0, 25.0, 15.0, 48.0, 11.0, 9.0, 18.0, 3.0, 60.0, 10.0, 41.0, 29.0, 9.0, 19.0, 7.0, 6.0, 6.0, 6.0, 12.0, 3.0, 3.0, 17.0, 15.0, 44.0, 22.0, 21.0, 2.0, 13.0, 7.0, 37.0, 21.0, 5.0, 3.0, 33.0, 25.0, 12.0, 28.0, 21.0, 7.0, 18.0, 11.0, 3.0, 12.0, 45.0, 20.0, 1.0, 17.0, 8.0, 8.0, 2.0, 12.0, 21.0, 5.0, 27.0, 3.0, 8.0, 12.0, 3.0, 1.0, 34.0, 9.0, 24.0, 10.0, 8.0, 17.0, 19.0, 8.0, 7.0, 24.0, 70.0, 14.0, 7.0, 36.0, 34.0, 21.0, 10.0, 8.0, 4.0, 5.0, 27.0, 18.0, 10.0, 14.0, 25.0, 12.0, 7.0, 22.0, 10.0, 1.0, 11.0, 2.0, 5.0, 2.0, 12.0, 13.0, 11.0, 10.0, 10.0, 7.0, 8.0, 18.0, 3.0, 7.0, 11.0, 23.0, 10.0, 3.0, 8.0, 9.0, 17.0, 16.0, 13.0, 18.0, 20.0, 4.0, 9.0, 10.0, 31.0, 20.0, 11.0, 3.0, 7.0, 12.0, 12.0, 4.0, 20.0, 4.0, 6.0, 5.0, 3.0, 22.0, 9.0, 9.0, 11.0, 4.0, 62.0, 21.0, 8.0, 22.0, 18.0, 3.0, 17.0, 23.0, 4.0, 3.0, 8.0, 17.0, 23.0, 23.0, 13.0, 1.0, 17.0, 41.0, 7.0, 10.0, 1.0, 15.0, 11.0, 4.0, 58.0, 6.0, 7.0, 12.0, 11.0, 22.0, 2.0, 13.0, 1.0, 19.0, 5.0, 11.0, 9.0, 8.0, 8.0, 3.0, 31.0, 9.0, 3.0, 22.0, 1.0, 15.0, 9.0, 2.0, 21.0, 18.0, 2.0, 12.0, 13.0, 16.0, 19.0, 9.0, 4.0, 10.0, 30.0, 19.0, 9.0, 46.0, 8.0, 4.0, 9.0, 10.0, 5.0, 20.0, 2.0, 3.0, 25.0, 15.0, 20.0, 1.0, 9.0, 7.0, 24.0, 13.0, 21.0, 10.0, 8.0, 24.0, 18.0, 21.0, 1.0, 24.0, 21.0, 4.0, 41.0, 4.0, 14.0, 28.0, 33.0, 27.0, 2.0, 8.0, 10.0, 11.0, 29.0, 6.0, 10.0, 30.0, 10.0, 10.0, 13.0, 3.0, 10.0, 17.0, 5.0, 19.0, 7.0, 8.0, 9.0, 10.0, 20.0, 50.0, 12.0, 23.0, 22.0, 19.0, 4.0, 10.0, 28.0, 1.0, 9.0, 49.0, 10.0, 13.0, 10.0, 11.0, 9.0, 18.0, 23.0, 10.0, 10.0, 9.0, 11.0, 9.0, 3.0, 6.0, 10.0, 17.0, 14.0, 7.0, 11.0, 8.0, 42.0, 8.0, 14.0, 8.0, 10.0, 21.0, 2.0, 6.0, 4.0, 15.0, 8.0, 9.0, 16.0, 8.0, 5.0, 8.0, 23.0, 11.0, 16.0, 6.0, 30.0, 13.0, 58.0, 12.0, 11.0, 16.0, 10.0, 21.0, 7.0, 4.0, 9.0, 4.0, 32.0, 8.0, 2.0, 10.0, 18.0, 4.0, 21.0, 9.0, 3.0, 16.0, 7.0, 9.0, 5.0, 20.0, 4.0, 9.0, 28.0, 9.0, 42.0, 9.0, 5.0, 19.0, 11.0, 3.0, 8.0, 4.0, 10.0, 3.0, 14.0, 9.0, 24.0, 3.0, 1.0, 3.0, 1.0, 7.0, 11.0, 8.0, 13.0, 5.0, 4.0, 8.0, 3.0, 46.0, 8.0, 30.0, 17.0, 9.0, 8.0, 39.0, 23.0, 10.0, 12.0, 22.0, 5.0, 4.0, 22.0, 8.0, 12.0, 10.0, 18.0, 4.0, 29.0, 5.0, 10.0, 15.0, 2.0, 10.0, 7.0, 7.0, 15.0, 2.0, 26.0, 21.0, 12.0, 3.0, 11.0, 3.0, 8.0, 19.0, 8.0, 9.0, 5.0, 13.0, 1.0, 11.0, 26.0, 10.0, 10.0, 9.0, 11.0, 8.0, 21.0, 17.0, 11.0, 10.0, 27.0, 5.0, 1.0, 7.0, 5.0, 10.0, 19.0, 8.0, 52.0, 20.0, 19.0, 8.0, 2.0, 2.0, 11.0, 6.0, 1.0, 1.0, 3.0, 5.0, 12.0, 8.0, 8.0, 2.0, 9.0, 4.0, 10.0, 15.0, 7.0, 6.0, 3.0, 15.0, 2.0, 17.0, 4.0, 12.0, 10.0, 5.0, 9.0, 14.0, 7.0, 21.0, 5.0, 28.0, 18.0, 5.0, 4.0, 40.0, 11.0, 4.0, 15.0, 10.0, 10.0, 2.0, 29.0, 9.0, 9.0, 12.0, 39.0, 10.0, 24.0, 10.0, 9.0, 11.0, 6.0, 11.0, 4.0, 5.0, 13.0, 42.0, 28.0, 6.0, 14.0, 3.0, 8.0, 10.0, 1.0, 9.0, 28.0, 4.0, 13.0, 15.0, 5.0, 8.0, 32.0, 1.0, 3.0, 32.0, 15.0, 22.0, 9.0, 39.0, 5.0, 9.0, 13.0, 10.0, 10.0, 9.0, 9.0, 8.0, 6.0, 15.0, 35.0, 37.0, 11.0, 30.0, 11.0, 13.0, 17.0, 13.0, 32.0, 8.0, 24.0, 8.0, 9.0, 2.0, 18.0, 28.0, 33.0, 9.0, 5.0, 6.0, 8.0, 11.0, 30.0, 9.0, 9.0, 4.0, 3.0, 16.0, 33.0, 2.0, 10.0, 8.0, 19.0, 10.0, 6.0, 12.0, 19.0, 22.0, 15.0, 9.0, 12.0, 58.0, 11.0, 10.0, 9.0, 4.0, 5.0, 22.0, 9.0, 12.0, 59.0, 7.0, 6.0, 9.0, 3.0, 34.0, 19.0, 4.0, 8.0, 13.0, 1.0, 5.0, 20.0, 11.0, 2.0, 31.0, 41.0, 11.0, 22.0, 25.0, 21.0, 9.0, 6.0, 10.0, 3.0, 19.0, 4.0, 11.0, 9.0, 1.0, 5.0, 31.0, 10.0, 3.0, 3.0, 4.0, 28.0, 9.0, 6.0, 8.0, 4.0, 4.0, 33.0, 37.0, 4.0, 4.0, 17.0, 8.0, 25.0, 13.0, 8.0, 6.0, 20.0, 41.0, 5.0, 62.0, 18.0, 2.0, 37.0, 10.0, 31.0, 9.0, 38.0, 27.0, 42.0, 38.0, 8.0, 1.0, 11.0, 47.0, 5.0, 4.0, 34.0, 4.0, 3.0, 10.0, 13.0, 13.0, 8.0, 21.0, 33.0, 33.0, 10.0, 8.0, 6.0, 4.0, 14.0, 32.0, 22.0, 4.0, 4.0, 10.0, 17.0, 17.0, 19.0, 22.0, 5.0, 8.0, 14.0, 5.0, 4.0, 113.0, 1.0, 3.0, 10.0, 5.0, 39.0, 8.0, 22.0, 14.0, 12.0, 4.0, 13.0, 18.0, 6.0, 45.0, 11.0, 31.0, 24.0, 14.0, 21.0, 22.0, 6.0, 6.0, 42.0, 12.0, 25.0, 3.0, 15.0, 15.0, 5.0, 8.0, 13.0, 11.0, 8.0, 37.0, 3.0, 5.0, 23.0, 1.0, 29.0, 5.0, 9.0, 3.0, 9.0, 25.0, 1.0, 26.0, 1.0, 11.0, 56.0, 28.0, 3.0, 19.0, 7.0, 5.0, 4.0, 5.0, 23.0, 2.0, 24.0, 10.0, 34.0, 3.0, 4.0, 26.0, 7.0, 12.0, 23.0, 25.0, 12.0, 10.0, 3.0, 8.0, 34.0, 4.0, 27.0, 10.0, 10.0, 24.0, 8.0, 10.0, 12.0, 14.0, 3.0, 12.0, 4.0, 31.0, 21.0, 6.0, 9.0, 10.0, 15.0, 54.0, 10.0, 5.0, 31.0, 12.0, 25.0, 5.0, 19.0, 10.0, 4.0, 17.0, 13.0, 7.0, 22.0, 6.0, 9.0, 21.0, 10.0, 7.0, 4.0, 7.0, 16.0, 1.0, 17.0, 3.0, 13.0, 39.0, 9.0, 51.0, 1.0, 10.0, 31.0, 2.0, 14.0, 42.0, 4.0, 3.0, 8.0, 11.0, 19.0, 14.0, 13.0, 18.0, 7.0, 13.0, 3.0, 24.0, 4.0, 4.0, 10.0, 14.0, 3.0, 4.0, 16.0, 33.0, 30.0, 3.0, 24.0, 9.0, 14.0, 9.0, 8.0, 8.0, 4.0, 28.0, 9.0, 19.0, 10.0, 4.0, 22.0, 9.0, 20.0, 11.0, 14.0, 41.0, 2.0, 9.0, 10.0, 11.0, 11.0, 3.0, 4.0, 9.0, 3.0, 9.0, 13.0, 32.0, 12.0, 8.0, 11.0, 19.0, 6.0, 2.0, 9.0, 8.0, 11.0, 3.0, 16.0, 31.0, 8.0, 9.0, 6.0, 20.0, 4.0, 29.0, 6.0, 15.0, 1.0, 10.0, 18.0, 11.0, 70.0, 33.0, 7.0, 9.0, 10.0, 2.0, 6.0, 7.0, 5.0, 23.0, 11.0, 45.0, 19.0, 10.0, 2.0, 11.0, 19.0, 4.0, 3.0, 8.0, 24.0, 36.0, 10.0, 11.0, 23.0, 1.0, 11.0, 12.0, 2.0, 2.0, 3.0, 6.0, 5.0, 14.0, 11.0, 4.0, 33.0, 15.0, 3.0, 8.0, 7.0, 39.0, 12.0, 1.0, 7.0, 29.0, 10.0, 11.0, 2.0, 10.0, 10.0, 20.0, 9.0, 22.0, 51.0, 9.0, 20.0, 16.0, 7.0, 2.0, 19.0, 6.0, 2.0, 17.0, 5.0, 20.0, 6.0, 21.0, 10.0, 12.0, 9.0, 1.0, 7.0, 8.0, 10.0, 2.0, 17.0, 21.0, 2.0, 3.0] 

traffic times  [9.0, 36.0, 5.0, 54.0, 71.0, 6.0, 13.0, 66.0, 64.0, 1.0, 16.0, 64.0, 6.0, 25.0, 1.0, 32.0, 11.0, 18.0, 8.0, 117.0, 41.0, 1.0, 27.0, 17.0, 30.0, 21.0, 9.0, 146.0, 38.0, 266.0, 10.0, 10.0, 4.0, 4.0, 1.0, 7.0, 112.0, 24.0, 28.0, 23.0, 6.0, 61.0, 67.0, 16.0, 7.0, 1.0, 9.0, 64.0, 8.0, 15.0, 12.0, 28.0, 19.0, 121.0, 4.0, 2.0, 68.0, 12.0, 50.0, 92.0, 55.0, 34.0, 1.0, 1.0, 7.0, 39.0, 16.0, 9.0, 6.0, 90.0, 39.0, 72.0, 72.0, 146.0, 51.0, 1.0, 1.0, 1.0, 26.0, 42.0, 57.0, 1.0, 65.0, 51.0, 45.0, 8.0, 16.0, 58.0, 40.0, 12.0, 53.0, 17.0, 19.0, 3.0, 108.0, 1.0, 134.0, 1.0, 41.0, 13.0, 1.0, 6.0, 31.0, 22.0, 40.0, 1.0, 116.0, 101.0, 8.0, 67.0, 8.0, 15.0, 1.0, 74.0, 25.0, 11.0, 73.0, 34.0, 64.0, 29.0, 32.0, 20.0, 131.0, 8.0, 24.0, 1.0, 13.0, 10.0, 40.0, 8.0, 9.0, 35.0, 78.0, 35.0, 42.0, 238.0, 7.0, 2.0, 12.0, 32.0, 1.0, 1.0, 8.0, 35.0, 31.0, 13.0, 38.0, 6.0, 182.0, 1.0, 21.0, 50.0, 91.0, 10.0, 1.0, 42.0, 44.0, 37.0, 3.0, 11.0, 45.0, 298.0, 32.0, 7.0, 42.0, 1.0, 24.0, 20.0, 46.0, 13.0, 18.0, 6.0, 114.0, 8.0, 79.0, 3.0, 19.0, 23.0, 82.0, 23.0, 44.0, 10.0, 22.0, 17.0, 4.0, 146.0, 117.0, 31.0, 218.0, 76.0, 20.0, 44.0, 45.0, 15.0, 10.0, 44.0, 19.0, 49.0, 119.0, 21.0, 1.0, 8.0, 33.0, 12.0, 48.0, 1.0, 11.0, 3.0, 1.0, 37.0, 11.0, 168.0, 21.0, 4.0, 11.0, 26.0, 26.0, 70.0, 3.0, 65.0, 41.0, 46.0, 20.0, 40.0, 117.0, 35.0, 11.0, 14.0, 43.0, 71.0, 1.0, 27.0, 28.0, 59.0, 6.0, 1.0, 20.0, 56.0, 10.0, 6.0, 1.0, 13.0, 44.0, 8.0, 8.0, 20.0, 1.0, 10.0, 53.0, 15.0, 42.0, 28.0, 101.0, 106.0, 70.0, 55.0, 28.0, 223.0, 36.0, 8.0, 3.0, 6.0, 61.0, 7.0, 36.0, 22.0, 5.0, 8.0, 10.0, 23.0, 10.0, 6.0, 2.0, 35.0, 5.0, 2.0, 17.0, 30.0, 32.0, 1.0, 35.0, 9.0, 11.0, 143.0, 1.0, 42.0, 84.0, 47.0, 17.0, 35.0, 1.0, 64.0, 2.0, 6.0, 12.0, 8.0, 1.0, 1.0, 147.0, 26.0, 6.0, 17.0, 109.0, 12.0, 6.0, 3.0, 6.0, 1.0, 45.0, 32.0, 254.0, 2.0, 9.0, 7.0, 9.0, 95.0, 2.0, 11.0, 206.0, 13.0, 54.0, 1.0, 26.0, 9.0, 4.0, 130.0, 332.0, 1.0, 25.0, 40.0, 32.0, 22.0, 87.0, 20.0, 170.0, 15.0, 33.0, 117.0, 7.0, 32.0, 10.0, 4.0, 16.0, 24.0, 12.0, 52.0, 40.0, 7.0, 14.0, 1.0, 204.0, 2.0, 104.0, 1.0, 82.0, 1.0, 5.0, 4.0, 6.0, 29.0, 6.0, 1.0, 7.0, 96.0, 41.0, 65.0, 29.0, 1.0, 7.0, 30.0, 166.0, 16.0, 14.0, 33.0, 28.0, 2.0, 43.0, 1.0, 25.0, 30.0, 2.0, 8.0, 1.0, 24.0, 138.0, 95.0, 23.0, 24.0, 69.0, 13.0, 13.0, 70.0, 59.0, 45.0, 10.0, 197.0, 10.0, 56.0, 1.0, 5.0, 1.0, 127.0, 61.0, 84.0, 11.0, 70.0, 3.0, 100.0, 1.0, 1.0, 10.0, 84.0, 13.0, 14.0, 18.0, 1.0, 12.0, 62.0, 8.0, 36.0, 4.0, 13.0, 8.0, 1.0, 3.0, 75.0, 17.0, 23.0, 35.0, 1.0, 26.0, 46.0, 27.0, 1.0, 2.0, 68.0, 145.0, 11.0, 2.0, 1.0, 1.0, 11.0, 90.0, 9.0, 102.0, 3.0, 1.0, 12.0, 13.0, 8.0, 27.0, 80.0, 9.0, 1.0, 1.0, 76.0, 27.0, 64.0, 29.0, 14.0, 6.0, 67.0, 78.0, 1.0, 30.0, 1.0, 17.0, 10.0, 40.0, 148.0, 4.0, 1.0, 77.0, 16.0, 21.0, 98.0, 1.0, 3.0, 39.0, 4.0, 35.0, 103.0, 1.0, 24.0, 64.0, 26.0, 20.0, 1.0, 9.0, 27.0, 177.0, 12.0, 23.0, 1.0, 78.0, 7.0, 14.0, 18.0, 18.0, 11.0, 107.0, 8.0, 15.0, 33.0, 11.0, 32.0, 86.0, 30.0, 34.0, 14.0, 15.0, 21.0, 97.0, 20.0, 12.0, 20.0, 69.0, 25.0, 46.0, 16.0, 15.0, 23.0, 54.0, 19.0, 41.0, 13.0, 109.0, 13.0, 13.0, 267.0, 1.0, 10.0, 9.0, 89.0, 1.0, 114.0, 22.0, 10.0, 8.0, 18.0, 11.0, 103.0, 62.0, 43.0, 64.0, 10.0, 1.0, 70.0, 50.0, 87.0, 1.0, 11.0, 68.0, 1.0, 26.0, 60.0, 6.0, 26.0, 24.0, 8.0, 132.0, 12.0, 31.0, 135.0, 1.0, 4.0, 125.0, 12.0, 60.0, 56.0, 12.0, 66.0, 18.0, 48.0, 1.0, 25.0, 40.0, 1.0, 1.0, 1.0, 35.0, 1.0, 44.0, 43.0, 12.0, 89.0, 72.0, 23.0, 14.0, 12.0, 40.0, 8.0, 1.0, 27.0, 39.0, 73.0, 37.0, 27.0, 21.0, 94.0, 9.0, 2.0, 107.0, 137.0, 13.0, 23.0, 35.0, 9.0, 6.0, 23.0, 1.0, 9.0, 39.0, 46.0, 11.0, 11.0, 8.0, 5.0, 1.0, 14.0, 32.0, 13.0, 76.0, 19.0, 5.0, 8.0, 1.0, 15.0, 10.0, 16.0, 51.0, 1.0, 116.0, 4.0, 14.0, 64.0, 17.0, 223.0, 55.0, 37.0, 41.0, 67.0, 12.0, 159.0, 11.0, 16.0, 90.0, 65.0, 84.0, 21.0, 49.0, 2.0, 2.0, 17.0, 55.0, 1.0, 40.0, 5.0, 4.0, 28.0, 23.0, 107.0, 19.0, 5.0, 2.0, 141.0, 9.0, 1.0, 17.0, 13.0, 23.0, 87.0, 13.0, 94.0, 9.0, 106.0, 28.0, 30.0, 7.0, 233.0, 4.0, 2.0, 22.0, 1.0, 13.0, 23.0, 72.0, 1.0, 1.0, 18.0, 1.0, 60.0, 5.0, 1.0, 13.0, 13.0, 13.0, 12.0, 11.0, 7.0, 10.0, 4.0, 54.0, 7.0, 1.0, 64.0, 10.0, 26.0, 12.0, 13.0, 3.0, 1.0, 45.0, 5.0, 30.0, 6.0, 7.0, 12.0, 65.0, 86.0, 11.0, 16.0, 17.0, 43.0, 13.0, 4.0, 51.0, 18.0, 125.0, 40.0, 1.0, 21.0, 12.0, 25.0, 2.0, 35.0, 22.0, 36.0, 86.0, 10.0, 23.0, 7.0, 95.0, 1.0, 1.0, 11.0, 12.0, 33.0, 11.0, 2.0, 46.0, 14.0, 119.0, 19.0, 20.0, 44.0, 19.0, 27.0, 22.0, 4.0, 1.0, 117.0, 41.0, 13.0, 5.0, 74.0, 4.0, 20.0, 10.0, 12.0, 1.0, 45.0, 6.0, 2.0, 61.0, 24.0, 79.0, 52.0, 40.0, 10.0, 98.0, 17.0, 30.0, 30.0, 1.0, 44.0, 36.0, 130.0, 1.0, 3.0, 34.0, 20.0, 58.0, 11.0, 38.0, 48.0, 108.0, 1.0, 39.0, 1.0, 9.0, 2.0, 6.0, 91.0, 24.0, 80.0, 33.0, 78.0, 38.0, 25.0, 10.0, 7.0, 1.0, 23.0, 1.0, 16.0, 87.0, 3.0, 20.0, 9.0, 13.0, 16.0, 89.0, 3.0, 1.0, 27.0, 21.0, 164.0, 21.0, 115.0, 22.0, 7.0, 9.0, 58.0, 9.0, 15.0, 8.0, 10.0, 7.0, 12.0, 1.0, 16.0, 20.0, 1.0, 2.0, 46.0, 12.0, 37.0, 77.0, 66.0, 56.0, 1.0, 22.0, 6.0, 38.0, 7.0, 38.0, 1.0, 8.0, 7.0, 40.0, 42.0, 10.0, 10.0, 16.0, 43.0, 6.0, 73.0, 13.0, 1.0, 1.0, 25.0, 12.0, 1.0, 1.0, 14.0, 12.0, 12.0, 22.0, 65.0, 26.0, 6.0, 72.0, 1.0, 62.0, 82.0, 10.0, 7.0, 16.0, 34.0, 34.0, 5.0, 4.0, 22.0, 49.0, 56.0, 38.0, 10.0, 21.0, 4.0, 12.0, 33.0, 34.0, 16.0, 97.0, 109.0, 27.0, 35.0, 1.0, 1.0, 6.0, 7.0, 6.0, 1.0, 30.0, 23.0, 16.0, 33.0, 42.0, 14.0, 48.0, 60.0, 6.0, 1.0, 27.0, 27.0, 9.0, 1.0, 3.0, 4.0, 46.0, 5.0, 113.0, 11.0, 14.0, 31.0, 42.0, 28.0, 146.0, 14.0, 2.0, 22.0, 2.0, 11.0, 23.0, 11.0, 39.0, 1.0, 45.0, 7.0, 130.0, 19.0, 30.0, 74.0, 36.0, 68.0, 22.0, 6.0, 98.0, 6.0, 1.0, 16.0, 1.0, 67.0, 114.0, 7.0, 17.0, 47.0, 26.0, 1.0, 4.0, 84.0, 23.0, 2.0, 1.0, 37.0, 49.0, 10.0, 4.0, 1.0, 209.0, 5.0, 12.0, 36.0, 4.0, 25.0, 69.0, 79.0, 10.0, 1.0, 31.0, 1.0, 30.0, 91.0, 31.0, 9.0, 57.0, 41.0, 1.0, 28.0, 1.0, 6.0, 45.0, 34.0, 8.0, 74.0, 27.0, 12.0, 1.0, 5.0, 9.0, 13.0, 111.0, 17.0, 20.0, 52.0, 50.0, 21.0, 13.0, 12.0, 21.0, 1.0, 40.0, 11.0, 5.0, 7.0, 1.0, 26.0, 17.0, 10.0, 27.0, 4.0, 6.0, 178.0, 47.0, 3.0, 161.0, 76.0, 10.0, 15.0, 23.0, 14.0, 9.0, 1.0, 21.0, 57.0, 6.0, 49.0, 2.0, 74.0, 1.0, 21.0, 13.0, 45.0, 20.0, 9.0, 31.0, 14.0, 9.0, 3.0, 26.0, 4.0, 8.0, 113.0, 54.0, 33.0, 4.0, 8.0, 10.0, 1.0, 4.0, 71.0, 19.0, 26.0, 3.0, 31.0, 14.0, 22.0, 54.0, 6.0, 13.0, 14.0, 83.0, 39.0, 12.0, 23.0, 10.0, 77.0, 1.0, 63.0, 14.0, 2.0, 1.0, 21.0, 51.0, 30.0, 12.0, 1.0, 2.0, 1.0, 71.0, 59.0, 3.0, 1.0, 108.0, 11.0, 1.0, 1.0, 354.0, 7.0, 33.0, 4.0, 9.0, 12.0, 1.0, 4.0, 20.0, 3.0, 21.0, 89.0, 6.0, 34.0, 10.0, 12.0, 37.0, 11.0, 22.0, 32.0, 42.0, 6.0, 68.0, 8.0] 

total times  [7.0, 26.0, 7.0, 38.0, 34.0, 17.0, 74.0, 23.0, 8.0, 6.0, 91.0, 38.0, 43.0, 11.0, 67.0, 15.0, 4.0, 4.0, 31.0, 10.0, 3.0, 65.0, 9.0, 10.0, 11.0, 21.0, 37.0, 110.0, 9.0, 36.0, 4.0, 59.0, 11.0, 7.0, 36.0, 11.0, 42.0, 136.0, 7.0, 31.0, 60.0, 1.0, 54.0, 3.0, 21.0, 10.0, 9.0, 20.0, 23.0, 33.0, 9.0, 13.0, 9.0, 31.0, 21.0, 9.0, 4.0, 8.0, 8.0, 169.0, 1.0, 70.0, 270.0, 31.0, 17.0, 14.0, 12.0, 42.0, 18.0, 9.0, 25.0, 9.0, 12.0, 8.0, 13.0, 11.0, 9.0, 113.0, 43.0, 34.0, 9.0, 23.0, 6.0, 21.0, 2.0, 5.0, 8.0, 8.0, 82.0, 5.0, 68.0, 31.0, 9.0, 13.0, 19.0, 12.0, 13.0, 85.0, 8.0, 11.0, 21.0, 8.0, 17.0, 26.0, 3.0, 56.0, 8.0, 39.0, 23.0, 121.0, 12.0, 22.0, 18.0, 8.0, 20.0, 41.0, 86.0, 7.0, 14.0, 20.0, 10.0, 9.0, 7.0, 24.0, 16.0, 80.0, 13.0, 128.0, 26.0, 10.0, 5.0, 6.0, 55.0, 6.0, 8.0, 1.0, 4.0, 51.0, 13.0, 20.0, 1.0, 3.0, 11.0, 11.0, 49.0, 8.0, 19.0, 4.0, 35.0, 10.0, 1.0, 94.0, 3.0, 40.0, 101.0, 3.0, 14.0, 7.0, 29.0, 5.0, 1.0, 102.0, 7.0, 7.0, 171.0, 8.0, 9.0, 31.0, 6.0, 10.0, 17.0, 117.0, 5.0, 21.0, 19.0, 22.0, 5.0, 32.0, 3.0, 43.0, 5.0, 7.0, 40.0, 4.0, 28.0, 46.0, 5.0, 11.0, 13.0, 57.0, 29.0, 28.0, 11.0, 4.0, 21.0, 8.0, 8.0, 3.0, 24.0, 1.0, 94.0, 67.0, 91.0, 7.0, 10.0, 56.0, 13.0, 4.0, 81.0, 27.0, 13.0, 8.0, 41.0, 8.0, 33.0, 6.0, 30.0, 9.0, 115.0, 33.0, 21.0, 6.0, 3.0, 18.0, 9.0, 7.0, 1.0, 12.0, 5.0, 108.0, 4.0, 5.0, 167.0, 26.0, 15.0, 10.0, 6.0, 11.0, 1.0, 5.0, 45.0, 17.0, 25.0, 8.0, 13.0, 29.0, 46.0, 35.0, 26.0, 60.0, 15.0, 20.0, 15.0, 17.0, 10.0, 8.0, 137.0, 108.0, 4.0, 49.0, 70.0, 16.0, 17.0, 25.0, 7.0, 4.0, 46.0, 6.0, 3.0, 2.0, 84.0, 34.0, 5.0, 7.0, 9.0, 30.0, 5.0, 82.0, 41.0, 1.0, 3.0, 87.0, 80.0, 80.0, 5.0, 45.0, 13.0, 179.0, 54.0, 8.0, 3.0, 10.0, 3.0, 8.0, 50.0, 19.0, 33.0, 9.0, 23.0, 9.0, 2.0, 10.0, 22.0, 51.0, 7.0, 10.0, 10.0, 50.0, 14.0, 38.0, 13.0, 54.0, 1.0, 27.0, 107.0, 26.0, 3.0, 9.0, 37.0, 28.0, 47.0, 10.0, 20.0, 10.0, 300.0, 35.0, 11.0, 11.0, 3.0, 29.0, 20.0, 11.0, 16.0, 16.0, 10.0, 3.0, 71.0, 2.0, 52.0, 22.0, 37.0, 8.0, 36.0, 50.0, 4.0, 20.0, 7.0, 1.0, 38.0, 21.0, 10.0, 14.0, 211.0, 2.0, 16.0, 9.0, 13.0, 5.0, 70.0, 2.0, 9.0, 8.0, 50.0, 6.0, 15.0, 113.0, 10.0, 29.0, 21.0, 58.0, 86.0, 80.0, 1.0, 7.0, 17.0, 20.0, 66.0, 8.0, 7.0, 349.0, 10.0, 8.0, 61.0, 2.0, 9.0, 4.0, 14.0, 11.0, 60.0, 16.0, 9.0, 83.0, 53.0, 68.0, 20.0, 10.0, 10.0, 9.0, 65.0, 9.0, 5.0, 22.0, 51.0, 28.0, 120.0, 3.0, 45.0, 23.0, 141.0, 2.0, 7.0, 36.0, 1.0, 22.0, 9.0, 2.0, 13.0, 27.0, 82.0, 35.0, 48.0, 10.0, 15.0, 9.0, 10.0, 18.0, 40.0, 7.0, 36.0, 66.0, 10.0, 11.0, 4.0, 39.0, 33.0, 150.0, 130.0, 10.0, 8.0, 8.0, 57.0, 4.0, 237.0, 76.0, 24.0, 9.0, 19.0, 23.0, 53.0, 66.0, 43.0, 46.0, 61.0, 8.0, 10.0, 28.0, 69.0, 13.0, 19.0, 120.0, 18.0, 21.0, 8.0, 11.0, 33.0, 60.0, 13.0, 16.0, 50.0, 9.0, 8.0, 3.0, 19.0, 3.0, 13.0, 36.0, 7.0, 37.0, 37.0, 14.0, 7.0, 10.0, 202.0, 11.0, 14.0, 3.0, 8.0, 13.0, 24.0, 14.0, 14.0, 33.0, 36.0, 2.0, 98.0, 22.0, 21.0, 84.0, 92.0, 3.0, 50.0, 1.0, 51.0, 60.0, 5.0, 1.0, 11.0, 135.0, 2.0, 20.0, 35.0, 46.0, 43.0, 64.0, 74.0, 21.0, 1.0, 60.0, 68.0, 8.0, 8.0, 65.0, 12.0, 6.0, 22.0, 3.0, 91.0, 6.0, 13.0, 3.0, 11.0, 13.0, 27.0, 51.0, 75.0, 21.0, 22.0, 30.0, 15.0, 47.0, 12.0, 16.0, 31.0, 43.0, 29.0, 20.0, 71.0, 53.0, 2.0, 10.0, 2.0, 17.0, 87.0, 59.0, 1.0, 4.0, 21.0, 37.0, 12.0, 7.0, 10.0, 9.0, 21.0, 5.0, 2.0, 145.0, 3.0, 125.0, 88.0, 1.0, 65.0, 60.0, 8.0, 226.0, 43.0, 8.0, 118.0, 1.0, 2.0, 14.0, 7.0, 10.0, 61.0, 14.0, 11.0, 54.0, 20.0, 5.0, 11.0, 20.0, 42.0, 19.0, 18.0, 11.0, 12.0, 10.0, 43.0, 8.0, 64.0, 25.0, 9.0, 11.0, 36.0, 17.0, 13.0, 8.0, 10.0, 15.0, 11.0, 64.0, 11.0, 5.0, 10.0, 10.0, 43.0, 10.0, 6.0, 10.0, 14.0, 19.0, 1.0, 2.0, 30.0, 1.0, 60.0, 6.0, 22.0, 3.0, 55.0, 1.0, 5.0, 20.0, 24.0, 6.0, 13.0, 2.0, 35.0, 147.0, 10.0, 55.0, 45.0, 84.0, 49.0, 32.0, 9.0, 14.0, 54.0, 36.0, 12.0, 19.0, 85.0, 25.0, 6.0, 30.0, 11.0, 4.0, 5.0, 40.0, 3.0, 7.0, 47.0, 18.0, 11.0, 4.0, 58.0, 5.0, 186.0, 25.0, 27.0, 16.0, 12.0, 37.0, 25.0, 5.0, 61.0, 157.0, 21.0, 26.0, 6.0, 3.0, 23.0, 9.0, 1.0, 6.0, 12.0, 10.0, 5.0, 49.0, 9.0, 8.0, 65.0, 274.0, 2.0, 5.0, 8.0, 13.0, 12.0, 10.0, 11.0, 128.0, 30.0, 10.0, 3.0, 4.0, 1.0, 52.0, 258.0, 13.0, 9.0, 3.0, 100.0, 20.0, 3.0, 7.0, 5.0, 8.0, 21.0, 3.0, 53.0, 40.0, 52.0, 9.0, 150.0, 9.0, 2.0, 352.0, 4.0, 5.0, 3.0, 7.0, 62.0, 2.0, 35.0, 40.0, 10.0, 5.0, 5.0, 7.0, 37.0, 13.0, 11.0, 22.0, 2.0, 107.0, 8.0, 6.0, 10.0, 51.0, 4.0, 8.0, 1.0, 237.0, 5.0, 3.0, 18.0, 36.0, 33.0, 16.0, 9.0, 163.0, 26.0, 5.0, 60.0, 42.0, 13.0, 7.0, 21.0, 30.0, 55.0, 10.0, 29.0, 2.0, 108.0, 9.0, 27.0, 20.0, 3.0, 49.0, 12.0, 9.0, 63.0, 46.0, 12.0, 2.0, 30.0, 6.0, 12.0, 30.0, 221.0, 51.0, 181.0, 1.0, 7.0, 83.0, 35.0, 6.0, 12.0, 24.0, 49.0, 17.0, 51.0, 37.0, 10.0, 1.0, 28.0, 11.0, 5.0, 10.0, 114.0, 21.0, 21.0, 41.0, 9.0, 10.0, 83.0, 3.0, 46.0, 3.0, 19.0, 8.0, 26.0, 10.0, 31.0, 171.0, 16.0, 11.0, 2.0, 27.0, 16.0, 52.0, 58.0, 14.0, 18.0, 53.0, 43.0, 23.0, 5.0, 4.0, 43.0, 51.0, 30.0, 6.0, 14.0, 8.0, 16.0, 4.0, 1.0, 22.0, 25.0, 156.0, 1.0, 9.0, 13.0, 1.0, 109.0, 15.0, 27.0, 6.0, 16.0, 58.0, 74.0, 5.0, 9.0, 11.0, 82.0, 7.0, 41.0, 23.0, 33.0, 17.0, 77.0, 1.0, 10.0, 9.0, 10.0, 7.0, 59.0, 68.0, 20.0, 10.0, 2.0, 207.0, 105.0, 3.0, 73.0, 23.0, 1.0, 10.0, 3.0, 16.0, 5.0, 3.0, 9.0, 23.0, 10.0, 7.0, 52.0, 9.0, 4.0, 147.0, 11.0, 10.0, 30.0, 78.0, 8.0, 3.0, 11.0, 11.0, 104.0, 9.0, 29.0, 11.0, 24.0, 80.0, 32.0, 11.0, 5.0, 17.0, 15.0, 100.0, 18.0, 8.0, 21.0, 29.0, 9.0, 4.0, 16.0, 22.0, 19.0, 89.0, 30.0, 17.0, 56.0, 2.0, 18.0, 15.0, 1.0, 1.0, 2.0, 24.0, 15.0, 20.0, 2.0, 9.0, 12.0, 64.0, 27.0, 8.0, 5.0, 36.0, 4.0, 1.0, 16.0, 1.0, 44.0, 12.0, 5.0, 33.0, 8.0, 20.0, 23.0, 117.0, 2.0, 11.0, 5.0, 2.0, 2.0, 21.0, 13.0, 52.0, 7.0, 71.0, 18.0, 31.0, 40.0, 48.0, 8.0, 3.0, 5.0, 9.0, 27.0, 5.0, 19.0, 78.0, 8.0, 159.0, 5.0, 24.0, 31.0, 31.0, 10.0, 6.0, 21.0, 43.0, 9.0, 19.0, 15.0, 24.0, 6.0, 108.0, 11.0, 121.0, 9.0, 5.0, 7.0, 1.0, 5.0, 5.0, 14.0, 11.0, 5.0, 17.0, 36.0, 6.0, 31.0, 10.0, 10.0, 145.0, 5.0, 25.0, 20.0, 6.0, 9.0, 13.0, 2.0, 10.0, 9.0, 1.0, 10.0, 1.0, 78.0, 10.0, 8.0, 30.0, 3.0, 15.0, 66.0, 33.0, 12.0, 7.0, 10.0, 13.0, 13.0, 47.0, 15.0, 67.0, 111.0, 38.0, 3.0, 53.0, 63.0, 21.0, 20.0, 9.0, 9.0, 4.0, 9.0, 11.0, 27.0, 13.0, 84.0, 9.0, 149.0, 8.0, 3.0, 18.0, 41.0, 90.0, 21.0, 12.0, 8.0, 5.0, 98.0, 10.0, 2.0, 98.0, 3.0, 19.0, 8.0, 1.0, 4.0, 4.0, 40.0, 5.0, 4.0, 58.0, 4.0, 8.0, 54.0, 4.0, 18.0, 109.0, 4.0, 47.0, 14.0, 56.0, 64.0, 29.0, 59.0, 9.0, 10.0, 4.0, 4.0, 4.0, 9.0, 35.0, 219.0, 12.0, 41.0, 11.0, 10.0, 80.0, 9.0, 12.0, 10.0, 9.0, 33.0, 10.0, 7.0, 65.0, 7.0, 35.0, 57.0, 13.0, 112.0, 23.0, 22.0, 6.0, 71.0, 1.0, 31.0, 72.0, 33.0, 2.0, 11.0, 4.0, 116.0, 8.0, 31.0, 3.0, 41.0, 16.0, 22.0, 18.0, 54.0, 116.0, 40.0, 10.0, 12.0, 54.0, 73.0, 54.0, 7.0, 71.0, 4.0, 17.0, 6.0, 9.0, 3.0, 11.0, 11.0, 22.0, 23.0, 54.0, 21.0, 7.0, 10.0, 69.0, 11.0, 27.0, 130.0, 13.0, 6.0, 33.0, 28.0, 268.0, 6.0, 20.0, 46.0, 14.0, 11.0, 5.0, 9.0, 111.0, 11.0, 174.0, 2.0, 7.0, 21.0, 55.0, 29.0, 45.0, 20.0, 30.0, 131.0, 42.0, 1.0, 10.0, 3.0, 62.0, 43.0, 19.0, 10.0, 66.0, 9.0, 29.0, 67.0, 17.0, 52.0, 70.0, 6.0, 89.0, 99.0, 23.0, 28.0, 10.0, 11.0, 5.0, 2.0, 1.0, 65.0, 91.0, 16.0, 9.0, 3.0, 2.0, 1.0, 9.0, 137.0, 9.0, 10.0, 13.0, 2.0, 28.0, 60.0, 9.0, 2.0, 45.0, 26.0, 5.0, 5.0, 10.0, 2.0, 28.0, 6.0, 4.0, 12.0, 141.0, 12.0, 9.0, 50.0, 139.0, 17.0, 25.0, 22.0, 133.0, 30.0, 60.0, 8.0, 10.0, 65.0, 15.0, 84.0, 46.0, 52.0, 6.0, 11.0, 71.0, 15.0, 45.0, 56.0, 18.0, 23.0, 43.0, 37.0, 35.0, 9.0, 17.0, 29.0, 3.0, 21.0, 25.0, 8.0, 5.0, 5.0, 1.0, 64.0, 6.0, 73.0, 12.0, 1.0, 10.0, 112.0, 76.0, 9.0, 6.0, 27.0, 29.0, 31.0, 47.0, 10.0, 4.0, 13.0, 81.0, 9.0, 70.0, 110.0, 33.0, 41.0, 7.0, 11.0, 2.0, 7.0, 28.0, 9.0, 3.0, 56.0, 11.0, 53.0, 125.0, 3.0, 22.0, 30.0, 2.0, 19.0, 6.0, 16.0, 107.0, 3.0, 9.0, 10.0, 16.0, 180.0, 17.0, 44.0, 53.0, 13.0, 9.0, 9.0, 48.0, 5.0, 13.0, 8.0, 15.0, 18.0, 3.0, 77.0, 4.0, 6.0, 7.0, 7.0, 56.0, 10.0, 9.0, 1.0, 8.0, 11.0, 10.0, 9.0, 33.0, 4.0, 17.0, 4.0, 13.0, 28.0, 34.0, 16.0, 23.0, 4.0, 21.0, 36.0, 35.0, 8.0, 101.0, 44.0, 9.0, 64.0, 21.0, 33.0, 18.0, 13.0, 76.0, 51.0, 10.0, 42.0, 154.0, 23.0, 19.0, 31.0, 65.0, 6.0, 6.0, 6.0, 38.0, 3.0, 226.0, 78.0, 15.0, 91.0, 22.0, 21.0, 2.0, 13.0, 55.0, 70.0, 16.0, 204.0, 40.0, 5.0, 25.0, 33.0, 90.0, 25.0, 12.0, 28.0, 95.0, 7.0, 18.0, 11.0, 87.0, 3.0, 12.0, 45.0, 20.0, 1.0, 17.0, 21.0, 8.0, 49.0, 5.0, 8.0, 2.0, 12.0, 21.0, 5.0, 27.0, 5.0, 8.0, 12.0, 3.0, 1.0, 34.0, 9.0, 27.0, 87.0, 2.0, 10.0, 8.0, 57.0, 33.0, 22.0, 7.0, 24.0, 70.0, 14.0, 35.0, 59.0, 150.0, 21.0, 10.0, 8.0, 23.0, 9.0, 5.0, 27.0, 29.0, 10.0, 147.0, 13.0, 23.0, 42.0, 35.0, 7.0, 22.0, 10.0, 1.0, 11.0, 2.0, 5.0, 27.0, 95.0, 21.0, 2.0, 12.0, 13.0, 11.0, 10.0, 114.0, 26.0, 106.0, 8.0, 28.0, 18.0, 3.0, 7.0, 49.0, 23.0, 7.0, 252.0, 7.0, 8.0, 9.0, 17.0, 18.0, 42.0, 18.0, 20.0, 4.0, 31.0, 10.0, 27.0, 113.0, 31.0, 11.0, 3.0, 7.0, 12.0, 12.0, 5.0, 20.0, 4.0, 6.0, 18.0, 8.0, 5.0, 3.0, 92.0, 9.0, 22.0, 11.0, 4.0, 70.0, 43.0, 8.0, 43.0, 39.0, 16.0, 14.0, 10.0, 10.0, 21.0, 86.0, 4.0, 3.0, 8.0, 24.0, 23.0, 23.0, 13.0, 1.0, 27.0, 41.0, 7.0, 64.0, 10.0, 14.0, 27.0, 15.0, 23.0, 4.0, 58.0, 6.0, 26.0, 12.0, 7.0, 21.0, 67.0, 2.0, 27.0, 1.0, 101.0, 19.0, 5.0, 50.0, 9.0, 20.0, 8.0, 10.0, 3.0, 14.0, 31.0, 9.0, 65.0, 3.0, 22.0, 96.0, 14.0, 31.0, 9.0, 2.0, 21.0, 18.0, 2.0, 29.0, 13.0, 16.0, 51.0, 32.0, 9.0, 8.0, 68.0, 30.0, 19.0, 36.0, 180.0, 57.0, 4.0, 1.0, 9.0, 37.0, 5.0, 20.0, 2.0, 3.0, 14.0, 25.0, 15.0, 20.0, 1.0, 9.0, 7.0, 58.0, 6.0, 38.0, 13.0, 21.0, 10.0, 30.0, 60.0, 113.0, 21.0, 1.0, 24.0, 21.0, 15.0, 27.0, 10.0, 4.0, 146.0, 4.0, 24.0, 5.0, 28.0, 33.0, 27.0, 2.0, 19.0, 22.0, 11.0, 35.0, 29.0, 6.0, 10.0, 15.0, 6.0, 50.0, 18.0, 157.0, 37.0, 39.0, 64.0, 22.0, 10.0, 17.0, 29.0, 5.0, 19.0, 7.0, 40.0, 9.0, 23.0, 20.0, 51.0, 123.0, 61.0, 23.0, 22.0, 32.0, 4.0, 10.0, 33.0, 1.0, 9.0, 123.0, 8.0, 10.0, 13.0, 10.0, 11.0, 42.0, 18.0, 23.0, 10.0, 29.0, 29.0, 11.0, 9.0, 3.0, 6.0, 11.0, 17.0, 68.0, 19.0, 11.0, 6.0, 8.0, 112.0, 8.0, 14.0, 42.0, 97.0, 82.0, 40.0, 2.0, 6.0, 4.0, 15.0, 8.0, 9.0, 33.0, 98.0, 31.0, 33.0, 5.0, 38.0, 23.0, 11.0, 26.0, 6.0, 46.0, 74.0, 13.0, 188.0, 12.0, 4.0, 7.0, 11.0, 16.0, 37.0, 10.0, 21.0, 24.0, 65.0, 15.0, 9.0, 4.0, 32.0, 55.0, 50.0, 10.0, 134.0, 4.0, 21.0, 9.0, 3.0, 26.0, 7.0, 57.0, 5.0, 21.0, 13.0, 5.0, 9.0, 43.0, 9.0, 94.0, 28.0, 122.0, 33.0, 87.0, 5.0, 19.0, 11.0, 3.0, 8.0, 42.0, 10.0, 3.0, 14.0, 9.0, 24.0, 3.0, 1.0, 28.0, 1.0, 7.0, 10.0, 9.0, 11.0, 8.0, 23.0, 27.0, 5.0, 5.0, 20.0, 8.0, 3.0, 46.0, 8.0, 126.0, 17.0, 9.0, 8.0, 42.0, 51.0, 10.0, 12.0, 22.0, 5.0, 4.0, 31.0, 8.0, 12.0, 13.0, 18.0, 93.0, 10.0, 18.0, 7.0, 39.0, 31.0, 24.0, 5.0, 183.0, 15.0, 2.0, 10.0, 7.0, 28.0, 117.0, 44.0, 2.0, 40.0, 21.0, 12.0, 20.0, 11.0, 61.0, 8.0, 9.0, 42.0, 25.0, 9.0, 5.0, 46.0, 1.0, 11.0, 13.0, 33.0, 19.0, 20.0, 10.0, 9.0, 35.0, 8.0, 20.0, 21.0, 28.0, 11.0, 21.0, 80.0, 17.0, 1.0, 50.0, 5.0, 95.0, 95.0, 8.0, 117.0, 5.0, 20.0, 51.0, 8.0, 2.0, 2.0, 6.0, 11.0, 6.0, 38.0, 11.0, 38.0, 1.0, 1.0, 3.0, 5.0, 22.0, 24.0, 8.0, 2.0, 7.0, 43.0, 46.0, 9.0, 14.0, 12.0, 10.0, 21.0, 15.0, 7.0, 6.0, 3.0, 15.0, 2.0, 69.0, 10.0, 85.0, 10.0, 17.0, 5.0, 9.0, 10.0, 14.0, 7.0, 31.0, 5.0, 53.0, 30.0, 5.0, 4.0, 40.0, 19.0, 4.0, 26.0, 24.0, 30.0, 2.0, 16.0, 61.0, 9.0, 9.0, 12.0, 39.0, 10.0, 24.0, 10.0, 9.0, 69.0, 11.0, 6.0, 11.0, 4.0, 34.0, 5.0, 26.0, 42.0, 72.0, 37.0, 6.0, 14.0, 3.0, 8.0, 10.0, 69.0, 1.0, 85.0, 10.0, 9.0, 45.0, 29.0, 40.0, 56.0, 15.0, 7.0, 5.0, 21.0, 32.0, 1.0, 26.0, 3.0, 32.0, 15.0, 22.0, 52.0, 74.0, 38.0, 39.0, 5.0, 9.0, 32.0, 10.0, 10.0, 9.0, 24.0, 8.0, 9.0, 14.0, 8.0, 6.0, 15.0, 77.0, 37.0, 11.0, 69.0, 35.0, 13.0, 17.0, 13.0, 32.0, 8.0, 130.0, 8.0, 9.0, 2.0, 18.0, 147.0, 33.0, 9.0, 5.0, 31.0, 39.0, 6.0, 8.0, 11.0, 5.0, 31.0, 9.0, 8.0, 9.0, 11.0, 3.0, 16.0, 33.0, 2.0, 6.0, 11.0, 8.0, 19.0, 10.0, 32.0, 6.0, 43.0, 24.0, 33.0, 45.0, 41.0, 51.0, 90.0, 15.0, 9.0, 12.0, 64.0, 11.0, 44.0, 29.0, 24.0, 5.0, 7.0, 7.0, 5.0, 78.0, 9.0, 12.0, 59.0, 5.0, 7.0, 6.0, 9.0, 3.0, 156.0, 19.0, 4.0, 27.0, 33.0, 1.0, 35.0, 5.0, 62.0, 32.0, 11.0, 157.0, 54.0, 43.0, 26.0, 7.0, 11.0, 11.0, 52.0, 44.0, 40.0, 30.0, 46.0, 25.0, 6.0, 148.0, 22.0, 57.0, 77.0, 4.0, 11.0, 9.0, 1.0, 5.0, 31.0, 10.0, 3.0, 3.0, 4.0, 64.0, 9.0, 6.0, 8.0, 4.0, 4.0, 110.0, 24.0, 43.0, 4.0, 4.0, 17.0, 98.0, 9.0, 19.0, 19.0, 36.0, 13.0, 84.0, 114.0, 6.0, 7.0, 19.0, 20.0, 41.0, 5.0, 109.0, 31.0, 28.0, 2.0, 4.0, 130.0, 23.0, 9.0, 10.0, 32.0, 9.0, 38.0, 71.0, 100.0, 13.0, 42.0, 8.0, 9.0, 11.0, 266.0, 5.0, 16.0, 34.0, 4.0, 14.0, 3.0, 10.0, 13.0, 13.0, 38.0, 8.0, 8.0, 52.0, 33.0, 112.0, 10.0, 8.0, 6.0, 4.0, 14.0, 32.0, 22.0, 4.0, 4.0, 98.0, 17.0, 17.0, 14.0, 5.0, 59.0, 22.0, 5.0, 8.0, 14.0, 5.0, 4.0, 113.0, 1.0, 3.0, 3.0, 31.0, 95.0, 10.0, 5.0, 39.0, 8.0, 33.0, 41.0, 64.0, 44.0, 14.0, 21.0, 41.0, 13.0, 18.0, 6.0, 3.0, 59.0, 11.0, 31.0, 76.0, 38.0, 22.0, 21.0, 22.0, 6.0, 6.0, 42.0, 12.0, 82.0, 30.0, 18.0, 4.0, 25.0, 8.0, 15.0, 15.0, 5.0, 8.0, 13.0, 13.0, 11.0, 8.0, 37.0, 3.0, 5.0, 15.0, 111.0, 23.0, 1.0, 29.0, 5.0, 9.0, 3.0, 34.0, 25.0, 1.0, 26.0, 29.0, 11.0, 56.0, 90.0, 3.0, 19.0, 7.0, 5.0, 54.0, 5.0, 23.0, 2.0, 24.0, 31.0, 34.0, 3.0, 4.0, 16.0, 46.0, 7.0, 43.0, 33.0, 74.0, 12.0, 29.0, 8.0, 10.0, 8.0, 35.0, 4.0, 28.0, 53.0, 10.0, 10.0, 43.0, 8.0, 10.0, 12.0, 31.0, 14.0, 3.0, 12.0, 8.0, 10.0, 184.0, 84.0, 21.0, 6.0, 9.0, 10.0, 15.0, 54.0, 10.0, 5.0, 31.0, 22.0, 166.0, 76.0, 14.0, 31.0, 29.0, 19.0, 10.0, 23.0, 24.0, 17.0, 13.0, 7.0, 39.0, 5.0, 6.0, 9.0, 21.0, 22.0, 10.0, 59.0, 7.0, 10.0, 7.0, 16.0, 51.0, 1.0, 19.0, 3.0, 13.0, 74.0, 49.0, 38.0, 51.0, 14.0, 10.0, 76.0, 31.0, 9.0, 14.0, 82.0, 17.0, 4.0, 3.0, 8.0, 30.0, 22.0, 14.0, 26.0, 13.0, 22.0, 20.0, 13.0, 3.0, 145.0, 4.0, 4.0, 54.0, 50.0, 8.0, 14.0, 3.0, 12.0, 34.0, 33.0, 39.0, 3.0, 4.0, 71.0, 43.0, 9.0, 29.0, 26.0, 9.0, 8.0, 8.0, 4.0, 28.0, 9.0, 19.0, 10.0, 4.0, 62.0, 9.0, 44.0, 11.0, 14.0, 63.0, 2.0, 9.0, 10.0, 11.0, 11.0, 3.0, 4.0, 9.0, 57.0, 9.0, 28.0, 13.0, 18.0, 83.0, 32.0, 12.0, 8.0, 11.0, 64.0, 6.0, 22.0, 9.0, 40.0, 11.0, 3.0, 16.0, 41.0, 8.0, 94.0, 6.0, 20.0, 4.0, 39.0, 6.0, 15.0, 1.0, 10.0, 18.0, 11.0, 70.0, 65.0, 7.0, 9.0, 83.0, 22.0, 4.0, 6.0, 7.0, 5.0, 33.0, 21.0, 11.0, 105.0, 19.0, 47.0, 14.0, 2.0, 11.0, 19.0, 4.0, 3.0, 18.0, 24.0, 5.0, 4.0, 107.0, 10.0, 11.0, 23.0, 59.0, 1.0, 3.0, 19.0, 12.0, 2.0, 2.0, 3.0, 112.0, 6.0, 5.0, 15.0, 23.0, 21.0, 4.0, 33.0, 378.0, 10.0, 8.0, 7.0, 81.0, 16.0, 1.0, 7.0, 29.0, 84.0, 28.0, 15.0, 2.0, 9.0, 22.0, 24.0, 20.0, 20.0, 9.0, 51.0, 150.0, 9.0, 26.0, 60.0, 13.0, 29.0, 2.0, 56.0, 6.0, 2.0, 37.0, 5.0, 52.0, 46.0, 72.0, 10.0, 12.0, 9.0, 1.0, 7.0, 20.0, 10.0, 2.0, 17.0, 98.0, 2.0, 3.0, 8.0] 

MGT times  [7.0, 9.0, 7.0, 2.0, 29.0, 17.0, 20.0, 23.0, 8.0, 6.0, 20.0, 24.0, 22.0, 11.0, 15.0, 4.0, 4.0, 31.0, 10.0, 3.0, 9.0, 10.0, 1.0, 21.0, 13.0, 39.0, 3.0, 5.0, 18.0, 7.0, 9.0, 42.0, 19.0, 7.0, 5.0, 11.0, 1.0, 20.0, 3.0, 21.0, 10.0, 9.0, 23.0, 9.0, 13.0, 9.0, 31.0, 4.0, 8.0, 8.0, 13.0, 1.0, 24.0, 31.0, 7.0, 12.0, 42.0, 18.0, 9.0, 21.0, 9.0, 12.0, 13.0, 10.0, 19.0, 6.0, 9.0, 21.0, 2.0, 5.0, 8.0, 8.0, 11.0, 5.0, 6.0, 2.0, 13.0, 9.0, 12.0, 4.0, 12.0, 8.0, 11.0, 21.0, 5.0, 3.0, 19.0, 8.0, 39.0, 12.0, 18.0, 18.0, 8.0, 20.0, 30.0, 10.0, 7.0, 14.0, 20.0, 10.0, 9.0, 7.0, 24.0, 22.0, 13.0, 27.0, 26.0, 10.0, 5.0, 6.0, 6.0, 8.0, 1.0, 4.0, 9.0, 13.0, 10.0, 3.0, 11.0, 1.0, 8.0, 3.0, 4.0, 20.0, 4.0, 1.0, 3.0, 21.0, 3.0, 14.0, 7.0, 29.0, 5.0, 1.0, 30.0, 7.0, 7.0, 16.0, 8.0, 9.0, 31.0, 6.0, 10.0, 17.0, 58.0, 5.0, 21.0, 9.0, 22.0, 5.0, 31.0, 3.0, 43.0, 5.0, 7.0, 39.0, 4.0, 5.0, 11.0, 13.0, 29.0, 28.0, 11.0, 4.0, 21.0, 8.0, 8.0, 3.0, 15.0, 1.0, 22.0, 6.0, 37.0, 7.0, 40.0, 13.0, 4.0, 14.0, 27.0, 13.0, 8.0, 8.0, 12.0, 6.0, 30.0, 9.0, 62.0, 10.0, 6.0, 18.0, 9.0, 7.0, 1.0, 12.0, 5.0, 4.0, 33.0, 26.0, 15.0, 10.0, 6.0, 11.0, 1.0, 4.0, 25.0, 8.0, 13.0, 28.0, 30.0, 4.0, 20.0, 15.0, 19.0, 15.0, 17.0, 10.0, 8.0, 12.0, 4.0, 41.0, 8.0, 25.0, 7.0, 4.0, 45.0, 6.0, 3.0, 2.0, 1.0, 5.0, 7.0, 9.0, 11.0, 5.0, 7.0, 1.0, 3.0, 15.0, 44.0, 39.0, 5.0, 16.0, 13.0, 40.0, 54.0, 8.0, 3.0, 3.0, 8.0, 18.0, 19.0, 32.0, 9.0, 23.0, 9.0, 2.0, 10.0, 22.0, 29.0, 7.0, 10.0, 1.0, 20.0, 13.0, 10.0, 1.0, 27.0, 29.0, 26.0, 3.0, 9.0, 28.0, 10.0, 20.0, 10.0, 54.0, 35.0, 11.0, 3.0, 29.0, 18.0, 11.0, 16.0, 10.0, 3.0, 29.0, 2.0, 51.0, 14.0, 29.0, 8.0, 1.0, 10.0, 4.0, 7.0, 7.0, 1.0, 8.0, 10.0, 14.0, 29.0, 2.0, 16.0, 9.0, 13.0, 41.0, 2.0, 9.0, 8.0, 6.0, 15.0, 13.0, 18.0, 21.0, 9.0, 33.0, 43.0, 1.0, 17.0, 9.0, 12.0, 8.0, 7.0, 40.0, 10.0, 8.0, 29.0, 2.0, 9.0, 4.0, 11.0, 18.0, 16.0, 9.0, 83.0, 43.0, 44.0, 10.0, 10.0, 9.0, 9.0, 9.0, 5.0, 9.0, 28.0, 22.0, 1.0, 3.0, 28.0, 23.0, 53.0, 2.0, 4.0, 8.0, 1.0, 22.0, 9.0, 2.0, 13.0, 4.0, 3.0, 10.0, 15.0, 9.0, 10.0, 1.0, 40.0, 7.0, 6.0, 66.0, 10.0, 11.0, 4.0, 13.0, 20.0, 7.0, 10.0, 8.0, 8.0, 16.0, 4.0, 13.0, 4.0, 9.0, 19.0, 23.0, 9.0, 12.0, 21.0, 27.0, 11.0, 8.0, 10.0, 9.0, 11.0, 13.0, 19.0, 18.0, 40.0, 13.0, 16.0, 9.0, 8.0, 3.0, 9.0, 3.0, 25.0, 7.0, 27.0, 7.0, 10.0, 25.0, 11.0, 14.0, 3.0, 8.0, 13.0, 1.0, 2.0, 10.0, 2.0, 28.0, 10.0, 21.0, 19.0, 42.0, 3.0, 1.0, 25.0, 20.0, 5.0, 1.0, 11.0, 18.0, 2.0, 20.0, 29.0, 19.0, 12.0, 21.0, 1.0, 49.0, 35.0, 8.0, 8.0, 30.0, 12.0, 6.0, 22.0, 3.0, 25.0, 13.0, 3.0, 11.0, 13.0, 17.0, 22.0, 10.0, 2.0, 7.0, 29.0, 12.0, 23.0, 23.0, 28.0, 20.0, 61.0, 2.0, 10.0, 2.0, 37.0, 22.0, 1.0, 4.0, 21.0, 37.0, 12.0, 7.0, 10.0, 9.0, 21.0, 5.0, 2.0, 34.0, 3.0, 11.0, 18.0, 1.0, 1.0, 22.0, 8.0, 3.0, 7.0, 10.0, 1.0, 2.0, 14.0, 14.0, 4.0, 10.0, 20.0, 5.0, 11.0, 20.0, 11.0, 9.0, 2.0, 11.0, 10.0, 43.0, 8.0, 41.0, 25.0, 9.0, 11.0, 36.0, 17.0, 15.0, 11.0, 29.0, 11.0, 10.0, 43.0, 10.0, 6.0, 10.0, 14.0, 1.0, 2.0, 1.0, 19.0, 6.0, 12.0, 3.0, 20.0, 1.0, 5.0, 20.0, 24.0, 6.0, 4.0, 2.0, 15.0, 10.0, 45.0, 2.0, 32.0, 9.0, 14.0, 29.0, 12.0, 10.0, 12.0, 23.0, 18.0, 3.0, 4.0, 5.0, 30.0, 3.0, 7.0, 47.0, 18.0, 11.0, 4.0, 47.0, 5.0, 39.0, 25.0, 27.0, 16.0, 12.0, 11.0, 5.0, 61.0, 38.0, 21.0, 5.0, 3.0, 23.0, 9.0, 1.0, 6.0, 1.0, 9.0, 8.0, 24.0, 11.0, 5.0, 8.0, 13.0, 25.0, 28.0, 10.0, 3.0, 4.0, 1.0, 32.0, 43.0, 9.0, 3.0, 41.0, 10.0, 3.0, 7.0, 5.0, 8.0, 21.0, 3.0, 27.0, 23.0, 48.0, 9.0, 11.0, 9.0, 2.0, 10.0, 3.0, 5.0, 3.0, 7.0, 28.0, 2.0, 35.0, 10.0, 5.0, 5.0, 7.0, 13.0, 11.0, 2.0, 11.0, 8.0, 6.0, 10.0, 31.0, 4.0, 8.0, 1.0, 57.0, 5.0, 3.0, 33.0, 16.0, 9.0, 36.0, 12.0, 5.0, 19.0, 26.0, 13.0, 7.0, 7.0, 8.0, 22.0, 10.0, 12.0, 2.0, 47.0, 9.0, 27.0, 20.0, 3.0, 49.0, 12.0, 9.0, 14.0, 31.0, 12.0, 2.0, 10.0, 6.0, 12.0, 20.0, 7.0, 42.0, 69.0, 1.0, 25.0, 6.0, 7.0, 20.0, 43.0, 17.0, 12.0, 31.0, 10.0, 1.0, 17.0, 4.0, 5.0, 10.0, 18.0, 21.0, 21.0, 9.0, 10.0, 11.0, 3.0, 8.0, 3.0, 10.0, 8.0, 11.0, 10.0, 11.0, 2.0, 27.0, 10.0, 23.0, 14.0, 7.0, 2.0, 42.0, 23.0, 5.0, 4.0, 9.0, 21.0, 30.0, 4.0, 14.0, 16.0, 3.0, 1.0, 22.0, 1.0, 10.0, 1.0, 9.0, 13.0, 1.0, 7.0, 15.0, 4.0, 6.0, 16.0, 9.0, 41.0, 5.0, 9.0, 11.0, 4.0, 7.0, 28.0, 23.0, 11.0, 17.0, 1.0, 10.0, 9.0, 10.0, 7.0, 16.0, 20.0, 2.0, 1.0, 85.0, 3.0, 8.0, 23.0, 1.0, 10.0, 3.0, 16.0, 3.0, 4.0, 22.0, 10.0, 7.0, 52.0, 9.0, 4.0, 20.0, 11.0, 10.0, 30.0, 11.0, 8.0, 3.0, 11.0, 11.0, 13.0, 9.0, 9.0, 11.0, 24.0, 5.0, 21.0, 11.0, 5.0, 17.0, 15.0, 8.0, 8.0, 11.0, 19.0, 9.0, 4.0, 16.0, 22.0, 19.0, 30.0, 4.0, 34.0, 2.0, 15.0, 1.0, 2.0, 24.0, 15.0, 20.0, 2.0, 9.0, 9.0, 8.0, 5.0, 1.0, 3.0, 1.0, 27.0, 12.0, 33.0, 8.0, 20.0, 12.0, 42.0, 2.0, 11.0, 5.0, 2.0, 2.0, 13.0, 29.0, 7.0, 27.0, 9.0, 40.0, 8.0, 3.0, 5.0, 9.0, 4.0, 8.0, 5.0, 8.0, 8.0, 5.0, 24.0, 31.0, 10.0, 10.0, 21.0, 34.0, 9.0, 8.0, 24.0, 6.0, 9.0, 2.0, 9.0, 9.0, 5.0, 1.0, 5.0, 2.0, 11.0, 5.0, 17.0, 6.0, 10.0, 10.0, 55.0, 5.0, 25.0, 20.0, 6.0, 9.0, 4.0, 2.0, 10.0, 9.0, 10.0, 10.0, 8.0, 3.0, 15.0, 12.0, 7.0, 10.0, 13.0, 13.0, 25.0, 25.0, 37.0, 3.0, 13.0, 55.0, 4.0, 20.0, 9.0, 9.0, 4.0, 9.0, 11.0, 9.0, 13.0, 44.0, 9.0, 4.0, 3.0, 9.0, 41.0, 4.0, 12.0, 8.0, 5.0, 67.0, 10.0, 2.0, 3.0, 8.0, 8.0, 1.0, 4.0, 4.0, 37.0, 5.0, 4.0, 10.0, 4.0, 19.0, 4.0, 18.0, 6.0, 4.0, 36.0, 14.0, 32.0, 39.0, 9.0, 10.0, 4.0, 4.0, 35.0, 10.0, 3.0, 10.0, 9.0, 12.0, 10.0, 9.0, 26.0, 10.0, 7.0, 42.0, 7.0, 9.0, 39.0, 7.0, 6.0, 29.0, 1.0, 31.0, 51.0, 2.0, 11.0, 4.0, 30.0, 8.0, 1.0, 3.0, 18.0, 25.0, 10.0, 20.0, 10.0, 34.0, 23.0, 7.0, 25.0, 4.0, 6.0, 9.0, 3.0, 11.0, 11.0, 7.0, 7.0, 10.0, 20.0, 11.0, 6.0, 21.0, 6.0, 10.0, 28.0, 6.0, 10.0, 46.0, 5.0, 9.0, 13.0, 1.0, 50.0, 2.0, 7.0, 21.0, 27.0, 10.0, 30.0, 19.0, 19.0, 42.0, 1.0, 10.0, 3.0, 19.0, 10.0, 9.0, 10.0, 67.0, 17.0, 51.0, 6.0, 31.0, 7.0, 23.0, 19.0, 10.0, 5.0, 2.0, 1.0, 65.0, 14.0, 16.0, 3.0, 2.0, 1.0, 9.0, 19.0, 9.0, 10.0, 13.0, 2.0, 9.0, 2.0, 32.0, 5.0, 5.0, 10.0, 2.0, 6.0, 4.0, 9.0, 9.0, 19.0, 17.0, 15.0, 18.0, 9.0, 8.0, 10.0, 13.0, 19.0, 6.0, 11.0, 70.0, 15.0, 14.0, 7.0, 17.0, 23.0, 33.0, 27.0, 9.0, 17.0, 29.0, 3.0, 21.0, 25.0, 8.0, 5.0, 5.0, 10.0, 6.0, 30.0, 1.0, 10.0, 14.0, 9.0, 6.0, 4.0, 15.0, 11.0, 3.0, 13.0, 45.0, 9.0, 31.0, 27.0, 33.0, 7.0, 11.0, 2.0, 7.0, 28.0, 9.0, 3.0, 22.0, 11.0, 24.0, 22.0, 3.0, 22.0, 12.0, 19.0, 6.0, 16.0, 3.0, 9.0, 10.0, 16.0, 35.0, 13.0, 8.0, 9.0, 15.0, 4.0, 8.0, 15.0, 18.0, 3.0, 30.0, 4.0, 6.0, 7.0, 7.0, 10.0, 10.0, 9.0, 1.0, 8.0, 11.0, 10.0, 9.0, 33.0, 4.0, 4.0, 10.0, 20.0, 6.0, 23.0, 4.0, 7.0, 13.0, 8.0, 25.0, 15.0, 48.0, 11.0, 9.0, 18.0, 3.0, 60.0, 10.0, 41.0, 29.0, 9.0, 19.0, 7.0, 6.0, 6.0, 6.0, 12.0, 3.0, 3.0, 17.0, 15.0, 44.0, 22.0, 21.0, 2.0, 13.0, 7.0, 37.0, 21.0, 5.0, 3.0, 33.0, 25.0, 12.0, 28.0, 21.0, 7.0, 18.0, 11.0, 3.0, 12.0, 45.0, 20.0, 1.0, 17.0, 8.0, 8.0, 2.0, 12.0, 21.0, 5.0, 27.0, 3.0, 8.0, 12.0, 3.0, 1.0, 34.0, 9.0, 24.0, 10.0, 8.0, 17.0, 19.0, 8.0, 7.0, 24.0, 70.0, 14.0, 7.0, 36.0, 34.0, 21.0, 10.0, 8.0, 4.0, 5.0, 27.0, 18.0, 10.0, 14.0, 25.0, 12.0, 7.0, 22.0, 10.0, 1.0, 11.0, 2.0, 5.0, 2.0, 12.0, 13.0, 11.0, 10.0, 10.0, 7.0, 8.0, 18.0, 3.0, 7.0, 11.0, 23.0, 10.0, 3.0, 8.0, 9.0, 17.0, 16.0, 13.0, 18.0, 20.0, 4.0, 9.0, 10.0, 31.0, 20.0, 11.0, 3.0, 7.0, 12.0, 12.0, 4.0, 20.0, 4.0, 6.0, 5.0, 3.0, 22.0, 9.0, 9.0, 11.0, 4.0, 62.0, 21.0, 8.0, 22.0, 18.0, 3.0, 17.0, 23.0, 4.0, 3.0, 8.0, 17.0, 23.0, 23.0, 13.0, 1.0, 17.0, 41.0, 7.0, 10.0, 1.0, 15.0, 11.0, 4.0, 58.0, 6.0, 7.0, 12.0, 11.0, 22.0, 2.0, 13.0, 1.0, 19.0, 5.0, 11.0, 9.0, 8.0, 8.0, 3.0, 31.0, 9.0, 3.0, 22.0, 1.0, 15.0, 9.0, 2.0, 21.0, 18.0, 2.0, 12.0, 13.0, 16.0, 19.0, 9.0, 4.0, 10.0, 30.0, 19.0, 9.0, 46.0, 8.0, 4.0, 9.0, 10.0, 5.0, 20.0, 2.0, 3.0, 25.0, 15.0, 20.0, 1.0, 9.0, 7.0, 24.0, 13.0, 21.0, 10.0, 8.0, 24.0, 18.0, 21.0, 1.0, 24.0, 21.0, 4.0, 41.0, 4.0, 14.0, 28.0, 33.0, 27.0, 2.0, 8.0, 10.0, 11.0, 29.0, 6.0, 10.0, 30.0, 10.0, 10.0, 13.0, 3.0, 10.0, 17.0, 5.0, 19.0, 7.0, 8.0, 9.0, 10.0, 20.0, 50.0, 12.0, 23.0, 22.0, 19.0, 4.0, 10.0, 28.0, 1.0, 9.0, 49.0, 10.0, 13.0, 10.0, 11.0, 9.0, 18.0, 23.0, 10.0, 10.0, 9.0, 11.0, 9.0, 3.0, 6.0, 10.0, 17.0, 14.0, 7.0, 11.0, 8.0, 42.0, 8.0, 14.0, 8.0, 10.0, 21.0, 2.0, 6.0, 4.0, 15.0, 8.0, 9.0, 16.0, 8.0, 5.0, 8.0, 23.0, 11.0, 16.0, 6.0, 30.0, 13.0, 58.0, 12.0, 11.0, 16.0, 10.0, 21.0, 7.0, 4.0, 9.0, 4.0, 32.0, 8.0, 2.0, 10.0, 18.0, 4.0, 21.0, 9.0, 3.0, 16.0, 7.0, 9.0, 5.0, 20.0, 4.0, 9.0, 28.0, 9.0, 42.0, 9.0, 5.0, 19.0, 11.0, 3.0, 8.0, 4.0, 10.0, 3.0, 14.0, 9.0, 24.0, 3.0, 1.0, 3.0, 1.0, 7.0, 11.0, 8.0, 13.0, 5.0, 4.0, 8.0, 3.0, 46.0, 8.0, 30.0, 17.0, 9.0, 8.0, 39.0, 23.0, 10.0, 12.0, 22.0, 5.0, 4.0, 22.0, 8.0, 12.0, 10.0, 18.0, 4.0, 29.0, 5.0, 10.0, 15.0, 2.0, 10.0, 7.0, 7.0, 15.0, 2.0, 26.0, 21.0, 12.0, 3.0, 11.0, 3.0, 8.0, 19.0, 8.0, 9.0, 5.0, 13.0, 1.0, 11.0, 26.0, 10.0, 10.0, 9.0, 11.0, 8.0, 21.0, 17.0, 11.0, 10.0, 27.0, 5.0, 1.0, 7.0, 5.0, 10.0, 19.0, 8.0, 52.0, 20.0, 19.0, 8.0, 2.0, 2.0, 11.0, 6.0, 1.0, 1.0, 3.0, 5.0, 12.0, 8.0, 8.0, 2.0, 9.0, 4.0, 10.0, 15.0, 7.0, 6.0, 3.0, 15.0, 2.0, 17.0, 4.0, 12.0, 10.0, 5.0, 9.0, 14.0, 7.0, 21.0, 5.0, 28.0, 18.0, 5.0, 4.0, 40.0, 11.0, 4.0, 15.0, 10.0, 10.0, 2.0, 29.0, 9.0, 9.0, 12.0, 39.0, 10.0, 24.0, 10.0, 9.0, 11.0, 6.0, 11.0, 4.0, 5.0, 13.0, 42.0, 28.0, 6.0, 14.0, 3.0, 8.0, 10.0, 1.0, 9.0, 28.0, 4.0, 13.0, 15.0, 5.0, 8.0, 32.0, 1.0, 3.0, 32.0, 15.0, 22.0, 9.0, 39.0, 5.0, 9.0, 13.0, 10.0, 10.0, 9.0, 9.0, 8.0, 6.0, 15.0, 35.0, 37.0, 11.0, 30.0, 11.0, 13.0, 17.0, 13.0, 32.0, 8.0, 24.0, 8.0, 9.0, 2.0, 18.0, 28.0, 33.0, 9.0, 5.0, 6.0, 8.0, 11.0, 30.0, 9.0, 9.0, 4.0, 3.0, 16.0, 33.0, 2.0, 10.0, 8.0, 19.0, 10.0, 6.0, 12.0, 19.0, 22.0, 15.0, 9.0, 12.0, 58.0, 11.0, 10.0, 9.0, 4.0, 5.0, 22.0, 9.0, 12.0, 59.0, 7.0, 6.0, 9.0, 3.0, 34.0, 19.0, 4.0, 8.0, 13.0, 1.0, 5.0, 20.0, 11.0, 2.0, 31.0, 41.0, 11.0, 22.0, 25.0, 21.0, 9.0, 6.0, 10.0, 3.0, 19.0, 4.0, 11.0, 9.0, 1.0, 5.0, 31.0, 10.0, 3.0, 3.0, 4.0, 28.0, 9.0, 6.0, 8.0, 4.0, 4.0, 33.0, 37.0, 4.0, 4.0, 17.0, 8.0, 25.0, 13.0, 8.0, 6.0, 20.0, 41.0, 5.0, 62.0, 18.0, 2.0, 37.0, 10.0, 31.0, 9.0, 38.0, 27.0, 42.0, 38.0, 8.0, 1.0, 11.0, 47.0, 5.0, 4.0, 34.0, 4.0, 3.0, 10.0, 13.0, 13.0, 8.0, 21.0, 33.0, 33.0, 10.0, 8.0, 6.0, 4.0, 14.0, 32.0, 22.0, 4.0, 4.0, 10.0, 17.0, 17.0, 19.0, 22.0, 5.0, 8.0, 14.0, 5.0, 4.0, 113.0, 1.0, 3.0, 10.0, 5.0, 39.0, 8.0, 22.0, 14.0, 12.0, 4.0, 13.0, 18.0, 6.0, 45.0, 11.0, 31.0, 24.0, 14.0, 21.0, 22.0, 6.0, 6.0, 42.0, 12.0, 25.0, 3.0, 15.0, 15.0, 5.0, 8.0, 13.0, 11.0, 8.0, 37.0, 3.0, 5.0, 23.0, 1.0, 29.0, 5.0, 9.0, 3.0, 9.0, 25.0, 1.0, 26.0, 1.0, 11.0, 56.0, 28.0, 3.0, 19.0, 7.0, 5.0, 4.0, 5.0, 23.0, 2.0, 24.0, 10.0, 34.0, 3.0, 4.0, 26.0, 7.0, 12.0, 23.0, 25.0, 12.0, 10.0, 3.0, 8.0, 34.0, 4.0, 27.0, 10.0, 10.0, 24.0, 8.0, 10.0, 12.0, 14.0, 3.0, 12.0, 4.0, 31.0, 21.0, 6.0, 9.0, 10.0, 15.0, 54.0, 10.0, 5.0, 31.0, 12.0, 25.0, 5.0, 19.0, 10.0, 4.0, 17.0, 13.0, 7.0, 22.0, 6.0, 9.0, 21.0, 10.0, 7.0, 4.0, 7.0, 16.0, 1.0, 17.0, 3.0, 13.0, 39.0, 9.0, 51.0, 1.0, 10.0, 31.0, 2.0, 14.0, 42.0, 4.0, 3.0, 8.0, 11.0, 19.0, 14.0, 13.0, 18.0, 7.0, 13.0, 3.0, 24.0, 4.0, 4.0, 10.0, 14.0, 3.0, 4.0, 16.0, 33.0, 30.0, 3.0, 24.0, 9.0, 14.0, 9.0, 8.0, 8.0, 4.0, 28.0, 9.0, 19.0, 10.0, 4.0, 22.0, 9.0, 20.0, 11.0, 14.0, 41.0, 2.0, 9.0, 10.0, 11.0, 11.0, 3.0, 4.0, 9.0, 3.0, 9.0, 13.0, 32.0, 12.0, 8.0, 11.0, 19.0, 6.0, 2.0, 9.0, 8.0, 11.0, 3.0, 16.0, 31.0, 8.0, 9.0, 6.0, 20.0, 4.0, 29.0, 6.0, 15.0, 1.0, 10.0, 18.0, 11.0, 70.0, 33.0, 7.0, 9.0, 10.0, 2.0, 6.0, 7.0, 5.0, 23.0, 11.0, 45.0, 19.0, 10.0, 2.0, 11.0, 19.0, 4.0, 3.0, 8.0, 24.0, 36.0, 10.0, 11.0, 23.0, 1.0, 11.0, 12.0, 2.0, 2.0, 3.0, 6.0, 5.0, 14.0, 11.0, 4.0, 33.0, 15.0, 3.0, 8.0, 7.0, 39.0, 12.0, 1.0, 7.0, 29.0, 10.0, 11.0, 2.0, 10.0, 10.0, 20.0, 9.0, 22.0, 51.0, 9.0, 20.0, 16.0, 7.0, 2.0, 19.0, 6.0, 2.0, 17.0, 5.0, 20.0, 6.0, 21.0, 10.0, 12.0, 9.0, 1.0, 7.0, 8.0, 10.0, 2.0, 17.0, 21.0, 2.0, 3.0] 

SGT times  [9.0, 36.0, 5.0, 54.0, 71.0, 6.0, 13.0, 66.0, 64.0, 1.0, 16.0, 64.0, 6.0, 25.0, 1.0, 32.0, 11.0, 18.0, 8.0, 117.0, 41.0, 1.0, 27.0, 17.0, 30.0, 21.0, 9.0, 146.0, 38.0, 266.0, 10.0, 10.0, 4.0, 4.0, 1.0, 7.0, 112.0, 24.0, 28.0, 23.0, 6.0, 61.0, 67.0, 16.0, 7.0, 1.0, 9.0, 64.0, 8.0, 15.0, 12.0, 28.0, 19.0, 121.0, 4.0, 2.0, 68.0, 12.0, 50.0, 92.0, 55.0, 34.0, 1.0, 1.0, 7.0, 39.0, 16.0, 9.0, 6.0, 90.0, 39.0, 72.0, 72.0, 146.0, 51.0, 1.0, 1.0, 1.0, 26.0, 42.0, 57.0, 1.0, 65.0, 51.0, 45.0, 8.0, 16.0, 58.0, 40.0, 12.0, 53.0, 17.0, 19.0, 3.0, 108.0, 1.0, 134.0, 1.0, 41.0, 13.0, 1.0, 6.0, 31.0, 22.0, 40.0, 1.0, 116.0, 101.0, 8.0, 67.0, 8.0, 15.0, 1.0, 74.0, 25.0, 11.0, 73.0, 34.0, 64.0, 29.0, 32.0, 20.0, 131.0, 8.0, 24.0, 1.0, 13.0, 10.0, 40.0, 8.0, 9.0, 35.0, 78.0, 35.0, 42.0, 238.0, 7.0, 2.0, 12.0, 32.0, 1.0, 1.0, 8.0, 35.0, 31.0, 13.0, 38.0, 6.0, 182.0, 1.0, 21.0, 50.0, 91.0, 10.0, 1.0, 42.0, 44.0, 37.0, 3.0, 11.0, 45.0, 298.0, 32.0, 7.0, 42.0, 1.0, 24.0, 20.0, 46.0, 13.0, 18.0, 6.0, 114.0, 8.0, 79.0, 3.0, 19.0, 23.0, 82.0, 23.0, 44.0, 10.0, 22.0, 17.0, 4.0, 146.0, 117.0, 31.0, 218.0, 76.0, 20.0, 44.0, 45.0, 15.0, 10.0, 44.0, 19.0, 49.0, 119.0, 21.0, 1.0, 8.0, 33.0, 12.0, 48.0, 1.0, 11.0, 3.0, 1.0, 37.0, 11.0, 168.0, 21.0, 4.0, 11.0, 26.0, 26.0, 70.0, 3.0, 65.0, 41.0, 46.0, 20.0, 40.0, 117.0, 35.0, 11.0, 14.0, 43.0, 71.0, 1.0, 27.0, 28.0, 59.0, 6.0, 1.0, 20.0, 56.0, 10.0, 6.0, 1.0, 13.0, 44.0, 8.0, 8.0, 20.0, 1.0, 10.0, 53.0, 15.0, 42.0, 28.0, 101.0, 106.0, 70.0, 55.0, 28.0, 223.0, 36.0, 8.0, 3.0, 6.0, 61.0, 7.0, 36.0, 22.0, 5.0, 8.0, 10.0, 23.0, 10.0, 6.0, 2.0, 35.0, 5.0, 2.0, 17.0, 30.0, 32.0, 1.0, 35.0, 9.0, 11.0, 143.0, 1.0, 42.0, 84.0, 47.0, 17.0, 35.0, 1.0, 64.0, 2.0, 6.0, 12.0, 8.0, 1.0, 1.0, 147.0, 26.0, 6.0, 17.0, 109.0, 12.0, 6.0, 3.0, 6.0, 1.0, 45.0, 32.0, 254.0, 2.0, 9.0, 7.0, 9.0, 95.0, 2.0, 11.0, 206.0, 13.0, 54.0, 1.0, 26.0, 9.0, 4.0, 130.0, 332.0, 1.0, 25.0, 40.0, 32.0, 22.0, 87.0, 20.0, 170.0, 15.0, 33.0, 117.0, 7.0, 32.0, 10.0, 4.0, 16.0, 24.0, 12.0, 52.0, 40.0, 7.0, 14.0, 1.0, 204.0, 2.0, 104.0, 1.0, 82.0, 1.0, 5.0, 4.0, 6.0, 29.0, 6.0, 1.0, 7.0, 96.0, 41.0, 65.0, 29.0, 1.0, 7.0, 30.0, 166.0, 16.0, 14.0, 33.0, 28.0, 2.0, 43.0, 1.0, 25.0, 30.0, 2.0, 8.0, 1.0, 24.0, 138.0, 95.0, 23.0, 24.0, 69.0, 13.0, 13.0, 70.0, 59.0, 45.0, 10.0, 197.0, 10.0, 56.0, 1.0, 5.0, 1.0, 127.0, 61.0, 84.0, 11.0, 70.0, 3.0, 100.0, 1.0, 1.0, 10.0, 84.0, 13.0, 14.0, 18.0, 1.0, 12.0, 62.0, 8.0, 36.0, 4.0, 13.0, 8.0, 1.0, 3.0, 75.0, 17.0, 23.0, 35.0, 1.0, 26.0, 46.0, 27.0, 1.0, 2.0, 68.0, 145.0, 11.0, 2.0, 1.0, 1.0, 11.0, 90.0, 9.0, 102.0, 3.0, 1.0, 12.0, 13.0, 8.0, 27.0, 80.0, 9.0, 1.0, 1.0, 76.0, 27.0, 64.0, 29.0, 14.0, 6.0, 67.0, 78.0, 1.0, 30.0, 1.0, 17.0, 10.0, 40.0, 148.0, 4.0, 1.0, 77.0, 16.0, 21.0, 98.0, 1.0, 3.0, 39.0, 4.0, 35.0, 103.0, 1.0, 24.0, 64.0, 26.0, 20.0, 1.0, 9.0, 27.0, 177.0, 12.0, 23.0, 1.0, 78.0, 7.0, 14.0, 18.0, 18.0, 11.0, 107.0, 8.0, 15.0, 33.0, 11.0, 32.0, 86.0, 30.0, 34.0, 14.0, 15.0, 21.0, 97.0, 20.0, 12.0, 20.0, 69.0, 25.0, 46.0, 16.0, 15.0, 23.0, 54.0, 19.0, 41.0, 13.0, 109.0, 13.0, 13.0, 267.0, 1.0, 10.0, 9.0, 89.0, 1.0, 114.0, 22.0, 10.0, 8.0, 18.0, 11.0, 103.0, 62.0, 43.0, 64.0, 10.0, 1.0, 70.0, 50.0, 87.0, 1.0, 11.0, 68.0, 1.0, 26.0, 60.0, 6.0, 26.0, 24.0, 8.0, 132.0, 12.0, 31.0, 135.0, 1.0, 4.0, 125.0, 12.0, 60.0, 56.0, 12.0, 66.0, 18.0, 48.0, 1.0, 25.0, 40.0, 1.0, 1.0, 1.0, 35.0, 1.0, 44.0, 43.0, 12.0, 89.0, 72.0, 23.0, 14.0, 12.0, 40.0, 8.0, 1.0, 27.0, 39.0, 73.0, 37.0, 27.0, 21.0, 94.0, 9.0, 2.0, 107.0, 137.0, 13.0, 23.0, 35.0, 9.0, 6.0, 23.0, 1.0, 9.0, 39.0, 46.0, 11.0, 11.0, 8.0, 5.0, 1.0, 14.0, 32.0, 13.0, 76.0, 19.0, 5.0, 8.0, 1.0, 15.0, 10.0, 16.0, 51.0, 1.0, 116.0, 4.0, 14.0, 64.0, 17.0, 223.0, 55.0, 37.0, 41.0, 67.0, 12.0, 159.0, 11.0, 16.0, 90.0, 65.0, 84.0, 21.0, 49.0, 2.0, 2.0, 17.0, 55.0, 1.0, 40.0, 5.0, 4.0, 28.0, 23.0, 107.0, 19.0, 5.0, 2.0, 141.0, 9.0, 1.0, 17.0, 13.0, 23.0, 87.0, 13.0, 94.0, 9.0, 106.0, 28.0, 30.0, 7.0, 233.0, 4.0, 2.0, 22.0, 1.0, 13.0, 23.0, 72.0, 1.0, 1.0, 18.0, 1.0, 60.0, 5.0, 1.0, 13.0, 13.0, 13.0, 12.0, 11.0, 7.0, 10.0, 4.0, 54.0, 7.0, 1.0, 64.0, 10.0, 26.0, 12.0, 13.0, 3.0, 1.0, 45.0, 5.0, 30.0, 6.0, 7.0, 12.0, 65.0, 86.0, 11.0, 16.0, 17.0, 43.0, 13.0, 4.0, 51.0, 18.0, 125.0, 40.0, 1.0, 21.0, 12.0, 25.0, 2.0, 35.0, 22.0, 36.0, 86.0, 10.0, 23.0, 7.0, 95.0, 1.0, 1.0, 11.0, 12.0, 33.0, 11.0, 2.0, 46.0, 14.0, 119.0, 19.0, 20.0, 44.0, 19.0, 27.0, 22.0, 4.0, 1.0, 117.0, 41.0, 13.0, 5.0, 74.0, 4.0, 20.0, 10.0, 12.0, 1.0, 45.0, 6.0, 2.0, 61.0, 24.0, 79.0, 52.0, 40.0, 10.0, 98.0, 17.0, 30.0, 30.0, 1.0, 44.0, 36.0, 130.0, 1.0, 3.0, 34.0, 20.0, 58.0, 11.0, 38.0, 48.0, 108.0, 1.0, 39.0, 1.0, 9.0, 2.0, 6.0, 91.0, 24.0, 80.0, 33.0, 78.0, 38.0, 25.0, 10.0, 7.0, 1.0, 23.0, 1.0, 16.0, 87.0, 3.0, 20.0, 9.0, 13.0, 16.0, 89.0, 3.0, 1.0, 27.0, 21.0, 164.0, 21.0, 115.0, 22.0, 7.0, 9.0, 58.0, 9.0, 15.0, 8.0, 10.0, 7.0, 12.0, 1.0, 16.0, 20.0, 1.0, 2.0, 46.0, 12.0, 37.0, 77.0, 66.0, 56.0, 1.0, 22.0, 6.0, 38.0, 7.0, 38.0, 1.0, 8.0, 7.0, 40.0, 42.0, 10.0, 10.0, 16.0, 43.0, 6.0, 73.0, 13.0, 1.0, 1.0, 25.0, 12.0, 1.0, 1.0, 14.0, 12.0, 12.0, 22.0, 65.0, 26.0, 6.0, 72.0, 1.0, 62.0, 82.0, 10.0, 7.0, 16.0, 34.0, 34.0, 5.0, 4.0, 22.0, 49.0, 56.0, 38.0, 10.0, 21.0, 4.0, 12.0, 33.0, 34.0, 16.0, 97.0, 109.0, 27.0, 35.0, 1.0, 1.0, 6.0, 7.0, 6.0, 1.0, 30.0, 23.0, 16.0, 33.0, 42.0, 14.0, 48.0, 60.0, 6.0, 1.0, 27.0, 27.0, 9.0, 1.0, 3.0, 4.0, 46.0, 5.0, 113.0, 11.0, 14.0, 31.0, 42.0, 28.0, 146.0, 14.0, 2.0, 22.0, 2.0, 11.0, 23.0, 11.0, 39.0, 1.0, 45.0, 7.0, 130.0, 19.0, 30.0, 74.0, 36.0, 68.0, 22.0, 6.0, 98.0, 6.0, 1.0, 16.0, 1.0, 67.0, 114.0, 7.0, 17.0, 47.0, 26.0, 1.0, 4.0, 84.0, 23.0, 2.0, 1.0, 37.0, 49.0, 10.0, 4.0, 1.0, 209.0, 5.0, 12.0, 36.0, 4.0, 25.0, 69.0, 79.0, 10.0, 1.0, 31.0, 1.0, 30.0, 91.0, 31.0, 9.0, 57.0, 41.0, 1.0, 28.0, 1.0, 6.0, 45.0, 34.0, 8.0, 74.0, 27.0, 12.0, 1.0, 5.0, 9.0, 13.0, 111.0, 17.0, 20.0, 52.0, 50.0, 21.0, 13.0, 12.0, 21.0, 1.0, 40.0, 11.0, 5.0, 7.0, 1.0, 26.0, 17.0, 10.0, 27.0, 4.0, 6.0, 178.0, 47.0, 3.0, 161.0, 76.0, 10.0, 15.0, 23.0, 14.0, 9.0, 1.0, 21.0, 57.0, 6.0, 49.0, 2.0, 74.0, 1.0, 21.0, 13.0, 45.0, 20.0, 9.0, 31.0, 14.0, 9.0, 3.0, 26.0, 4.0, 8.0, 113.0, 54.0, 33.0, 4.0, 8.0, 10.0, 1.0, 4.0, 71.0, 19.0, 26.0, 3.0, 31.0, 14.0, 22.0, 54.0, 6.0, 13.0, 14.0, 83.0, 39.0, 12.0, 23.0, 10.0, 77.0, 1.0, 63.0, 14.0, 2.0, 1.0, 21.0, 51.0, 30.0, 12.0, 1.0, 2.0, 1.0, 71.0, 59.0, 3.0, 1.0, 108.0, 11.0, 1.0, 1.0, 354.0, 7.0, 33.0, 4.0, 9.0, 12.0, 1.0, 4.0, 20.0, 3.0, 21.0, 89.0, 6.0, 34.0, 10.0, 12.0, 37.0, 11.0, 22.0, 32.0, 42.0, 6.0, 68.0, 8.0]
