avgTJ:  14.911178655859507
stdDvTJ:  13.575804907544315
avgTJ without 0:  15.95086705202312
stdDvTJ without 0:  13.437600892470769
maxTJ:  22.11111111111111
minTJ:  9.586206896551724

avgTT:  30.69921363040629
stdDvTT:  43.689351815162794
avgTT without 0:  30.69921363040629
stdDvTT without 0:  43.689351815162794
maxTT:  84.8
minTT:  10.357142857142858

avgTotT:  28.725882352941177
stdDvTotT:  39.04060677247009
avgTotT without 0:  29.53371635923798
stdDvTotT without 0:  39.28324793570374
maxTotT:  53.54545454545455
minTotT:  17.764705882352942

avgMGT:  14.911178655859507
stdDvMGT:  13.575804907544315
avgMGT without 0:  15.95086705202312
stdDvMGT without 0:  13.437600892470769
maxMGT:  22.11111111111111
minMGT:  9.586206896551724

avgSGT:  30.69921363040629
stdDvSGT:  43.689351815162794
avgSGT without 0:  30.69921363040629
stdDvSGT without 0:  43.689351815162794
maxSGT:  84.8
minSGT:  10.357142857142858

free lanes %:  35.19075701047058 %, number of free traverse:  2924 num of traverse 8309
number of times in traffic %:  18.35359249007101 %, numero di volte nel traffico:  1525 num of traverse 8309
not free passage %:  65.20640269587194 %, number of not free passage:  5418 num of traverse 8309
junction times
 [33.0, 3.0, 21.0, 2.0, 3.0, 41.0, 8.0, 8.0, 18.0, 3.0, 22.0, 8.0, 16.0, 11.0, 13.0, 1.0, 11.0, 45.0, 8.0, 9.0, 44.0, 10.0, 10.0, 10.0, 23.0, 22.0, 18.0, 6.0, 18.0, 24.0, 33.0, 12.0, 11.0, 15.0, 27.0, 13.0, 4.0, 15.0, 6.0, 35.0, 16.0, 3.0, 5.0, 4.0, 3.0, 14.0, 11.0, 11.0, 19.0, 31.0, 36.0, 14.0, 5.0, 11.0, 11.0, 10.0, 26.0, 6.0, 19.0, 44.0, 16.0, 1.0, 10.0, 22.0, 10.0, 10.0, 16.0, 9.0, 14.0, 21.0, 2.0, 13.0, 26.0, 31.0, 1.0, 11.0, 31.0, 18.0, 19.0, 33.0, 80.0, 33.0, 4.0, 53.0, 29.0, 6.0, 9.0, 9.0, 32.0, 6.0, 24.0, 1.0, 6.0, 33.0, 87.0, 22.0, 19.0, 38.0, 2.0, 10.0, 10.0, 8.0, 11.0, 12.0, 15.0, 8.0, 13.0, 4.0, 11.0, 3.0, 14.0, 64.0, 31.0, 49.0, 2.0, 10.0, 27.0, 16.0, 10.0, 9.0, 23.0, 25.0, 3.0, 61.0, 20.0, 8.0, 21.0, 21.0, 10.0, 34.0, 18.0, 24.0, 9.0, 10.0, 2.0, 23.0, 11.0, 16.0, 25.0, 10.0, 5.0, 13.0, 24.0, 39.0, 5.0, 9.0, 4.0, 8.0, 38.0, 22.0, 16.0, 10.0, 11.0, 23.0, 31.0, 15.0, 7.0, 21.0, 20.0, 2.0, 42.0, 8.0, 12.0, 33.0, 2.0, 5.0, 17.0, 22.0, 9.0, 10.0, 48.0, 11.0, 8.0, 14.0, 11.0, 10.0, 4.0, 6.0, 12.0, 9.0, 13.0, 12.0, 9.0, 11.0, 27.0, 18.0, 6.0, 13.0, 9.0, 8.0, 4.0, 22.0, 9.0, 14.0, 30.0, 28.0, 11.0, 8.0, 11.0, 8.0, 6.0, 1.0, 14.0, 9.0, 6.0, 33.0, 35.0, 16.0, 3.0, 22.0, 3.0, 9.0, 10.0, 2.0, 25.0, 17.0, 22.0, 6.0, 22.0, 18.0, 2.0, 11.0, 16.0, 21.0, 26.0, 15.0, 10.0, 11.0, 30.0, 10.0, 2.0, 17.0, 11.0, 4.0, 5.0, 14.0, 6.0, 4.0, 8.0, 10.0, 20.0, 2.0, 2.0, 85.0, 3.0, 22.0, 8.0, 9.0, 8.0, 14.0, 37.0, 2.0, 2.0, 9.0, 20.0, 8.0, 12.0, 10.0, 26.0, 1.0, 39.0, 15.0, 31.0, 15.0, 8.0, 9.0, 10.0, 8.0, 47.0, 38.0, 9.0, 7.0, 5.0, 9.0, 15.0, 32.0, 37.0, 3.0, 19.0, 9.0, 35.0, 13.0, 5.0, 2.0, 24.0, 2.0, 45.0, 3.0, 5.0, 18.0, 25.0, 12.0, 10.0, 9.0, 9.0, 67.0, 10.0, 4.0, 47.0, 10.0, 8.0, 12.0, 33.0, 42.0, 5.0, 9.0, 7.0, 1.0, 22.0, 34.0, 16.0, 34.0, 10.0, 30.0, 3.0, 9.0, 13.0, 13.0, 7.0, 20.0, 9.0, 9.0, 33.0, 9.0, 6.0, 24.0, 32.0, 8.0, 1.0, 8.0, 14.0, 1.0, 23.0, 46.0, 9.0, 21.0, 4.0, 10.0, 23.0, 3.0, 1.0, 33.0, 20.0, 1.0, 27.0, 8.0, 8.0, 3.0, 27.0, 9.0, 9.0, 9.0, 18.0, 1.0, 35.0, 20.0, 10.0, 2.0, 22.0, 6.0, 24.0, 11.0, 4.0, 13.0, 9.0, 11.0, 10.0, 9.0, 16.0, 8.0, 9.0, 20.0, 13.0, 3.0, 2.0, 10.0, 20.0, 15.0, 7.0, 31.0, 22.0, 22.0, 14.0, 10.0, 3.0, 20.0, 5.0, 9.0, 11.0, 15.0, 9.0, 1.0, 5.0, 17.0, 19.0, 8.0, 11.0, 38.0, 10.0, 2.0, 13.0, 48.0, 15.0, 7.0, 11.0, 24.0, 6.0, 22.0, 13.0, 20.0, 9.0, 19.0, 6.0, 28.0, 12.0, 1.0, 61.0, 65.0, 5.0, 18.0, 7.0, 9.0, 37.0, 5.0, 12.0, 29.0, 8.0, 4.0, 5.0, 20.0, 1.0, 19.0, 20.0, 36.0, 11.0, 23.0, 10.0, 1.0, 11.0, 5.0, 41.0, 11.0, 8.0, 23.0, 7.0, 32.0, 19.0, 13.0, 36.0, 35.0, 34.0, 11.0, 29.0, 7.0, 3.0, 9.0, 26.0, 12.0, 19.0, 1.0, 15.0, 18.0, 44.0, 10.0, 7.0, 18.0, 10.0, 18.0, 8.0, 8.0, 4.0, 64.0, 14.0, 14.0, 99.0, 14.0, 47.0, 1.0, 10.0, 34.0, 19.0, 4.0, 7.0, 29.0, 24.0, 31.0, 13.0, 8.0, 34.0, 10.0, 20.0, 11.0, 8.0, 18.0, 11.0, 4.0, 22.0, 36.0, 3.0, 2.0, 1.0, 21.0, 11.0, 24.0, 3.0, 3.0, 6.0, 19.0, 22.0, 28.0, 11.0, 10.0, 8.0, 10.0, 5.0, 9.0, 10.0, 11.0, 4.0, 13.0, 20.0, 10.0, 17.0, 11.0, 9.0, 28.0, 8.0, 24.0, 33.0, 4.0, 2.0, 22.0, 26.0, 9.0, 46.0, 16.0, 9.0, 1.0, 9.0, 30.0, 28.0, 13.0, 38.0, 19.0, 17.0, 9.0, 20.0, 14.0, 12.0, 10.0, 22.0, 1.0, 1.0, 14.0, 50.0, 10.0, 21.0, 10.0, 4.0, 2.0, 25.0, 17.0, 7.0, 13.0, 22.0, 28.0, 12.0, 20.0, 12.0, 20.0, 10.0, 2.0, 12.0, 17.0, 7.0, 44.0, 8.0, 4.0, 10.0, 13.0, 15.0, 10.0, 22.0, 11.0, 31.0, 10.0, 3.0, 13.0, 37.0, 9.0, 29.0, 11.0, 4.0, 18.0, 10.0, 44.0, 6.0, 15.0, 19.0, 35.0, 11.0, 22.0, 25.0, 15.0, 27.0, 3.0, 23.0, 39.0, 23.0, 20.0, 33.0, 9.0, 21.0, 9.0, 11.0, 11.0, 49.0, 9.0, 33.0, 23.0, 8.0, 6.0, 3.0, 20.0, 5.0, 5.0, 16.0, 6.0, 19.0, 22.0, 16.0, 54.0, 10.0, 11.0, 10.0, 22.0, 18.0, 14.0, 29.0, 15.0, 20.0, 5.0, 40.0, 8.0, 39.0, 35.0, 10.0, 21.0, 2.0, 11.0, 32.0, 64.0, 9.0, 31.0, 8.0, 21.0, 24.0, 67.0, 7.0, 14.0, 7.0, 29.0, 27.0, 20.0, 14.0, 5.0, 11.0, 5.0, 1.0, 22.0, 6.0, 9.0, 2.0, 44.0, 8.0, 8.0, 12.0, 11.0, 16.0, 18.0, 5.0, 26.0, 28.0, 25.0, 46.0, 2.0, 5.0, 8.0, 20.0, 8.0, 9.0, 10.0, 3.0, 10.0, 5.0, 12.0, 18.0, 31.0, 5.0, 10.0, 40.0, 37.0, 35.0, 7.0, 26.0, 18.0, 17.0, 12.0, 9.0, 18.0, 5.0, 61.0, 44.0, 9.0, 3.0, 9.0, 6.0, 9.0, 2.0, 18.0, 9.0, 29.0, 2.0, 32.0, 8.0, 21.0, 14.0, 42.0, 18.0, 2.0, 5.0, 9.0, 6.0, 9.0, 10.0, 32.0, 11.0, 12.0, 11.0, 4.0, 19.0, 12.0, 9.0, 14.0, 3.0, 8.0, 9.0, 9.0, 18.0, 4.0, 28.0, 13.0, 5.0, 4.0, 7.0, 24.0, 9.0, 12.0, 8.0, 18.0, 4.0, 11.0, 4.0, 41.0, 3.0, 9.0, 4.0, 15.0, 20.0, 14.0, 67.0, 4.0, 20.0, 30.0, 10.0, 8.0, 13.0, 21.0, 20.0, 8.0, 6.0, 35.0, 20.0, 11.0, 22.0, 11.0, 14.0, 12.0, 17.0, 35.0, 20.0, 31.0, 57.0, 30.0, 45.0, 10.0, 21.0, 32.0, 4.0, 16.0, 2.0, 21.0, 40.0, 5.0, 20.0, 9.0, 8.0, 28.0, 9.0, 18.0, 17.0, 10.0, 33.0, 23.0, 24.0, 2.0, 25.0, 28.0, 8.0, 10.0, 23.0, 9.0, 3.0, 9.0, 11.0, 20.0, 7.0, 7.0, 17.0, 2.0, 21.0, 22.0, 10.0, 11.0, 30.0, 21.0, 19.0, 9.0, 28.0, 21.0, 13.0, 4.0, 7.0, 11.0, 10.0, 9.0, 12.0, 9.0, 15.0, 17.0, 1.0, 6.0, 20.0, 8.0, 3.0, 6.0, 7.0, 8.0, 14.0, 3.0, 54.0, 43.0, 3.0, 22.0, 27.0, 11.0, 20.0, 34.0, 7.0, 4.0, 24.0, 37.0, 26.0, 41.0, 37.0, 19.0, 3.0, 4.0, 21.0, 6.0, 14.0, 25.0, 20.0, 16.0, 12.0, 5.0, 16.0, 9.0, 8.0, 10.0, 9.0, 4.0, 6.0, 35.0, 12.0, 10.0, 10.0, 2.0, 18.0, 2.0, 1.0, 1.0, 22.0, 10.0, 7.0, 15.0, 41.0, 39.0, 19.0, 35.0, 8.0, 30.0, 10.0, 16.0, 8.0, 29.0, 18.0, 4.0, 5.0, 11.0, 4.0, 11.0, 17.0, 18.0, 49.0, 36.0, 20.0, 3.0, 7.0, 10.0, 10.0, 11.0, 22.0, 19.0, 22.0, 3.0, 14.0, 6.0, 9.0, 12.0, 12.0, 7.0, 20.0, 4.0, 12.0, 1.0, 3.0, 7.0, 6.0, 9.0, 15.0, 29.0, 11.0, 9.0, 30.0, 25.0, 11.0, 8.0, 40.0, 10.0, 9.0, 34.0, 8.0, 4.0, 30.0, 14.0, 66.0, 12.0, 5.0, 9.0, 30.0, 9.0, 16.0, 20.0, 10.0, 9.0, 8.0, 21.0, 24.0, 9.0, 9.0, 22.0, 13.0, 20.0, 11.0, 7.0, 2.0, 10.0, 60.0, 3.0, 12.0, 7.0, 3.0, 9.0, 12.0, 34.0, 20.0, 4.0, 11.0, 3.0, 32.0, 8.0, 10.0, 18.0, 10.0, 7.0, 4.0, 25.0, 34.0, 10.0, 6.0, 20.0, 5.0, 9.0, 11.0, 14.0, 3.0, 21.0, 3.0, 11.0, 9.0, 3.0, 6.0, 4.0, 3.0, 9.0, 21.0, 21.0, 28.0, 10.0, 30.0, 22.0, 2.0, 7.0, 12.0, 28.0, 21.0, 10.0, 1.0, 7.0, 4.0, 15.0, 2.0, 3.0, 10.0, 11.0, 31.0, 31.0, 10.0, 18.0, 3.0, 6.0, 8.0, 7.0, 12.0, 20.0, 31.0, 9.0, 17.0, 4.0, 11.0, 22.0, 14.0, 2.0, 4.0, 18.0, 9.0, 19.0, 24.0, 5.0, 1.0, 29.0, 15.0, 11.0, 2.0, 12.0, 8.0, 21.0, 11.0, 14.0, 11.0, 17.0, 7.0, 11.0, 11.0, 25.0, 3.0, 33.0, 37.0, 2.0, 5.0, 11.0, 10.0, 4.0, 18.0, 11.0, 20.0, 25.0, 7.0, 25.0, 4.0, 50.0, 11.0, 2.0, 19.0, 11.0, 24.0, 3.0, 21.0, 5.0, 10.0, 17.0, 4.0, 46.0, 1.0, 18.0, 20.0, 22.0, 21.0, 9.0, 3.0, 48.0, 12.0, 28.0, 10.0, 5.0, 9.0, 31.0, 9.0, 25.0, 21.0, 22.0, 27.0, 32.0, 19.0, 20.0, 40.0, 25.0, 1.0, 33.0, 11.0, 5.0, 3.0, 10.0, 28.0, 1.0, 10.0, 22.0, 10.0, 10.0, 19.0, 16.0, 10.0, 49.0, 9.0, 21.0, 20.0, 10.0, 10.0, 5.0, 10.0, 18.0, 22.0, 56.0, 14.0, 9.0, 20.0, 14.0, 5.0, 2.0, 18.0, 13.0, 11.0, 26.0, 3.0, 19.0, 7.0, 3.0, 9.0, 9.0, 11.0, 2.0, 4.0, 6.0, 7.0, 13.0, 12.0, 13.0, 6.0, 11.0, 25.0, 11.0, 2.0, 9.0, 9.0, 6.0, 11.0, 45.0, 32.0, 25.0, 1.0, 43.0, 27.0, 21.0, 5.0, 28.0, 28.0, 5.0, 18.0, 5.0, 2.0, 6.0, 35.0, 15.0, 2.0, 10.0, 1.0, 3.0, 9.0, 11.0, 10.0, 34.0, 40.0, 37.0, 5.0, 6.0, 7.0, 3.0, 1.0, 9.0, 20.0, 10.0, 9.0, 18.0, 48.0, 9.0, 21.0, 3.0, 10.0, 10.0, 30.0, 30.0, 4.0, 8.0, 12.0, 1.0, 17.0, 17.0, 11.0, 23.0, 16.0, 3.0, 12.0, 16.0, 9.0, 8.0, 42.0, 16.0, 9.0, 7.0, 17.0, 30.0, 10.0, 48.0, 11.0, 25.0, 22.0, 44.0, 9.0, 11.0, 21.0, 42.0, 41.0, 3.0, 21.0, 11.0, 10.0, 7.0, 12.0, 19.0, 10.0, 17.0, 38.0, 5.0, 10.0, 30.0, 5.0, 27.0, 9.0, 11.0, 18.0, 21.0, 2.0, 28.0, 30.0, 10.0, 9.0, 9.0, 58.0, 18.0, 18.0, 20.0, 7.0, 11.0, 22.0, 21.0, 12.0, 4.0, 2.0, 22.0, 3.0, 48.0, 7.0, 10.0, 20.0, 5.0, 19.0, 13.0, 23.0, 81.0, 10.0, 43.0, 38.0, 5.0, 10.0, 4.0, 5.0, 14.0, 38.0, 19.0, 43.0, 15.0, 10.0, 10.0, 12.0, 30.0, 11.0, 6.0, 8.0, 4.0, 8.0, 29.0, 3.0, 2.0, 8.0, 22.0, 11.0, 3.0, 8.0, 9.0, 94.0, 1.0, 19.0, 7.0, 10.0, 9.0, 5.0, 21.0, 9.0, 7.0, 33.0, 49.0, 8.0, 14.0, 6.0, 21.0, 1.0, 2.0, 24.0, 5.0, 9.0, 2.0, 16.0, 21.0, 16.0, 90.0, 9.0, 9.0, 13.0, 10.0, 32.0, 10.0, 9.0, 13.0, 20.0, 19.0, 9.0, 12.0, 12.0, 11.0, 4.0, 23.0, 23.0, 39.0, 11.0, 11.0, 18.0, 12.0, 3.0, 18.0, 17.0, 9.0, 20.0, 17.0, 8.0, 10.0, 14.0, 10.0, 6.0, 21.0, 9.0, 25.0, 27.0, 18.0, 8.0, 7.0, 78.0, 14.0, 15.0, 10.0, 2.0, 5.0, 4.0, 6.0, 25.0, 31.0, 27.0, 10.0, 3.0, 26.0, 20.0, 13.0, 9.0, 60.0, 14.0, 40.0, 3.0, 38.0, 17.0, 5.0, 2.0, 4.0, 2.0, 67.0, 7.0, 5.0, 16.0, 37.0, 18.0, 9.0, 6.0, 12.0, 8.0, 11.0, 19.0, 6.0, 10.0, 11.0, 22.0, 10.0, 21.0, 39.0, 28.0, 10.0, 11.0, 7.0, 11.0, 5.0, 6.0, 21.0, 63.0, 7.0, 1.0, 4.0, 17.0, 9.0, 9.0, 11.0, 10.0, 9.0, 15.0, 22.0, 5.0, 51.0, 9.0, 15.0, 9.0, 5.0, 89.0, 8.0, 9.0, 3.0, 4.0, 38.0, 15.0, 50.0, 12.0, 10.0, 14.0, 18.0, 43.0, 19.0, 9.0, 4.0, 20.0, 2.0, 12.0, 10.0, 22.0, 9.0, 6.0, 4.0, 25.0, 1.0, 9.0, 8.0, 1.0, 7.0, 30.0, 17.0, 9.0, 10.0, 35.0, 25.0, 20.0, 11.0, 17.0, 16.0, 6.0, 23.0, 9.0, 16.0, 8.0, 12.0, 14.0, 19.0, 11.0, 28.0, 23.0, 6.0, 32.0, 5.0, 12.0, 11.0, 10.0, 1.0, 14.0, 20.0, 10.0, 30.0, 13.0, 22.0, 9.0, 11.0, 17.0, 10.0, 14.0, 26.0, 11.0, 10.0, 20.0, 2.0, 28.0, 16.0, 6.0, 3.0, 14.0, 9.0, 20.0, 45.0, 20.0, 22.0, 5.0, 10.0, 27.0, 8.0, 66.0, 32.0, 47.0, 19.0, 11.0, 15.0, 23.0, 6.0, 8.0, 10.0, 10.0, 2.0, 9.0, 23.0, 7.0, 47.0, 10.0, 4.0, 10.0, 10.0, 33.0, 18.0, 11.0, 21.0, 11.0, 10.0, 3.0, 11.0, 17.0, 9.0, 15.0, 17.0, 7.0, 3.0, 21.0, 15.0, 23.0, 1.0, 1.0, 22.0, 22.0, 24.0, 20.0, 14.0, 23.0, 11.0, 20.0, 24.0, 4.0, 9.0, 11.0, 9.0, 3.0, 10.0, 37.0, 10.0, 12.0, 11.0, 9.0, 11.0, 20.0, 10.0, 16.0, 9.0, 20.0, 35.0, 9.0, 2.0, 18.0, 9.0, 12.0, 9.0, 1.0, 3.0, 10.0, 7.0, 5.0, 10.0, 9.0, 7.0, 16.0, 7.0, 32.0, 27.0, 11.0, 20.0, 3.0, 10.0, 26.0, 4.0, 4.0, 22.0, 26.0, 11.0, 11.0, 19.0, 10.0, 38.0, 8.0, 4.0, 11.0, 4.0, 3.0, 17.0, 50.0, 23.0, 12.0, 24.0, 6.0, 9.0, 8.0, 31.0, 10.0, 8.0, 11.0, 7.0, 13.0, 29.0, 2.0, 9.0, 4.0, 37.0, 16.0, 10.0, 23.0, 19.0, 12.0, 11.0, 19.0, 9.0, 2.0, 1.0, 5.0, 5.0, 69.0, 9.0, 21.0, 22.0, 2.0, 24.0, 19.0, 17.0, 6.0, 10.0, 29.0, 8.0, 2.0, 8.0, 3.0, 5.0, 10.0, 1.0, 20.0, 9.0, 4.0, 4.0, 4.0, 3.0, 6.0, 37.0, 20.0, 8.0, 5.0, 13.0, 14.0, 36.0, 7.0, 41.0, 18.0, 4.0, 10.0, 53.0, 30.0, 16.0, 19.0, 8.0, 15.0, 4.0, 8.0, 9.0, 9.0, 8.0, 69.0, 23.0, 4.0, 12.0, 74.0, 11.0, 21.0, 19.0, 5.0, 12.0, 31.0, 19.0, 2.0, 7.0, 3.0, 10.0, 10.0, 8.0, 19.0, 24.0, 1.0, 11.0, 6.0, 14.0, 13.0, 20.0, 3.0, 24.0, 35.0, 24.0, 21.0, 17.0, 3.0, 1.0, 3.0, 5.0, 27.0, 19.0, 31.0, 1.0, 10.0, 32.0, 22.0, 19.0, 21.0, 43.0, 3.0, 8.0, 35.0, 11.0, 9.0, 20.0, 8.0, 20.0, 22.0, 5.0, 1.0, 25.0, 5.0, 6.0, 19.0, 10.0, 41.0, 16.0, 30.0, 3.0, 5.0, 10.0, 25.0, 9.0, 5.0, 7.0, 19.0, 18.0, 30.0, 9.0, 17.0, 13.0, 4.0, 1.0, 8.0, 10.0, 6.0, 20.0, 8.0, 11.0, 10.0, 11.0, 20.0, 28.0, 12.0, 10.0, 5.0, 38.0, 9.0, 9.0, 34.0, 45.0, 24.0, 10.0, 21.0, 22.0, 22.0, 27.0, 12.0, 4.0, 11.0, 4.0, 20.0, 3.0, 31.0, 4.0, 3.0, 16.0, 18.0, 10.0, 7.0, 12.0, 28.0, 7.0, 9.0, 14.0, 39.0, 32.0, 19.0, 4.0, 8.0, 19.0, 19.0, 6.0, 25.0, 14.0, 13.0, 34.0, 1.0, 36.0, 29.0, 11.0, 21.0, 39.0, 7.0, 36.0, 8.0, 15.0, 5.0, 2.0, 6.0, 9.0, 1.0, 7.0, 18.0, 5.0, 19.0, 16.0, 7.0, 21.0, 5.0, 3.0, 13.0, 23.0, 65.0, 23.0, 16.0, 5.0, 25.0, 14.0, 3.0, 29.0, 5.0, 19.0, 10.0, 51.0, 21.0, 28.0, 56.0, 21.0, 20.0, 4.0, 3.0, 13.0, 14.0, 59.0, 20.0, 2.0, 22.0, 2.0, 92.0, 9.0, 4.0, 30.0, 1.0, 12.0, 57.0, 13.0, 44.0, 22.0, 11.0, 6.0, 9.0, 11.0, 19.0, 3.0, 4.0, 1.0, 22.0, 7.0, 1.0, 23.0, 3.0, 41.0, 9.0, 19.0, 9.0, 10.0, 22.0, 9.0, 23.0, 3.0, 2.0, 4.0, 9.0, 11.0, 20.0, 24.0, 10.0, 10.0, 68.0, 5.0, 17.0, 7.0, 15.0, 11.0, 12.0, 9.0, 8.0, 55.0, 42.0, 5.0, 39.0, 8.0, 9.0, 24.0, 38.0, 52.0, 6.0, 1.0, 21.0, 14.0, 10.0, 9.0, 35.0, 11.0, 5.0, 3.0, 12.0, 35.0, 17.0, 34.0, 5.0, 45.0, 10.0, 40.0, 11.0, 37.0, 8.0, 11.0, 24.0, 10.0, 9.0, 29.0, 21.0, 11.0, 10.0, 9.0, 18.0, 8.0, 11.0, 19.0, 20.0, 14.0, 11.0, 4.0, 9.0, 22.0, 14.0, 3.0, 24.0, 19.0, 1.0, 74.0, 7.0, 11.0, 35.0, 26.0, 5.0, 8.0, 1.0, 19.0, 4.0, 18.0, 22.0, 11.0, 33.0, 21.0, 15.0, 22.0, 16.0, 3.0, 16.0, 20.0, 2.0, 16.0, 49.0, 13.0, 11.0, 4.0, 12.0, 5.0, 29.0, 33.0, 21.0, 8.0, 9.0, 1.0, 10.0, 5.0, 13.0, 64.0, 7.0, 10.0, 8.0, 8.0, 9.0, 4.0, 9.0, 1.0, 4.0, 10.0, 6.0, 2.0, 24.0, 18.0, 32.0, 11.0, 73.0, 38.0, 9.0, 20.0, 14.0, 19.0, 2.0, 18.0, 22.0, 34.0, 2.0, 6.0, 10.0, 86.0, 32.0, 29.0, 19.0, 11.0, 20.0, 25.0, 11.0, 3.0, 34.0, 21.0, 10.0, 40.0, 7.0, 28.0, 30.0, 28.0, 18.0, 12.0, 18.0, 15.0, 4.0, 23.0, 16.0, 34.0, 9.0, 14.0, 4.0, 31.0, 10.0, 8.0, 3.0, 21.0, 15.0, 19.0, 12.0, 13.0, 16.0, 20.0, 11.0, 20.0, 44.0, 21.0, 9.0, 8.0, 1.0, 22.0, 7.0, 14.0, 4.0, 20.0, 4.0, 2.0, 9.0, 25.0, 2.0, 15.0, 9.0, 27.0, 6.0, 19.0, 21.0, 9.0, 9.0, 10.0, 2.0, 1.0, 15.0, 12.0, 2.0, 12.0, 10.0, 6.0, 36.0, 2.0, 2.0, 2.0, 17.0, 12.0, 4.0, 9.0, 10.0, 20.0, 11.0, 23.0, 16.0, 8.0, 1.0, 18.0, 68.0, 10.0, 2.0, 19.0, 4.0, 20.0, 22.0, 7.0, 32.0, 12.0, 2.0, 9.0, 44.0, 23.0, 21.0, 11.0, 9.0, 21.0, 31.0, 14.0, 8.0, 10.0, 3.0, 24.0, 5.0, 3.0, 13.0, 10.0, 24.0, 4.0, 4.0, 32.0, 33.0, 53.0, 37.0, 10.0, 8.0, 29.0, 3.0, 11.0, 40.0, 89.0, 1.0, 10.0, 6.0, 20.0, 12.0, 2.0, 66.0, 10.0, 10.0, 2.0, 5.0, 14.0, 3.0, 29.0, 49.0, 17.0, 4.0, 32.0, 6.0, 40.0, 10.0, 1.0, 25.0, 28.0, 8.0, 33.0, 1.0, 9.0, 16.0, 34.0, 6.0, 8.0, 23.0, 10.0, 30.0, 11.0, 20.0, 3.0, 1.0, 12.0, 66.0, 4.0, 22.0, 48.0, 3.0, 15.0, 8.0, 14.0, 29.0, 10.0, 2.0, 24.0, 5.0, 30.0, 19.0, 38.0, 90.0, 14.0, 26.0, 15.0, 4.0, 7.0, 6.0, 10.0, 9.0, 8.0, 8.0, 4.0, 11.0, 8.0, 9.0, 11.0, 9.0, 8.0, 10.0, 10.0, 19.0, 7.0, 10.0, 24.0, 46.0, 4.0, 11.0, 1.0, 21.0, 3.0, 23.0, 20.0, 10.0, 6.0, 12.0, 9.0, 64.0, 5.0, 36.0, 36.0, 7.0, 19.0, 10.0, 10.0, 23.0, 3.0, 51.0, 10.0, 3.0, 8.0, 10.0, 6.0, 20.0, 1.0, 2.0, 6.0, 23.0, 13.0, 2.0, 5.0, 91.0, 13.0, 27.0, 21.0, 2.0, 11.0, 2.0, 11.0, 10.0, 2.0, 10.0, 30.0, 4.0, 9.0, 9.0, 1.0, 42.0, 9.0, 10.0, 60.0, 9.0, 4.0, 35.0, 6.0, 35.0, 4.0, 3.0, 20.0, 4.0, 13.0, 2.0, 2.0, 7.0, 10.0, 9.0, 43.0, 4.0, 4.0, 4.0, 8.0, 12.0, 19.0, 41.0, 33.0, 3.0, 8.0, 14.0, 31.0, 9.0, 9.0, 22.0, 9.0, 20.0, 5.0, 21.0, 51.0, 2.0, 5.0, 8.0, 25.0, 18.0, 12.0, 11.0, 6.0, 9.0, 8.0, 11.0, 63.0, 9.0, 5.0, 9.0, 5.0, 10.0, 9.0, 14.0, 38.0, 8.0, 9.0, 9.0, 1.0, 34.0, 2.0, 19.0, 21.0, 5.0, 12.0, 41.0, 4.0, 20.0, 9.0, 20.0, 1.0, 12.0, 23.0, 12.0, 13.0, 34.0, 11.0, 5.0, 12.0, 26.0, 20.0, 20.0, 10.0, 21.0, 13.0, 68.0, 13.0, 20.0, 9.0, 9.0, 8.0, 8.0, 19.0, 7.0, 9.0, 4.0, 10.0, 1.0, 46.0, 4.0, 46.0, 56.0, 25.0, 35.0, 12.0, 2.0, 20.0, 10.0, 22.0, 14.0, 8.0, 20.0, 29.0, 3.0, 3.0, 29.0, 19.0, 19.0, 58.0, 27.0, 26.0, 27.0, 10.0, 8.0, 15.0, 8.0, 9.0, 15.0, 12.0, 33.0, 19.0, 17.0, 12.0, 17.0, 6.0, 11.0, 7.0, 8.0, 42.0, 12.0, 21.0, 19.0, 20.0, 17.0, 2.0, 7.0, 14.0, 11.0, 1.0, 8.0, 3.0, 20.0, 20.0, 32.0, 24.0, 9.0, 15.0, 10.0, 7.0, 7.0, 13.0, 20.0, 9.0, 9.0, 42.0, 9.0, 24.0, 12.0, 28.0, 2.0, 8.0, 27.0, 4.0, 11.0, 41.0, 11.0, 3.0, 11.0, 4.0, 13.0, 34.0, 7.0, 10.0, 11.0, 13.0, 5.0, 15.0, 10.0, 9.0, 10.0, 11.0, 10.0, 11.0, 30.0, 3.0, 7.0, 8.0, 30.0, 10.0, 2.0, 20.0, 6.0, 14.0, 4.0, 27.0, 49.0, 17.0, 14.0, 10.0, 4.0, 4.0, 27.0, 10.0, 8.0, 24.0, 3.0, 9.0, 16.0, 7.0, 49.0, 4.0, 16.0, 37.0, 25.0, 9.0, 15.0, 5.0, 4.0, 25.0, 21.0, 9.0, 33.0, 10.0, 17.0, 35.0, 10.0, 22.0, 11.0, 12.0, 45.0, 3.0, 45.0, 39.0, 7.0, 6.0, 16.0, 5.0, 10.0, 9.0, 7.0, 33.0, 22.0, 20.0, 24.0, 35.0, 30.0, 5.0, 8.0, 9.0, 9.0, 3.0, 8.0, 1.0, 2.0, 31.0, 3.0, 1.0, 10.0, 27.0, 14.0, 14.0, 13.0, 28.0, 9.0, 33.0, 6.0, 31.0, 20.0, 64.0, 1.0, 7.0, 15.0, 37.0, 53.0, 45.0, 13.0, 23.0, 25.0, 9.0, 22.0, 20.0, 7.0, 95.0, 13.0, 19.0, 33.0, 4.0, 2.0, 4.0, 28.0, 8.0, 31.0, 1.0, 6.0, 24.0, 4.0, 5.0, 13.0, 13.0, 31.0, 19.0, 30.0, 7.0, 8.0, 19.0, 10.0, 1.0, 4.0, 32.0, 5.0, 5.0, 15.0, 11.0, 8.0, 2.0, 10.0, 6.0, 16.0, 1.0, 5.0, 9.0, 27.0, 4.0, 15.0, 2.0, 36.0, 36.0, 1.0, 21.0, 10.0, 4.0, 17.0, 28.0, 1.0, 24.0, 22.0, 25.0, 7.0, 13.0, 15.0, 26.0, 10.0, 8.0, 4.0, 2.0, 9.0, 21.0, 21.0, 18.0, 4.0, 2.0, 6.0, 11.0, 22.0, 14.0, 48.0, 4.0, 4.0, 34.0, 10.0, 3.0, 7.0, 27.0, 34.0, 12.0, 42.0, 30.0, 21.0, 5.0, 8.0, 34.0, 7.0, 14.0, 6.0, 3.0] 

traffic times
 [36.0, 40.0, 12.0, 32.0, 1.0, 62.0, 3.0, 5.0, 43.0, 22.0, 1.0, 45.0, 39.0, 1.0, 7.0, 50.0, 11.0, 126.0, 124.0, 31.0, 6.0, 10.0, 1.0, 12.0, 7.0, 10.0, 1.0, 91.0, 7.0, 66.0, 32.0, 31.0, 1.0, 35.0, 10.0, 12.0, 9.0, 193.0, 23.0, 14.0, 5.0, 69.0, 12.0, 8.0, 50.0, 1.0, 38.0, 12.0, 6.0, 26.0, 1.0, 14.0, 1.0, 32.0, 12.0, 74.0, 1.0, 3.0, 36.0, 5.0, 1.0, 46.0, 6.0, 6.0, 19.0, 367.0, 36.0, 14.0, 2.0, 1.0, 8.0, 9.0, 2.0, 18.0, 18.0, 6.0, 33.0, 2.0, 23.0, 144.0, 34.0, 9.0, 1.0, 89.0, 39.0, 60.0, 72.0, 7.0, 81.0, 129.0, 45.0, 44.0, 1.0, 10.0, 4.0, 68.0, 24.0, 8.0, 12.0, 2.0, 2.0, 21.0, 5.0, 1.0, 10.0, 62.0, 8.0, 3.0, 1.0, 6.0, 1.0, 12.0, 1.0, 146.0, 12.0, 1.0, 1.0, 12.0, 3.0, 1.0, 10.0, 55.0, 13.0, 19.0, 1.0, 1.0, 33.0, 49.0, 12.0, 11.0, 1.0, 13.0, 1.0, 1.0, 36.0, 21.0, 21.0, 5.0, 3.0, 2.0, 135.0, 30.0, 51.0, 1.0, 90.0, 1.0, 18.0, 1.0, 53.0, 39.0, 43.0, 23.0, 112.0, 17.0, 1.0, 73.0, 13.0, 1.0, 6.0, 15.0, 24.0, 1.0, 20.0, 1.0, 3.0, 7.0, 114.0, 3.0, 29.0, 15.0, 1.0, 1.0, 17.0, 8.0, 45.0, 24.0, 11.0, 131.0, 334.0, 13.0, 11.0, 33.0, 9.0, 13.0, 11.0, 45.0, 11.0, 150.0, 1.0, 23.0, 24.0, 5.0, 19.0, 7.0, 43.0, 47.0, 1.0, 20.0, 83.0, 29.0, 132.0, 26.0, 34.0, 6.0, 1.0, 1.0, 63.0, 2.0, 13.0, 11.0, 8.0, 27.0, 4.0, 49.0, 61.0, 163.0, 1.0, 8.0, 156.0, 7.0, 19.0, 8.0, 53.0, 29.0, 16.0, 7.0, 118.0, 1.0, 9.0, 19.0, 15.0, 8.0, 1.0, 28.0, 17.0, 39.0, 1.0, 15.0, 1.0, 17.0, 2.0, 11.0, 12.0, 37.0, 10.0, 7.0, 93.0, 4.0, 4.0, 36.0, 77.0, 8.0, 21.0, 22.0, 1.0, 44.0, 11.0, 18.0, 31.0, 69.0, 65.0, 26.0, 1.0, 44.0, 46.0, 1.0, 3.0, 22.0, 88.0, 10.0, 29.0, 86.0, 112.0, 6.0, 21.0, 1.0, 8.0, 13.0, 64.0, 61.0, 15.0, 6.0, 15.0, 16.0, 7.0, 1.0, 8.0, 61.0, 9.0, 6.0, 24.0, 22.0, 83.0, 15.0, 22.0, 58.0, 6.0, 18.0, 25.0, 51.0, 61.0, 16.0, 1.0, 20.0, 8.0, 1.0, 24.0, 30.0, 90.0, 22.0, 23.0, 229.0, 11.0, 2.0, 124.0, 19.0, 63.0, 34.0, 2.0, 1.0, 54.0, 10.0, 18.0, 42.0, 68.0, 14.0, 1.0, 63.0, 1.0, 4.0, 18.0, 40.0, 98.0, 15.0, 60.0, 11.0, 310.0, 1.0, 6.0, 3.0, 98.0, 55.0, 11.0, 19.0, 22.0, 18.0, 76.0, 1.0, 109.0, 12.0, 40.0, 8.0, 3.0, 12.0, 57.0, 98.0, 9.0, 7.0, 57.0, 11.0, 2.0, 1.0, 1.0, 1.0, 113.0, 94.0, 27.0, 12.0, 145.0, 14.0, 20.0, 12.0, 20.0, 1.0, 62.0, 24.0, 12.0, 104.0, 51.0, 8.0, 1.0, 10.0, 2.0, 19.0, 28.0, 12.0, 16.0, 24.0, 8.0, 17.0, 7.0, 71.0, 52.0, 1.0, 177.0, 55.0, 1.0, 12.0, 25.0, 18.0, 13.0, 48.0, 56.0, 98.0, 44.0, 16.0, 8.0, 2.0, 2.0, 93.0, 4.0, 6.0, 311.0, 47.0, 32.0, 41.0, 38.0, 12.0, 21.0, 49.0, 6.0, 21.0, 1.0, 9.0, 22.0, 1.0, 14.0, 46.0, 40.0, 6.0, 41.0, 12.0, 22.0, 99.0, 66.0, 90.0, 24.0, 4.0, 13.0, 15.0, 12.0, 11.0, 29.0, 42.0, 11.0, 117.0, 119.0, 11.0, 7.0, 48.0, 12.0, 1.0, 5.0, 1.0, 5.0, 1.0, 1.0, 1.0, 18.0, 1.0, 11.0, 27.0, 13.0, 8.0, 79.0, 11.0, 51.0, 116.0, 21.0, 196.0, 3.0, 27.0, 1.0, 55.0, 1.0, 12.0, 12.0, 14.0, 17.0, 7.0, 1.0, 77.0, 57.0, 27.0, 14.0, 35.0, 1.0, 22.0, 20.0, 79.0, 1.0, 11.0, 6.0, 12.0, 44.0, 16.0, 17.0, 19.0, 8.0, 37.0, 11.0, 5.0, 8.0, 1.0, 54.0, 13.0, 1.0, 10.0, 50.0, 10.0, 16.0, 49.0, 32.0, 51.0, 1.0, 42.0, 4.0, 39.0, 60.0, 19.0, 49.0, 1.0, 18.0, 11.0, 1.0, 1.0, 12.0, 54.0, 124.0, 19.0, 9.0, 20.0, 78.0, 14.0, 8.0, 22.0, 40.0, 16.0, 1.0, 4.0, 82.0, 23.0, 46.0, 31.0, 59.0, 22.0, 12.0, 39.0, 12.0, 5.0, 1.0, 11.0, 1.0, 43.0, 17.0, 1.0, 4.0, 58.0, 13.0, 85.0, 61.0, 43.0, 2.0, 18.0, 92.0, 10.0, 2.0, 45.0, 5.0, 1.0, 43.0, 18.0, 121.0, 1.0, 364.0, 6.0, 2.0, 48.0, 16.0, 72.0, 11.0, 24.0, 10.0, 26.0, 43.0, 1.0, 17.0, 21.0, 20.0, 1.0, 13.0, 21.0, 32.0, 62.0, 1.0, 20.0, 43.0, 9.0, 6.0, 29.0, 8.0, 45.0, 33.0, 43.0, 38.0, 22.0, 1.0, 11.0, 1.0, 10.0, 62.0, 18.0, 1.0, 298.0, 1.0, 33.0, 52.0, 6.0, 17.0, 30.0, 18.0, 11.0, 48.0, 13.0, 73.0, 68.0, 1.0, 9.0, 11.0, 54.0, 32.0, 6.0, 318.0, 4.0, 17.0, 21.0, 1.0, 7.0, 28.0, 1.0, 62.0, 1.0, 29.0, 14.0, 16.0, 55.0, 23.0, 5.0, 8.0, 55.0, 61.0, 31.0, 26.0, 81.0, 39.0, 1.0, 1.0, 1.0, 8.0, 30.0, 190.0, 32.0, 1.0, 57.0, 1.0, 2.0, 49.0, 1.0, 1.0, 31.0, 35.0, 1.0, 61.0, 12.0, 1.0, 55.0, 52.0, 8.0, 5.0, 6.0, 1.0, 12.0, 56.0, 2.0, 80.0, 46.0, 50.0, 22.0, 22.0, 15.0, 1.0, 10.0, 21.0, 1.0, 1.0, 11.0, 36.0, 1.0, 1.0, 46.0, 12.0, 13.0, 45.0, 12.0, 127.0, 27.0, 45.0, 15.0, 7.0, 29.0, 73.0, 14.0, 28.0, 17.0, 39.0, 35.0, 7.0, 30.0, 48.0, 8.0, 13.0, 1.0, 3.0, 1.0, 1.0, 10.0, 25.0, 18.0, 41.0, 32.0, 11.0, 13.0, 1.0, 80.0, 33.0, 14.0, 36.0, 8.0, 17.0, 60.0, 25.0, 256.0, 10.0, 211.0, 13.0, 6.0, 14.0, 23.0, 6.0, 14.0, 13.0, 41.0, 6.0, 22.0, 17.0, 40.0, 8.0, 17.0, 186.0, 46.0, 2.0, 29.0, 62.0, 7.0, 7.0, 8.0, 7.0, 105.0, 27.0, 55.0, 5.0, 49.0, 1.0, 29.0, 10.0, 1.0, 30.0, 1.0, 1.0, 35.0, 24.0, 52.0, 23.0, 30.0, 10.0, 2.0, 327.0, 20.0, 16.0, 3.0, 6.0, 24.0, 44.0, 1.0, 33.0, 15.0, 7.0, 5.0, 27.0, 1.0, 18.0, 65.0, 99.0, 12.0, 16.0, 1.0, 5.0, 33.0, 24.0, 15.0, 135.0, 23.0, 23.0, 16.0, 56.0, 17.0, 29.0, 12.0, 1.0, 38.0, 104.0, 1.0, 22.0, 57.0, 11.0, 3.0, 1.0, 11.0, 272.0, 3.0, 6.0, 38.0, 55.0, 12.0, 7.0, 24.0, 2.0, 58.0, 7.0, 84.0, 17.0, 12.0, 1.0, 1.0, 42.0, 3.0, 31.0, 23.0, 15.0, 18.0, 4.0, 32.0, 1.0, 1.0, 81.0, 1.0, 33.0, 18.0, 10.0, 23.0, 1.0, 105.0, 64.0, 32.0, 1.0, 1.0, 50.0, 50.0, 17.0, 65.0, 37.0, 21.0, 142.0, 33.0, 13.0, 34.0, 4.0, 8.0, 80.0, 23.0, 23.0, 1.0, 10.0, 3.0, 29.0, 11.0, 10.0, 17.0, 27.0, 9.0, 32.0, 1.0, 25.0, 33.0, 37.0, 14.0, 10.0, 6.0, 56.0, 14.0, 50.0, 16.0, 32.0, 162.0, 2.0, 2.0, 39.0, 59.0, 7.0, 23.0, 12.0, 9.0, 7.0, 1.0, 25.0, 3.0, 69.0, 20.0, 11.0, 334.0, 77.0, 1.0, 1.0, 152.0, 2.0, 15.0, 34.0, 78.0, 29.0, 167.0, 11.0, 1.0, 1.0, 19.0, 1.0, 289.0, 33.0, 99.0, 1.0, 38.0, 234.0, 1.0, 4.0, 45.0, 6.0, 66.0, 11.0, 24.0, 5.0, 65.0, 4.0, 28.0, 1.0, 90.0, 7.0, 10.0, 1.0, 1.0, 1.0, 48.0, 10.0, 75.0, 6.0, 39.0, 24.0, 6.0, 97.0, 110.0, 20.0, 6.0, 209.0, 48.0, 6.0, 43.0, 13.0, 41.0, 71.0, 8.0, 13.0, 8.0, 60.0, 86.0, 61.0, 1.0, 33.0, 72.0, 20.0, 3.0, 63.0, 4.0, 1.0, 14.0, 7.0, 1.0, 17.0, 14.0, 2.0, 9.0, 28.0, 8.0, 7.0, 2.0, 55.0, 12.0, 1.0, 8.0, 5.0, 37.0, 8.0, 10.0, 1.0, 40.0, 21.0, 25.0, 1.0, 11.0, 16.0, 87.0, 83.0, 9.0, 34.0, 1.0, 34.0, 1.0, 62.0, 1.0, 85.0, 27.0, 1.0, 32.0, 167.0, 11.0, 43.0, 8.0, 8.0, 1.0, 5.0, 55.0, 5.0, 2.0, 206.0, 1.0, 292.0, 52.0, 1.0, 82.0, 37.0, 1.0, 16.0, 21.0, 22.0, 74.0, 4.0, 25.0, 115.0, 11.0, 21.0, 18.0, 1.0, 5.0, 14.0, 1.0, 1.0, 30.0, 68.0, 25.0, 121.0, 57.0, 15.0, 57.0, 105.0, 37.0, 14.0, 116.0, 13.0, 7.0, 6.0, 1.0, 1.0, 22.0, 4.0, 7.0, 10.0, 3.0, 1.0, 12.0, 40.0, 13.0, 44.0, 35.0, 23.0, 13.0, 9.0, 6.0, 27.0, 70.0, 9.0, 7.0, 11.0, 44.0, 73.0, 6.0, 2.0, 5.0, 40.0, 1.0, 7.0, 78.0, 10.0, 7.0, 25.0, 36.0, 13.0, 17.0, 1.0, 1.0, 5.0, 1.0, 107.0, 113.0, 1.0, 41.0, 18.0, 9.0, 1.0, 23.0, 101.0, 3.0, 2.0, 29.0, 15.0, 12.0, 81.0, 1.0, 48.0, 1.0, 2.0, 10.0, 18.0, 1.0, 39.0, 5.0, 6.0, 6.0, 64.0, 16.0, 3.0, 12.0, 26.0, 8.0, 76.0, 88.0, 12.0, 53.0, 11.0, 109.0, 11.0, 32.0, 21.0, 1.0, 18.0, 27.0, 1.0, 92.0, 1.0, 19.0, 29.0, 1.0, 2.0, 60.0, 77.0, 11.0, 25.0, 39.0, 6.0, 31.0, 1.0, 1.0, 23.0, 14.0, 8.0, 111.0, 1.0, 21.0, 1.0, 18.0, 1.0, 1.0, 11.0, 22.0, 97.0, 1.0, 38.0, 34.0, 12.0, 3.0, 14.0, 1.0, 1.0, 9.0, 29.0, 30.0, 20.0, 62.0, 56.0, 1.0, 245.0, 97.0, 16.0, 1.0, 13.0, 10.0, 11.0, 48.0, 1.0, 51.0, 36.0, 49.0, 2.0, 47.0, 43.0, 7.0, 1.0, 21.0, 7.0, 18.0, 10.0, 83.0, 10.0, 15.0, 11.0, 21.0, 13.0, 3.0, 6.0, 32.0, 8.0, 23.0, 65.0, 12.0, 13.0, 38.0, 6.0, 20.0, 14.0, 4.0, 7.0, 29.0, 16.0, 8.0, 6.0, 11.0, 11.0, 70.0, 12.0, 1.0, 50.0, 74.0, 22.0, 111.0, 33.0, 1.0, 27.0, 20.0, 4.0, 12.0, 13.0, 1.0, 1.0, 24.0, 20.0, 3.0, 7.0, 109.0, 19.0, 41.0, 23.0, 12.0, 1.0, 8.0, 73.0, 43.0, 9.0, 6.0, 47.0, 14.0, 17.0, 8.0, 26.0, 3.0, 84.0, 35.0, 2.0, 11.0, 33.0, 15.0, 11.0, 25.0, 79.0, 1.0, 8.0, 44.0, 44.0, 27.0, 38.0, 49.0, 16.0, 28.0, 19.0, 137.0, 12.0, 15.0, 36.0, 8.0, 13.0, 1.0, 6.0, 15.0, 52.0, 5.0, 95.0, 1.0, 10.0, 6.0, 344.0, 1.0, 36.0, 145.0, 32.0, 11.0, 53.0, 31.0, 68.0, 18.0, 1.0, 28.0, 47.0, 23.0, 25.0, 1.0, 2.0, 1.0, 1.0, 12.0, 32.0, 148.0, 6.0, 14.0, 14.0, 74.0, 2.0, 92.0, 1.0, 16.0, 22.0, 25.0, 1.0, 32.0, 154.0, 45.0, 11.0, 52.0, 13.0, 19.0, 82.0, 36.0, 8.0, 8.0, 10.0, 12.0, 17.0, 21.0, 8.0, 4.0, 8.0, 1.0, 21.0, 11.0, 106.0, 12.0, 76.0, 58.0, 82.0, 37.0, 1.0, 10.0, 2.0, 135.0, 50.0, 13.0, 16.0, 11.0, 98.0, 1.0, 122.0, 1.0, 10.0, 86.0, 21.0, 1.0, 20.0, 12.0, 39.0, 25.0, 70.0, 7.0, 28.0, 35.0, 26.0, 1.0, 30.0, 1.0, 48.0, 26.0, 29.0, 13.0, 95.0, 1.0, 54.0, 12.0, 1.0, 1.0, 15.0, 20.0, 8.0, 1.0, 5.0, 1.0, 49.0, 18.0, 1.0, 1.0, 11.0, 56.0, 49.0, 11.0, 19.0, 8.0, 101.0, 1.0, 31.0, 1.0, 2.0, 13.0, 1.0, 40.0, 1.0, 59.0, 6.0, 1.0, 3.0, 22.0, 32.0, 54.0, 21.0, 31.0, 18.0, 62.0, 36.0, 32.0, 211.0, 4.0, 22.0, 44.0, 22.0, 27.0, 43.0, 37.0, 9.0, 34.0, 44.0, 9.0, 28.0, 24.0, 15.0, 10.0, 32.0, 5.0, 131.0, 45.0, 13.0, 58.0, 34.0, 1.0, 15.0, 19.0, 13.0, 1.0, 12.0, 20.0, 102.0, 43.0, 15.0, 15.0, 7.0, 34.0, 42.0, 1.0, 4.0, 13.0, 10.0, 22.0, 11.0, 42.0, 56.0, 24.0, 26.0, 33.0, 14.0, 33.0, 141.0, 13.0, 60.0, 31.0, 3.0, 19.0, 7.0, 10.0, 11.0, 20.0, 86.0, 8.0, 5.0, 102.0, 31.0, 22.0] 

total times
 [78.0, 3.0, 44.0, 38.0, 2.0, 3.0, 41.0, 32.0, 8.0, 10.0, 8.0, 18.0, 65.0, 25.0, 8.0, 16.0, 5.0, 62.0, 13.0, 24.0, 1.0, 11.0, 5.0, 45.0, 8.0, 9.0, 46.0, 44.0, 10.0, 10.0, 39.0, 10.0, 23.0, 22.0, 19.0, 6.0, 18.0, 7.0, 53.0, 24.0, 53.0, 148.0, 11.0, 148.0, 58.0, 26.0, 4.0, 15.0, 6.0, 54.0, 26.0, 3.0, 5.0, 4.0, 21.0, 14.0, 11.0, 7.0, 11.0, 19.0, 41.0, 37.0, 113.0, 5.0, 11.0, 7.0, 69.0, 11.0, 10.0, 26.0, 6.0, 56.0, 33.0, 5.0, 87.0, 16.0, 12.0, 18.0, 1.0, 10.0, 39.0, 10.0, 10.0, 16.0, 9.0, 202.0, 47.0, 21.0, 2.0, 13.0, 47.0, 31.0, 6.0, 89.0, 12.0, 8.0, 90.0, 19.0, 65.0, 33.0, 101.0, 7.0, 68.0, 4.0, 62.0, 43.0, 6.0, 9.0, 9.0, 43.0, 40.0, 21.0, 74.0, 6.0, 33.0, 1.0, 6.0, 33.0, 90.0, 45.0, 5.0, 31.0, 19.0, 93.0, 2.0, 10.0, 6.0, 26.0, 8.0, 19.0, 11.0, 12.0, 391.0, 36.0, 8.0, 13.0, 4.0, 11.0, 17.0, 25.0, 74.0, 47.0, 49.0, 9.0, 2.0, 10.0, 27.0, 16.0, 10.0, 9.0, 2.0, 41.0, 53.0, 3.0, 75.0, 33.0, 7.0, 23.0, 151.0, 20.0, 8.0, 65.0, 11.0, 21.0, 10.0, 34.0, 28.0, 89.0, 24.0, 9.0, 39.0, 80.0, 82.0, 39.0, 81.0, 11.0, 16.0, 162.0, 63.0, 5.0, 13.0, 24.0, 44.0, 47.0, 5.0, 9.0, 4.0, 8.0, 48.0, 26.0, 72.0, 47.0, 10.0, 8.0, 11.0, 23.0, 43.0, 17.0, 2.0, 24.0, 12.0, 10.0, 21.0, 62.0, 20.0, 10.0, 45.0, 8.0, 12.0, 44.0, 2.0, 5.0, 23.0, 32.0, 30.0, 10.0, 49.0, 11.0, 8.0, 14.0, 11.0, 10.0, 4.0, 151.0, 18.0, 22.0, 9.0, 23.0, 20.0, 12.0, 9.0, 11.0, 30.0, 28.0, 10.0, 6.0, 77.0, 16.0, 9.0, 8.0, 4.0, 50.0, 9.0, 23.0, 39.0, 28.0, 49.0, 8.0, 11.0, 65.0, 6.0, 1.0, 14.0, 14.0, 9.0, 6.0, 33.0, 46.0, 16.0, 5.0, 3.0, 44.0, 3.0, 9.0, 10.0, 2.0, 25.0, 28.0, 22.0, 6.0, 33.0, 18.0, 46.0, 11.0, 16.0, 42.0, 26.0, 21.0, 15.0, 10.0, 11.0, 8.0, 7.0, 30.0, 10.0, 2.0, 17.0, 11.0, 4.0, 5.0, 7.0, 159.0, 6.0, 4.0, 8.0, 33.0, 69.0, 20.0, 3.0, 2.0, 175.0, 3.0, 31.0, 26.0, 9.0, 8.0, 14.0, 38.0, 2.0, 2.0, 9.0, 82.0, 8.0, 12.0, 10.0, 74.0, 43.0, 1.0, 70.0, 137.0, 31.0, 15.0, 17.0, 1.0, 73.0, 8.0, 22.0, 20.0, 20.0, 47.0, 58.0, 9.0, 7.0, 5.0, 9.0, 24.0, 15.0, 32.0, 38.0, 3.0, 19.0, 20.0, 9.0, 36.0, 13.0, 7.0, 5.0, 2.0, 24.0, 2.0, 52.0, 3.0, 5.0, 132.0, 25.0, 15.0, 10.0, 9.0, 9.0, 29.0, 15.0, 77.0, 10.0, 4.0, 56.0, 35.0, 8.0, 8.0, 12.0, 88.0, 24.0, 53.0, 5.0, 148.0, 7.0, 1.0, 22.0, 376.0, 16.0, 34.0, 10.0, 43.0, 3.0, 9.0, 33.0, 33.0, 9.0, 17.0, 13.0, 7.0, 20.0, 9.0, 9.0, 51.0, 9.0, 45.0, 25.0, 183.0, 42.0, 8.0, 32.0, 8.0, 14.0, 34.0, 23.0, 7.0, 21.0, 46.0, 9.0, 28.0, 47.0, 25.0, 10.0, 23.0, 3.0, 1.0, 33.0, 74.0, 1.0, 28.0, 24.0, 87.0, 8.0, 8.0, 3.0, 27.0, 9.0, 9.0, 29.0, 9.0, 18.0, 135.0, 35.0, 38.0, 1.0, 41.0, 1.0, 5.0, 92.0, 10.0, 13.0, 22.0, 6.0, 21.0, 24.0, 33.0, 4.0, 30.0, 9.0, 11.0, 10.0, 27.0, 9.0, 16.0, 8.0, 9.0, 20.0, 13.0, 4.0, 57.0, 3.0, 2.0, 10.0, 91.0, 15.0, 7.0, 204.0, 32.0, 40.0, 180.0, 10.0, 11.0, 3.0, 20.0, 5.0, 19.0, 9.0, 11.0, 15.0, 9.0, 1.0, 5.0, 17.0, 19.0, 8.0, 8.0, 11.0, 57.0, 76.0, 10.0, 2.0, 17.0, 27.0, 48.0, 15.0, 125.0, 11.0, 33.0, 10.0, 19.0, 15.0, 8.0, 6.0, 32.0, 13.0, 20.0, 9.0, 19.0, 28.0, 32.0, 73.0, 1.0, 12.0, 1.0, 85.0, 74.0, 5.0, 18.0, 24.0, 9.0, 37.0, 5.0, 10.0, 12.0, 40.0, 20.0, 4.0, 5.0, 37.0, 20.0, 10.0, 1.0, 35.0, 123.0, 40.0, 24.0, 36.0, 23.0, 10.0, 1.0, 78.0, 11.0, 5.0, 49.0, 11.0, 8.0, 23.0, 34.0, 26.0, 33.0, 72.0, 11.0, 40.0, 33.0, 114.0, 65.0, 66.0, 34.0, 11.0, 29.0, 7.0, 3.0, 9.0, 37.0, 12.0, 19.0, 1.0, 67.0, 18.0, 90.0, 10.0, 7.0, 28.0, 10.0, 21.0, 8.0, 8.0, 26.0, 4.0, 161.0, 32.0, 51.0, 194.0, 14.0, 159.0, 1.0, 10.0, 40.0, 21.0, 1.0, 19.0, 4.0, 7.0, 46.0, 24.0, 44.0, 86.0, 8.0, 95.0, 10.0, 35.0, 6.0, 11.0, 8.0, 18.0, 11.0, 4.0, 22.0, 15.0, 36.0, 16.0, 3.0, 2.0, 1.0, 21.0, 11.0, 24.0, 3.0, 3.0, 6.0, 26.0, 32.0, 45.0, 80.0, 10.0, 8.0, 10.0, 5.0, 9.0, 10.0, 11.0, 10.0, 13.0, 44.0, 10.0, 48.0, 11.0, 9.0, 28.0, 8.0, 24.0, 124.0, 19.0, 4.0, 2.0, 22.0, 62.0, 28.0, 26.0, 9.0, 46.0, 20.0, 41.0, 9.0, 1.0, 9.0, 81.0, 89.0, 13.0, 62.0, 19.0, 17.0, 9.0, 20.0, 6.0, 20.0, 14.0, 12.0, 10.0, 8.0, 32.0, 33.0, 1.0, 34.0, 102.0, 14.0, 80.0, 10.0, 21.0, 27.0, 10.0, 239.0, 2.0, 25.0, 11.0, 27.0, 7.0, 147.0, 50.0, 101.0, 54.0, 31.0, 21.0, 20.0, 10.0, 2.0, 12.0, 79.0, 7.0, 54.0, 8.0, 4.0, 18.0, 10.0, 13.0, 42.0, 68.0, 15.0, 10.0, 22.0, 11.0, 31.0, 10.0, 3.0, 13.0, 37.0, 9.0, 43.0, 11.0, 4.0, 28.0, 66.0, 8.0, 10.0, 58.0, 6.0, 18.0, 65.0, 19.0, 133.0, 35.0, 91.0, 11.0, 25.0, 15.0, 345.0, 3.0, 23.0, 49.0, 38.0, 23.0, 33.0, 9.0, 21.0, 9.0, 117.0, 11.0, 104.0, 20.0, 52.0, 23.0, 8.0, 6.0, 29.0, 18.0, 80.0, 1.0, 112.0, 12.0, 66.0, 5.0, 5.0, 16.0, 6.0, 27.0, 25.0, 36.0, 54.0, 10.0, 11.0, 75.0, 130.0, 18.0, 29.0, 36.0, 81.0, 20.0, 5.0, 51.0, 8.0, 48.0, 43.0, 10.0, 30.0, 11.0, 115.0, 11.0, 126.0, 97.0, 9.0, 13.0, 186.0, 8.0, 21.0, 14.0, 24.0, 87.0, 7.0, 12.0, 20.0, 14.0, 5.0, 78.0, 24.0, 13.0, 104.0, 29.0, 27.0, 80.0, 14.0, 5.0, 28.0, 16.0, 19.0, 2.0, 19.0, 59.0, 28.0, 9.0, 16.0, 2.0, 74.0, 24.0, 8.0, 35.0, 7.0, 11.0, 95.0, 70.0, 5.0, 27.0, 28.0, 211.0, 101.0, 2.0, 5.0, 8.0, 20.0, 8.0, 9.0, 10.0, 3.0, 4.0, 10.0, 5.0, 38.0, 18.0, 56.0, 5.0, 18.0, 13.0, 10.0, 40.0, 37.0, 83.0, 7.0, 26.0, 18.0, 17.0, 12.0, 9.0, 56.0, 18.0, 5.0, 168.0, 97.0, 16.0, 8.0, 9.0, 3.0, 5.0, 11.0, 96.0, 6.0, 9.0, 2.0, 31.0, 24.0, 29.0, 2.0, 343.0, 8.0, 21.0, 14.0, 89.0, 58.0, 2.0, 5.0, 41.0, 47.0, 9.0, 18.0, 23.0, 9.0, 59.0, 32.0, 11.0, 28.0, 11.0, 4.0, 19.0, 12.0, 9.0, 41.0, 3.0, 8.0, 9.0, 1.0, 13.0, 9.0, 30.0, 6.0, 18.0, 34.0, 83.0, 13.0, 40.0, 5.0, 10.0, 7.0, 72.0, 9.0, 12.0, 16.0, 8.0, 18.0, 26.0, 4.0, 99.0, 11.0, 66.0, 4.0, 90.0, 24.0, 54.0, 3.0, 9.0, 4.0, 15.0, 20.0, 27.0, 67.0, 4.0, 45.0, 14.0, 41.0, 10.0, 8.0, 52.0, 71.0, 13.0, 145.0, 8.0, 6.0, 162.0, 20.0, 11.0, 11.0, 22.0, 11.0, 14.0, 12.0, 32.0, 35.0, 20.0, 31.0, 105.0, 12.0, 30.0, 54.0, 10.0, 21.0, 37.0, 4.0, 16.0, 2.0, 21.0, 40.0, 5.0, 30.0, 9.0, 8.0, 33.0, 9.0, 9.0, 18.0, 26.0, 10.0, 7.0, 33.0, 51.0, 33.0, 2.0, 14.0, 60.0, 41.0, 8.0, 10.0, 12.0, 102.0, 28.0, 53.0, 3.0, 9.0, 11.0, 145.0, 29.0, 7.0, 7.0, 17.0, 2.0, 21.0, 22.0, 10.0, 11.0, 198.0, 7.0, 31.0, 31.0, 21.0, 19.0, 9.0, 28.0, 85.0, 13.0, 4.0, 7.0, 11.0, 19.0, 29.0, 32.0, 9.0, 15.0, 31.0, 26.0, 6.0, 27.0, 5.0, 77.0, 65.0, 3.0, 6.0, 31.0, 7.0, 22.0, 14.0, 45.0, 63.0, 65.0, 3.0, 51.0, 112.0, 11.0, 21.0, 53.0, 7.0, 20.0, 24.0, 37.0, 10.0, 47.0, 41.0, 81.0, 19.0, 3.0, 4.0, 21.0, 6.0, 14.0, 50.0, 23.0, 48.0, 16.0, 8.0, 58.0, 5.0, 16.0, 29.0, 8.0, 10.0, 9.0, 9.0, 6.0, 8.0, 1.0, 96.0, 12.0, 10.0, 13.0, 1.0, 10.0, 2.0, 18.0, 2.0, 1.0, 19.0, 22.0, 60.0, 7.0, 15.0, 20.0, 57.0, 96.0, 19.0, 75.0, 59.0, 40.0, 10.0, 16.0, 59.0, 29.0, 5.0, 57.0, 4.0, 5.0, 11.0, 4.0, 80.0, 45.0, 58.0, 19.0, 75.0, 47.0, 31.0, 3.0, 7.0, 20.0, 31.0, 11.0, 22.0, 19.0, 22.0, 3.0, 14.0, 6.0, 9.0, 55.0, 133.0, 12.0, 12.0, 7.0, 20.0, 23.0, 30.0, 1.0, 30.0, 7.0, 82.0, 30.0, 17.0, 46.0, 29.0, 59.0, 34.0, 9.0, 4.0, 122.0, 48.0, 11.0, 50.0, 8.0, 40.0, 35.0, 10.0, 9.0, 34.0, 67.0, 4.0, 61.0, 32.0, 42.0, 86.0, 12.0, 5.0, 9.0, 30.0, 14.0, 16.0, 1.0, 20.0, 21.0, 9.0, 8.0, 31.0, 24.0, 9.0, 9.0, 22.0, 13.0, 20.0, 11.0, 59.0, 2.0, 10.0, 17.0, 1.0, 64.0, 3.0, 58.0, 12.0, 7.0, 23.0, 9.0, 12.0, 89.0, 104.0, 20.0, 4.0, 11.0, 3.0, 84.0, 20.0, 10.0, 36.0, 10.0, 7.0, 94.0, 4.0, 25.0, 34.0, 12.0, 10.0, 6.0, 20.0, 5.0, 9.0, 11.0, 14.0, 5.0, 53.0, 21.0, 8.0, 11.0, 9.0, 17.0, 6.0, 4.0, 3.0, 9.0, 21.0, 1.0, 73.0, 19.0, 28.0, 125.0, 21.0, 394.0, 28.0, 2.0, 7.0, 12.0, 30.0, 69.0, 36.0, 1.0, 7.0, 4.0, 15.0, 81.0, 2.0, 3.0, 11.0, 24.0, 10.0, 11.0, 41.0, 67.0, 53.0, 1.0, 35.0, 3.0, 22.0, 20.0, 6.0, 8.0, 7.0, 12.0, 30.0, 44.0, 9.0, 17.0, 25.0, 11.0, 64.0, 84.0, 2.0, 4.0, 18.0, 4.0, 29.0, 62.0, 39.0, 11.0, 1.0, 58.0, 15.0, 11.0, 8.0, 56.0, 12.0, 8.0, 54.0, 48.0, 11.0, 14.0, 58.0, 28.0, 17.0, 7.0, 11.0, 11.0, 25.0, 5.0, 14.0, 34.0, 37.0, 2.0, 5.0, 11.0, 30.0, 4.0, 80.0, 11.0, 43.0, 52.0, 8.0, 25.0, 4.0, 357.0, 11.0, 2.0, 19.0, 10.0, 11.0, 57.0, 55.0, 27.0, 5.0, 10.0, 20.0, 58.0, 30.0, 57.0, 1.0, 18.0, 20.0, 79.0, 16.0, 21.0, 9.0, 76.0, 71.0, 58.0, 12.0, 45.0, 10.0, 5.0, 9.0, 31.0, 9.0, 25.0, 42.0, 54.0, 54.0, 42.0, 360.0, 19.0, 20.0, 4.0, 40.0, 25.0, 1.0, 17.0, 21.0, 43.0, 11.0, 5.0, 3.0, 17.0, 28.0, 1.0, 10.0, 60.0, 21.0, 10.0, 81.0, 26.0, 10.0, 29.0, 63.0, 25.0, 57.0, 53.0, 25.0, 10.0, 28.0, 68.0, 10.0, 79.0, 61.0, 56.0, 29.0, 103.0, 48.0, 31.0, 14.0, 5.0, 2.0, 18.0, 13.0, 20.0, 26.0, 3.0, 19.0, 1.0, 7.0, 3.0, 9.0, 9.0, 11.0, 8.0, 2.0, 31.0, 4.0, 6.0, 190.0, 48.0, 13.0, 12.0, 5.0, 78.0, 6.0, 5.0, 11.0, 27.0, 11.0, 2.0, 66.0, 9.0, 6.0, 21.0, 8.0, 76.0, 67.0, 25.0, 1.0, 43.0, 1.0, 27.0, 21.0, 5.0, 98.0, 50.0, 5.0, 1.0, 73.0, 5.0, 2.0, 6.0, 35.0, 15.0, 2.0, 10.0, 1.0, 3.0, 9.0, 11.0, 62.0, 48.0, 9.0, 40.0, 43.0, 5.0, 17.0, 7.0, 3.0, 25.0, 1.0, 56.0, 9.0, 20.0, 10.0, 9.0, 20.0, 128.0, 9.0, 67.0, 3.0, 53.0, 10.0, 10.0, 30.0, 30.0, 22.0, 26.0, 8.0, 19.0, 12.0, 5.0, 1.0, 17.0, 17.0, 11.0, 41.0, 16.0, 3.0, 24.0, 23.0, 1.0, 34.0, 36.0, 19.0, 18.0, 96.0, 16.0, 9.0, 16.0, 17.0, 7.0, 17.0, 85.0, 12.0, 10.0, 48.0, 11.0, 161.0, 49.0, 44.0, 9.0, 11.0, 21.0, 87.0, 65.0, 10.0, 21.0, 11.0, 29.0, 73.0, 10.0, 7.0, 12.0, 19.0, 19.0, 10.0, 54.0, 55.0, 5.0, 57.0, 35.0, 30.0, 5.0, 27.0, 26.0, 11.0, 18.0, 30.0, 69.0, 2.0, 28.0, 44.0, 10.0, 17.0, 10.0, 21.0, 68.0, 27.0, 28.0, 55.0, 7.0, 11.0, 22.0, 39.0, 41.0, 32.0, 31.0, 4.0, 16.0, 11.0, 22.0, 3.0, 128.0, 40.0, 33.0, 65.0, 5.0, 27.0, 13.0, 17.0, 50.0, 150.0, 44.0, 309.0, 56.0, 5.0, 10.0, 224.0, 5.0, 34.0, 53.0, 19.0, 65.0, 15.0, 10.0, 23.0, 25.0, 34.0, 30.0, 11.0, 6.0, 8.0, 4.0, 22.0, 59.0, 35.0, 3.0, 2.0, 8.0, 22.0, 17.0, 71.0, 11.0, 3.0, 8.0, 9.0, 8.0, 17.0, 290.0, 1.0, 46.0, 21.0, 7.0, 48.0, 78.0, 5.0, 21.0, 9.0, 7.0, 7.0, 48.0, 66.0, 8.0, 14.0, 6.0, 21.0, 24.0, 115.0, 2.0, 24.0, 27.0, 5.0, 9.0, 2.0, 16.0, 85.0, 16.0, 8.0, 90.0, 9.0, 51.0, 9.0, 13.0, 20.0, 70.0, 10.0, 9.0, 32.0, 29.0, 60.0, 9.0, 1.0, 21.0, 56.0, 11.0, 28.0, 23.0, 53.0, 46.0, 69.0, 11.0, 11.0, 28.0, 12.0, 3.0, 18.0, 19.0, 9.0, 356.0, 17.0, 27.0, 19.0, 8.0, 10.0, 14.0, 10.0, 6.0, 21.0, 9.0, 25.0, 7.0, 33.0, 50.0, 8.0, 7.0, 129.0, 23.0, 15.0, 10.0, 2.0, 5.0, 4.0, 39.0, 15.0, 25.0, 38.0, 32.0, 30.0, 10.0, 3.0, 27.0, 47.0, 13.0, 9.0, 125.0, 14.0, 147.0, 3.0, 50.0, 41.0, 1.0, 5.0, 2.0, 4.0, 2.0, 5.0, 100.0, 31.0, 5.0, 15.0, 16.0, 172.0, 18.0, 23.0, 9.0, 6.0, 23.0, 36.0, 8.0, 11.0, 19.0, 6.0, 57.0, 17.0, 10.0, 33.0, 33.0, 33.0, 58.0, 21.0, 108.0, 39.0, 37.0, 22.0, 10.0, 11.0, 7.0, 11.0, 5.0, 57.0, 13.0, 3.0, 6.0, 22.0, 11.0, 344.0, 7.0, 1.0, 16.0, 17.0, 9.0, 9.0, 11.0, 10.0, 9.0, 15.0, 28.0, 50.0, 106.0, 9.0, 15.0, 30.0, 5.0, 105.0, 24.0, 8.0, 9.0, 11.0, 3.0, 4.0, 58.0, 54.0, 15.0, 134.0, 12.0, 35.0, 20.0, 14.0, 18.0, 54.0, 19.0, 18.0, 46.0, 7.0, 20.0, 2.0, 12.0, 10.0, 53.0, 9.0, 6.0, 4.0, 25.0, 1.0, 9.0, 26.0, 8.0, 1.0, 7.0, 45.0, 17.0, 27.0, 23.0, 67.0, 35.0, 20.0, 21.0, 17.0, 16.0, 6.0, 81.0, 24.0, 9.0, 33.0, 18.0, 11.0, 23.0, 16.0, 8.0, 22.0, 128.0, 64.0, 35.0, 29.0, 11.0, 39.0, 23.0, 6.0, 32.0, 54.0, 50.0, 5.0, 12.0, 11.0, 10.0, 1.0, 14.0, 21.0, 85.0, 37.0, 10.0, 30.0, 44.0, 142.0, 22.0, 9.0, 11.0, 17.0, 10.0, 14.0, 26.0, 11.0, 10.0, 20.0, 2.0, 28.0, 58.0, 6.0, 16.0, 14.0, 9.0, 20.0, 79.0, 33.0, 22.0, 5.0, 10.0, 35.0, 8.0, 146.0, 32.0, 70.0, 19.0, 23.0, 11.0, 15.0, 23.0, 6.0, 18.0, 11.0, 10.0, 10.0, 7.0, 2.0, 9.0, 61.0, 7.0, 66.0, 10.0, 4.0, 15.0, 17.0, 47.0, 19.0, 38.0, 43.0, 43.0, 33.0, 56.0, 21.0, 11.0, 24.0, 3.0, 10.0, 11.0, 17.0, 9.0, 15.0, 6.0, 83.0, 7.0, 3.0, 21.0, 15.0, 14.0, 23.0, 1.0, 60.0, 47.0, 22.0, 65.0, 20.0, 14.0, 194.0, 11.0, 20.0, 35.0, 4.0, 23.0, 11.0, 9.0, 49.0, 10.0, 96.0, 25.0, 44.0, 15.0, 9.0, 11.0, 9.0, 26.0, 30.0, 10.0, 16.0, 9.0, 54.0, 35.0, 3.0, 9.0, 2.0, 96.0, 9.0, 12.0, 9.0, 1.0, 3.0, 20.0, 10.0, 7.0, 5.0, 10.0, 9.0, 14.0, 7.0, 16.0, 7.0, 366.0, 27.0, 11.0, 20.0, 3.0, 10.0, 112.0, 5.0, 4.0, 4.0, 22.0, 26.0, 11.0, 11.0, 28.0, 10.0, 199.0, 10.0, 4.0, 11.0, 16.0, 4.0, 3.0, 17.0, 92.0, 110.0, 12.0, 60.0, 6.0, 9.0, 8.0, 207.0, 10.0, 8.0, 15.0, 11.0, 1.0, 7.0, 22.0, 29.0, 30.0, 9.0, 4.0, 37.0, 16.0, 10.0, 32.0, 318.0, 53.0, 11.0, 127.0, 9.0, 2.0, 1.0, 6.0, 39.0, 5.0, 313.0, 9.0, 21.0, 5.0, 22.0, 7.0, 2.0, 24.0, 19.0, 71.0, 22.0, 85.0, 15.0, 29.0, 8.0, 2.0, 8.0, 3.0, 5.0, 10.0, 28.0, 15.0, 20.0, 9.0, 4.0, 4.0, 4.0, 3.0, 6.0, 102.0, 20.0, 8.0, 12.0, 5.0, 50.0, 14.0, 46.0, 7.0, 41.0, 116.0, 11.0, 10.0, 15.0, 64.0, 40.0, 27.0, 67.0, 28.0, 102.0, 4.0, 8.0, 8.0, 39.0, 9.0, 9.0, 8.0, 101.0, 23.0, 4.0, 26.0, 97.0, 184.0, 21.0, 11.0, 21.0, 6.0, 19.0, 5.0, 12.0, 249.0, 19.0, 2.0, 7.0, 3.0, 67.0, 10.0, 8.0, 19.0, 39.0, 1.0, 11.0, 59.0, 14.0, 64.0, 73.0, 13.0, 20.0, 3.0, 24.0, 43.0, 46.0, 21.0, 17.0, 9.0, 3.0, 1.0, 72.0, 5.0, 122.0, 19.0, 98.0, 1.0, 5.0, 10.0, 73.0, 22.0, 99.0, 20.0, 3.0, 92.0, 47.0, 3.0, 8.0, 46.0, 18.0, 11.0, 9.0, 27.0, 18.0, 46.0, 14.0, 22.0, 5.0, 8.0, 1.0, 10.0, 25.0, 5.0, 31.0, 6.0, 19.0, 10.0, 49.0, 30.0, 32.0, 3.0, 55.0, 5.0, 10.0, 25.0, 31.0, 5.0, 7.0, 19.0, 18.0, 30.0, 18.0, 25.0, 9.0, 37.0, 13.0, 8.0, 14.0, 1.0, 8.0, 10.0, 6.0, 20.0, 8.0, 21.0, 10.0, 11.0, 70.0, 28.0, 42.0, 10.0, 5.0, 72.0, 19.0, 9.0, 34.0, 45.0, 44.0, 10.0, 16.0, 118.0, 22.0, 22.0, 120.0, 12.0, 4.0, 29.0, 38.0, 20.0, 3.0, 32.0, 4.0, 3.0, 57.0, 18.0, 4.0, 10.0, 69.0, 22.0, 113.0, 42.0, 9.0, 23.0, 71.0, 207.0, 19.0, 15.0, 43.0, 24.0, 35.0, 19.0, 6.0, 25.0, 14.0, 24.0, 5.0, 34.0, 1.0, 36.0, 55.0, 43.0, 11.0, 32.0, 254.0, 7.0, 11.0, 337.0, 8.0, 76.0, 5.0, 2.0, 6.0, 9.0, 1.0, 8.0, 100.0, 39.0, 6.0, 45.0, 16.0, 7.0, 21.0, 5.0, 21.0, 25.0, 96.0, 23.0, 77.0, 56.0, 16.0, 129.0, 36.0, 35.0, 20.0, 4.0, 43.0, 5.0, 19.0, 10.0, 51.0, 43.0, 28.0, 1.0, 57.0, 21.0, 59.0, 4.0, 75.0, 25.0, 3.0, 13.0, 125.0, 57.0, 14.0, 15.0, 116.0, 125.0, 2.0, 37.0, 21.0, 22.0, 2.0, 218.0, 31.0, 15.0, 19.0, 40.0, 5.0, 1.0, 12.0, 22.0, 61.0, 13.0, 60.0, 22.0, 11.0, 11.0, 6.0, 9.0, 24.0, 19.0, 3.0, 4.0, 1.0, 22.0, 7.0, 12.0, 42.0, 3.0, 90.0, 9.0, 32.0, 9.0, 10.0, 22.0, 9.0, 75.0, 47.0, 23.0, 2.0, 4.0, 30.0, 30.0, 33.0, 24.0, 10.0, 27.0, 10.0, 148.0, 13.0, 5.0, 17.0, 20.0, 15.0, 11.0, 11.0, 12.0, 9.0, 8.0, 107.0, 115.0, 5.0, 6.0, 39.0, 8.0, 9.0, 2.0, 29.0, 86.0, 62.0, 6.0, 17.0, 21.0, 14.0, 78.0, 10.0, 9.0, 35.0, 11.0, 5.0, 3.0, 12.0, 54.0, 17.0, 19.0, 34.0, 5.0, 25.0, 90.0, 10.0, 40.0, 11.0, 37.0, 8.0, 33.0, 25.0, 25.0, 10.0, 4.0, 9.0, 121.0, 29.0, 21.0, 11.0, 10.0, 9.0, 18.0, 8.0, 11.0, 19.0, 133.0, 23.0, 60.0, 4.0, 20.0, 18.0, 32.0, 46.0, 3.0, 24.0, 126.0, 1.0, 77.0, 7.0, 22.0, 35.0, 64.0, 15.0, 5.0, 8.0, 22.0, 100.0, 1.0, 52.0, 5.0, 20.0, 40.0, 18.0, 11.0, 5.0, 72.0, 26.0, 15.0, 6.0, 22.0, 16.0, 3.0, 30.0, 20.0, 2.0, 16.0, 121.0, 13.0, 16.0, 11.0, 4.0, 12.0, 5.0, 29.0, 33.0, 42.0, 43.0, 9.0, 1.0, 10.0, 8.0, 5.0, 97.0, 161.0, 7.0, 10.0, 8.0, 8.0, 9.0, 4.0, 9.0, 1.0, 4.0, 13.0, 10.0, 6.0, 2.0, 53.0, 44.0, 18.0, 150.0, 11.0, 93.0, 78.0, 9.0, 21.0, 30.0, 32.0, 54.0, 2.0, 18.0, 22.0, 34.0, 2.0, 6.0, 20.0, 92.0, 87.0, 58.0, 29.0, 1.0, 31.0, 87.0, 11.0, 106.0, 14.0, 25.0, 11.0, 3.0, 68.0, 21.0, 10.0, 79.0, 6.0, 7.0, 64.0, 31.0, 38.0, 23.0, 14.0, 18.0, 12.0, 18.0, 15.0, 4.0, 23.0, 16.0, 42.0, 9.0, 14.0, 115.0, 32.0, 10.0, 8.0, 3.0, 50.0, 15.0, 28.0, 30.0, 13.0, 27.0, 31.0, 11.0, 31.0, 66.0, 97.0, 21.0, 9.0, 8.0, 1.0, 23.0, 7.0, 14.0, 42.0, 37.0, 41.0, 7.0, 2.0, 14.0, 9.0, 26.0, 2.0, 15.0, 9.0, 28.0, 6.0, 37.0, 21.0, 29.0, 9.0, 9.0, 10.0, 2.0, 30.0, 21.0, 15.0, 12.0, 2.0, 12.0, 72.0, 6.0, 36.0, 2.0, 2.0, 2.0, 79.0, 21.0, 4.0, 245.0, 1.0, 115.0, 10.0, 23.0, 20.0, 9.0, 13.0, 10.0, 11.0, 23.0, 16.0, 8.0, 20.0, 18.0, 68.0, 10.0, 2.0, 75.0, 5.0, 71.0, 22.0, 7.0, 78.0, 69.0, 2.0, 9.0, 46.0, 78.0, 64.0, 11.0, 9.0, 7.0, 30.0, 61.0, 7.0, 14.0, 18.0, 8.0, 10.0, 3.0, 42.0, 5.0, 3.0, 13.0, 87.0, 12.0, 15.0, 31.0, 21.0, 24.0, 4.0, 4.0, 53.0, 3.0, 33.0, 59.0, 36.0, 8.0, 37.0, 33.0, 83.0, 51.0, 3.0, 11.0, 63.0, 137.0, 1.0, 10.0, 6.0, 20.0, 12.0, 20.0, 2.0, 66.0, 10.0, 10.0, 2.0, 5.0, 14.0, 3.0, 43.0, 62.0, 7.0, 17.0, 4.0, 29.0, 32.0, 6.0, 40.0, 16.0, 10.0, 8.0, 7.0, 46.0, 28.0, 15.0, 8.0, 33.0, 1.0, 9.0, 16.0, 104.0, 6.0, 20.0, 23.0, 10.0, 40.0, 11.0, 78.0, 3.0, 1.0, 12.0, 66.0, 74.0, 4.0, 75.0, 22.0, 168.0, 3.0, 15.0, 8.0, 57.0, 29.0, 10.0, 2.0, 25.0, 5.0, 31.0, 50.0, 4.0, 40.0, 58.0, 91.0, 14.0, 36.0, 15.0, 4.0, 7.0, 6.0, 10.0, 9.0, 8.0, 40.0, 20.0, 6.0, 4.0, 11.0, 8.0, 9.0, 11.0, 9.0, 8.0, 23.0, 10.0, 19.0, 7.0, 10.0, 141.0, 65.0, 4.0, 11.0, 1.0, 62.0, 3.0, 23.0, 52.0, 21.0, 10.0, 6.0, 22.0, 9.0, 8.0, 145.0, 43.0, 9.0, 5.0, 42.0, 92.0, 7.0, 19.0, 10.0, 10.0, 45.0, 17.0, 3.0, 71.0, 44.0, 3.0, 8.0, 21.0, 84.0, 6.0, 37.0, 22.0, 15.0, 36.0, 23.0, 11.0, 2.0, 6.0, 23.0, 13.0, 2.0, 5.0, 91.0, 25.0, 100.0, 28.0, 21.0, 18.0, 64.0, 46.0, 11.0, 46.0, 2.0, 10.0, 75.0, 53.0, 9.0, 9.0, 1.0, 21.0, 42.0, 9.0, 10.0, 88.0, 9.0, 4.0, 64.0, 6.0, 172.0, 4.0, 12.0, 3.0, 20.0, 4.0, 13.0, 2.0, 2.0, 15.0, 7.0, 51.0, 9.0, 12.0, 64.0, 4.0, 5.0, 10.0, 24.0, 8.0, 12.0, 61.0, 19.0, 46.0, 33.0, 3.0, 8.0, 117.0, 32.0, 9.0, 11.0, 15.0, 22.0, 9.0, 20.0, 5.0, 373.0, 51.0, 2.0, 5.0, 8.0, 34.0, 61.0, 165.0, 52.0, 6.0, 9.0, 8.0, 30.0, 124.0, 49.0, 5.0, 77.0, 5.0, 10.0, 9.0, 41.0, 49.0, 32.0, 64.0, 9.0, 9.0, 1.0, 34.0, 2.0, 42.0, 46.0, 8.0, 3.0, 14.0, 12.0, 41.0, 4.0, 21.0, 9.0, 20.0, 1.0, 32.0, 63.0, 12.0, 13.0, 191.0, 11.0, 11.0, 12.0, 26.0, 18.0, 43.0, 20.0, 78.0, 2.0, 10.0, 92.0, 31.0, 13.0, 84.0, 22.0, 25.0, 23.0, 52.0, 161.0, 54.0, 18.0, 9.0, 8.0, 8.0, 19.0, 7.0, 9.0, 4.0, 70.0, 1.0, 66.0, 19.0, 4.0, 82.0, 70.0, 8.0, 25.0, 45.0, 12.0, 2.0, 20.0, 10.0, 43.0, 17.0, 41.0, 8.0, 8.0, 34.0, 29.0, 20.0, 3.0, 10.0, 21.0, 18.0, 143.0, 19.0, 31.0, 76.0, 126.0, 27.0, 108.0, 64.0, 10.0, 8.0, 9.0, 13.0, 15.0, 8.0, 9.0, 15.0, 2.0, 12.0, 33.0, 135.0, 19.0, 17.0, 12.0, 58.0, 17.0, 6.0, 33.0, 23.0, 18.0, 106.0, 43.0, 12.0, 143.0, 30.0, 30.0, 17.0, 2.0, 7.0, 110.0, 11.0, 1.0, 29.0, 3.0, 20.0, 20.0, 33.0, 20.0, 36.0, 9.0, 63.0, 25.0, 70.0, 10.0, 7.0, 23.0, 13.0, 29.0, 35.0, 26.0, 29.0, 9.0, 9.0, 30.0, 52.0, 66.0, 50.0, 12.0, 66.0, 2.0, 8.0, 49.0, 4.0, 115.0, 50.0, 11.0, 56.0, 13.0, 3.0, 11.0, 4.0, 13.0, 44.0, 7.0, 10.0, 11.0, 23.0, 20.0, 44.0, 10.0, 9.0, 10.0, 11.0, 18.0, 21.0, 30.0, 9.0, 3.0, 7.0, 8.0, 31.0, 10.0, 2.0, 20.0, 62.0, 14.0, 4.0, 27.0, 73.0, 27.0, 1.0, 14.0, 10.0, 25.0, 4.0, 92.0, 10.0, 8.0, 82.0, 11.0, 22.0, 9.0, 16.0, 7.0, 49.0, 12.0, 4.0, 16.0, 147.0, 26.0, 33.0, 20.0, 15.0, 5.0, 4.0, 25.0, 23.0, 9.0, 55.0, 10.0, 17.0, 46.0, 10.0, 62.0, 4.0, 11.0, 59.0, 26.0, 46.0, 3.0, 48.0, 70.0, 7.0, 6.0, 16.0, 5.0, 50.0, 9.0, 7.0, 96.0, 23.0, 59.0, 20.0, 24.0, 35.0, 30.0, 5.0, 8.0, 9.0, 18.0, 9.0, 3.0, 8.0, 1.0, 70.0, 31.0, 3.0, 1.0, 36.0, 10.0, 27.0, 41.0, 14.0, 14.0, 13.0, 28.0, 9.0, 253.0, 6.0, 35.0, 20.0, 22.0, 117.0, 1.0, 22.0, 27.0, 7.0, 15.0, 80.0, 98.0, 45.0, 9.0, 54.0, 44.0, 13.0, 23.0, 62.0, 9.0, 30.0, 45.0, 20.0, 7.0, 114.0, 13.0, 19.0, 35.0, 33.0, 4.0, 2.0, 5.0, 143.0, 73.0, 8.0, 44.0, 1.0, 6.0, 90.0, 38.0, 5.0, 13.0, 13.0, 10.0, 31.0, 15.0, 19.0, 42.0, 30.0, 17.0, 20.0, 19.0, 22.0, 10.0, 1.0, 4.0, 102.0, 75.0, 5.0, 5.0, 15.0, 11.0, 8.0, 17.0, 10.0, 21.0, 16.0, 1.0, 12.0, 9.0, 71.0, 45.0, 4.0, 24.0, 2.0, 48.0, 49.0, 11.0, 26.0, 41.0, 10.0, 4.0, 17.0, 42.0, 59.0, 52.0, 27.0, 24.0, 22.0, 41.0, 25.0, 7.0, 21.0, 54.0, 165.0, 47.0, 69.0, 10.0, 8.0, 4.0, 31.0, 3.0, 2.0, 34.0, 21.0, 37.0, 18.0, 4.0, 2.0, 6.0, 11.0, 31.0, 42.0, 14.0, 134.0, 4.0, 12.0, 39.0, 10.0, 3.0, 7.0, 129.0, 34.0, 12.0, 42.0, 70.0, 21.0, 5.0, 8.0, 34.0, 7.0, 44.0, 6.0, 3.0] 

MGT times
 [33.0, 3.0, 21.0, 2.0, 3.0, 41.0, 8.0, 8.0, 18.0, 3.0, 22.0, 8.0, 16.0, 11.0, 13.0, 1.0, 11.0, 45.0, 8.0, 9.0, 44.0, 10.0, 10.0, 10.0, 23.0, 22.0, 18.0, 6.0, 18.0, 24.0, 33.0, 12.0, 11.0, 15.0, 27.0, 13.0, 4.0, 15.0, 6.0, 35.0, 16.0, 3.0, 5.0, 4.0, 3.0, 14.0, 11.0, 11.0, 19.0, 31.0, 36.0, 14.0, 5.0, 11.0, 11.0, 10.0, 26.0, 6.0, 19.0, 44.0, 16.0, 1.0, 10.0, 22.0, 10.0, 10.0, 16.0, 9.0, 14.0, 21.0, 2.0, 13.0, 26.0, 31.0, 1.0, 11.0, 31.0, 18.0, 19.0, 33.0, 80.0, 33.0, 4.0, 53.0, 29.0, 6.0, 9.0, 9.0, 32.0, 6.0, 24.0, 1.0, 6.0, 33.0, 87.0, 22.0, 19.0, 38.0, 2.0, 10.0, 10.0, 8.0, 11.0, 12.0, 15.0, 8.0, 13.0, 4.0, 11.0, 3.0, 14.0, 64.0, 31.0, 49.0, 2.0, 10.0, 27.0, 16.0, 10.0, 9.0, 23.0, 25.0, 3.0, 61.0, 20.0, 8.0, 21.0, 21.0, 10.0, 34.0, 18.0, 24.0, 9.0, 10.0, 2.0, 23.0, 11.0, 16.0, 25.0, 10.0, 5.0, 13.0, 24.0, 39.0, 5.0, 9.0, 4.0, 8.0, 38.0, 22.0, 16.0, 10.0, 11.0, 23.0, 31.0, 15.0, 7.0, 21.0, 20.0, 2.0, 42.0, 8.0, 12.0, 33.0, 2.0, 5.0, 17.0, 22.0, 9.0, 10.0, 48.0, 11.0, 8.0, 14.0, 11.0, 10.0, 4.0, 6.0, 12.0, 9.0, 13.0, 12.0, 9.0, 11.0, 27.0, 18.0, 6.0, 13.0, 9.0, 8.0, 4.0, 22.0, 9.0, 14.0, 30.0, 28.0, 11.0, 8.0, 11.0, 8.0, 6.0, 1.0, 14.0, 9.0, 6.0, 33.0, 35.0, 16.0, 3.0, 22.0, 3.0, 9.0, 10.0, 2.0, 25.0, 17.0, 22.0, 6.0, 22.0, 18.0, 2.0, 11.0, 16.0, 21.0, 26.0, 15.0, 10.0, 11.0, 30.0, 10.0, 2.0, 17.0, 11.0, 4.0, 5.0, 14.0, 6.0, 4.0, 8.0, 10.0, 20.0, 2.0, 2.0, 85.0, 3.0, 22.0, 8.0, 9.0, 8.0, 14.0, 37.0, 2.0, 2.0, 9.0, 20.0, 8.0, 12.0, 10.0, 26.0, 1.0, 39.0, 15.0, 31.0, 15.0, 8.0, 9.0, 10.0, 8.0, 47.0, 38.0, 9.0, 7.0, 5.0, 9.0, 15.0, 32.0, 37.0, 3.0, 19.0, 9.0, 35.0, 13.0, 5.0, 2.0, 24.0, 2.0, 45.0, 3.0, 5.0, 18.0, 25.0, 12.0, 10.0, 9.0, 9.0, 67.0, 10.0, 4.0, 47.0, 10.0, 8.0, 12.0, 33.0, 42.0, 5.0, 9.0, 7.0, 1.0, 22.0, 34.0, 16.0, 34.0, 10.0, 30.0, 3.0, 9.0, 13.0, 13.0, 7.0, 20.0, 9.0, 9.0, 33.0, 9.0, 6.0, 24.0, 32.0, 8.0, 1.0, 8.0, 14.0, 1.0, 23.0, 46.0, 9.0, 21.0, 4.0, 10.0, 23.0, 3.0, 1.0, 33.0, 20.0, 1.0, 27.0, 8.0, 8.0, 3.0, 27.0, 9.0, 9.0, 9.0, 18.0, 1.0, 35.0, 20.0, 10.0, 2.0, 22.0, 6.0, 24.0, 11.0, 4.0, 13.0, 9.0, 11.0, 10.0, 9.0, 16.0, 8.0, 9.0, 20.0, 13.0, 3.0, 2.0, 10.0, 20.0, 15.0, 7.0, 31.0, 22.0, 22.0, 14.0, 10.0, 3.0, 20.0, 5.0, 9.0, 11.0, 15.0, 9.0, 1.0, 5.0, 17.0, 19.0, 8.0, 11.0, 38.0, 10.0, 2.0, 13.0, 48.0, 15.0, 7.0, 11.0, 24.0, 6.0, 22.0, 13.0, 20.0, 9.0, 19.0, 6.0, 28.0, 12.0, 1.0, 61.0, 65.0, 5.0, 18.0, 7.0, 9.0, 37.0, 5.0, 12.0, 29.0, 8.0, 4.0, 5.0, 20.0, 1.0, 19.0, 20.0, 36.0, 11.0, 23.0, 10.0, 1.0, 11.0, 5.0, 41.0, 11.0, 8.0, 23.0, 7.0, 32.0, 19.0, 13.0, 36.0, 35.0, 34.0, 11.0, 29.0, 7.0, 3.0, 9.0, 26.0, 12.0, 19.0, 1.0, 15.0, 18.0, 44.0, 10.0, 7.0, 18.0, 10.0, 18.0, 8.0, 8.0, 4.0, 64.0, 14.0, 14.0, 99.0, 14.0, 47.0, 1.0, 10.0, 34.0, 19.0, 4.0, 7.0, 29.0, 24.0, 31.0, 13.0, 8.0, 34.0, 10.0, 20.0, 11.0, 8.0, 18.0, 11.0, 4.0, 22.0, 36.0, 3.0, 2.0, 1.0, 21.0, 11.0, 24.0, 3.0, 3.0, 6.0, 19.0, 22.0, 28.0, 11.0, 10.0, 8.0, 10.0, 5.0, 9.0, 10.0, 11.0, 4.0, 13.0, 20.0, 10.0, 17.0, 11.0, 9.0, 28.0, 8.0, 24.0, 33.0, 4.0, 2.0, 22.0, 26.0, 9.0, 46.0, 16.0, 9.0, 1.0, 9.0, 30.0, 28.0, 13.0, 38.0, 19.0, 17.0, 9.0, 20.0, 14.0, 12.0, 10.0, 22.0, 1.0, 1.0, 14.0, 50.0, 10.0, 21.0, 10.0, 4.0, 2.0, 25.0, 17.0, 7.0, 13.0, 22.0, 28.0, 12.0, 20.0, 12.0, 20.0, 10.0, 2.0, 12.0, 17.0, 7.0, 44.0, 8.0, 4.0, 10.0, 13.0, 15.0, 10.0, 22.0, 11.0, 31.0, 10.0, 3.0, 13.0, 37.0, 9.0, 29.0, 11.0, 4.0, 18.0, 10.0, 44.0, 6.0, 15.0, 19.0, 35.0, 11.0, 22.0, 25.0, 15.0, 27.0, 3.0, 23.0, 39.0, 23.0, 20.0, 33.0, 9.0, 21.0, 9.0, 11.0, 11.0, 49.0, 9.0, 33.0, 23.0, 8.0, 6.0, 3.0, 20.0, 5.0, 5.0, 16.0, 6.0, 19.0, 22.0, 16.0, 54.0, 10.0, 11.0, 10.0, 22.0, 18.0, 14.0, 29.0, 15.0, 20.0, 5.0, 40.0, 8.0, 39.0, 35.0, 10.0, 21.0, 2.0, 11.0, 32.0, 64.0, 9.0, 31.0, 8.0, 21.0, 24.0, 67.0, 7.0, 14.0, 7.0, 29.0, 27.0, 20.0, 14.0, 5.0, 11.0, 5.0, 1.0, 22.0, 6.0, 9.0, 2.0, 44.0, 8.0, 8.0, 12.0, 11.0, 16.0, 18.0, 5.0, 26.0, 28.0, 25.0, 46.0, 2.0, 5.0, 8.0, 20.0, 8.0, 9.0, 10.0, 3.0, 10.0, 5.0, 12.0, 18.0, 31.0, 5.0, 10.0, 40.0, 37.0, 35.0, 7.0, 26.0, 18.0, 17.0, 12.0, 9.0, 18.0, 5.0, 61.0, 44.0, 9.0, 3.0, 9.0, 6.0, 9.0, 2.0, 18.0, 9.0, 29.0, 2.0, 32.0, 8.0, 21.0, 14.0, 42.0, 18.0, 2.0, 5.0, 9.0, 6.0, 9.0, 10.0, 32.0, 11.0, 12.0, 11.0, 4.0, 19.0, 12.0, 9.0, 14.0, 3.0, 8.0, 9.0, 9.0, 18.0, 4.0, 28.0, 13.0, 5.0, 4.0, 7.0, 24.0, 9.0, 12.0, 8.0, 18.0, 4.0, 11.0, 4.0, 41.0, 3.0, 9.0, 4.0, 15.0, 20.0, 14.0, 67.0, 4.0, 20.0, 30.0, 10.0, 8.0, 13.0, 21.0, 20.0, 8.0, 6.0, 35.0, 20.0, 11.0, 22.0, 11.0, 14.0, 12.0, 17.0, 35.0, 20.0, 31.0, 57.0, 30.0, 45.0, 10.0, 21.0, 32.0, 4.0, 16.0, 2.0, 21.0, 40.0, 5.0, 20.0, 9.0, 8.0, 28.0, 9.0, 18.0, 17.0, 10.0, 33.0, 23.0, 24.0, 2.0, 25.0, 28.0, 8.0, 10.0, 23.0, 9.0, 3.0, 9.0, 11.0, 20.0, 7.0, 7.0, 17.0, 2.0, 21.0, 22.0, 10.0, 11.0, 30.0, 21.0, 19.0, 9.0, 28.0, 21.0, 13.0, 4.0, 7.0, 11.0, 10.0, 9.0, 12.0, 9.0, 15.0, 17.0, 1.0, 6.0, 20.0, 8.0, 3.0, 6.0, 7.0, 8.0, 14.0, 3.0, 54.0, 43.0, 3.0, 22.0, 27.0, 11.0, 20.0, 34.0, 7.0, 4.0, 24.0, 37.0, 26.0, 41.0, 37.0, 19.0, 3.0, 4.0, 21.0, 6.0, 14.0, 25.0, 20.0, 16.0, 12.0, 5.0, 16.0, 9.0, 8.0, 10.0, 9.0, 4.0, 6.0, 35.0, 12.0, 10.0, 10.0, 2.0, 18.0, 2.0, 1.0, 1.0, 22.0, 10.0, 7.0, 15.0, 41.0, 39.0, 19.0, 35.0, 8.0, 30.0, 10.0, 16.0, 8.0, 29.0, 18.0, 4.0, 5.0, 11.0, 4.0, 11.0, 17.0, 18.0, 49.0, 36.0, 20.0, 3.0, 7.0, 10.0, 10.0, 11.0, 22.0, 19.0, 22.0, 3.0, 14.0, 6.0, 9.0, 12.0, 12.0, 7.0, 20.0, 4.0, 12.0, 1.0, 3.0, 7.0, 6.0, 9.0, 15.0, 29.0, 11.0, 9.0, 30.0, 25.0, 11.0, 8.0, 40.0, 10.0, 9.0, 34.0, 8.0, 4.0, 30.0, 14.0, 66.0, 12.0, 5.0, 9.0, 30.0, 9.0, 16.0, 20.0, 10.0, 9.0, 8.0, 21.0, 24.0, 9.0, 9.0, 22.0, 13.0, 20.0, 11.0, 7.0, 2.0, 10.0, 60.0, 3.0, 12.0, 7.0, 3.0, 9.0, 12.0, 34.0, 20.0, 4.0, 11.0, 3.0, 32.0, 8.0, 10.0, 18.0, 10.0, 7.0, 4.0, 25.0, 34.0, 10.0, 6.0, 20.0, 5.0, 9.0, 11.0, 14.0, 3.0, 21.0, 3.0, 11.0, 9.0, 3.0, 6.0, 4.0, 3.0, 9.0, 21.0, 21.0, 28.0, 10.0, 30.0, 22.0, 2.0, 7.0, 12.0, 28.0, 21.0, 10.0, 1.0, 7.0, 4.0, 15.0, 2.0, 3.0, 10.0, 11.0, 31.0, 31.0, 10.0, 18.0, 3.0, 6.0, 8.0, 7.0, 12.0, 20.0, 31.0, 9.0, 17.0, 4.0, 11.0, 22.0, 14.0, 2.0, 4.0, 18.0, 9.0, 19.0, 24.0, 5.0, 1.0, 29.0, 15.0, 11.0, 2.0, 12.0, 8.0, 21.0, 11.0, 14.0, 11.0, 17.0, 7.0, 11.0, 11.0, 25.0, 3.0, 33.0, 37.0, 2.0, 5.0, 11.0, 10.0, 4.0, 18.0, 11.0, 20.0, 25.0, 7.0, 25.0, 4.0, 50.0, 11.0, 2.0, 19.0, 11.0, 24.0, 3.0, 21.0, 5.0, 10.0, 17.0, 4.0, 46.0, 1.0, 18.0, 20.0, 22.0, 21.0, 9.0, 3.0, 48.0, 12.0, 28.0, 10.0, 5.0, 9.0, 31.0, 9.0, 25.0, 21.0, 22.0, 27.0, 32.0, 19.0, 20.0, 40.0, 25.0, 1.0, 33.0, 11.0, 5.0, 3.0, 10.0, 28.0, 1.0, 10.0, 22.0, 10.0, 10.0, 19.0, 16.0, 10.0, 49.0, 9.0, 21.0, 20.0, 10.0, 10.0, 5.0, 10.0, 18.0, 22.0, 56.0, 14.0, 9.0, 20.0, 14.0, 5.0, 2.0, 18.0, 13.0, 11.0, 26.0, 3.0, 19.0, 7.0, 3.0, 9.0, 9.0, 11.0, 2.0, 4.0, 6.0, 7.0, 13.0, 12.0, 13.0, 6.0, 11.0, 25.0, 11.0, 2.0, 9.0, 9.0, 6.0, 11.0, 45.0, 32.0, 25.0, 1.0, 43.0, 27.0, 21.0, 5.0, 28.0, 28.0, 5.0, 18.0, 5.0, 2.0, 6.0, 35.0, 15.0, 2.0, 10.0, 1.0, 3.0, 9.0, 11.0, 10.0, 34.0, 40.0, 37.0, 5.0, 6.0, 7.0, 3.0, 1.0, 9.0, 20.0, 10.0, 9.0, 18.0, 48.0, 9.0, 21.0, 3.0, 10.0, 10.0, 30.0, 30.0, 4.0, 8.0, 12.0, 1.0, 17.0, 17.0, 11.0, 23.0, 16.0, 3.0, 12.0, 16.0, 9.0, 8.0, 42.0, 16.0, 9.0, 7.0, 17.0, 30.0, 10.0, 48.0, 11.0, 25.0, 22.0, 44.0, 9.0, 11.0, 21.0, 42.0, 41.0, 3.0, 21.0, 11.0, 10.0, 7.0, 12.0, 19.0, 10.0, 17.0, 38.0, 5.0, 10.0, 30.0, 5.0, 27.0, 9.0, 11.0, 18.0, 21.0, 2.0, 28.0, 30.0, 10.0, 9.0, 9.0, 58.0, 18.0, 18.0, 20.0, 7.0, 11.0, 22.0, 21.0, 12.0, 4.0, 2.0, 22.0, 3.0, 48.0, 7.0, 10.0, 20.0, 5.0, 19.0, 13.0, 23.0, 81.0, 10.0, 43.0, 38.0, 5.0, 10.0, 4.0, 5.0, 14.0, 38.0, 19.0, 43.0, 15.0, 10.0, 10.0, 12.0, 30.0, 11.0, 6.0, 8.0, 4.0, 8.0, 29.0, 3.0, 2.0, 8.0, 22.0, 11.0, 3.0, 8.0, 9.0, 94.0, 1.0, 19.0, 7.0, 10.0, 9.0, 5.0, 21.0, 9.0, 7.0, 33.0, 49.0, 8.0, 14.0, 6.0, 21.0, 1.0, 2.0, 24.0, 5.0, 9.0, 2.0, 16.0, 21.0, 16.0, 90.0, 9.0, 9.0, 13.0, 10.0, 32.0, 10.0, 9.0, 13.0, 20.0, 19.0, 9.0, 12.0, 12.0, 11.0, 4.0, 23.0, 23.0, 39.0, 11.0, 11.0, 18.0, 12.0, 3.0, 18.0, 17.0, 9.0, 20.0, 17.0, 8.0, 10.0, 14.0, 10.0, 6.0, 21.0, 9.0, 25.0, 27.0, 18.0, 8.0, 7.0, 78.0, 14.0, 15.0, 10.0, 2.0, 5.0, 4.0, 6.0, 25.0, 31.0, 27.0, 10.0, 3.0, 26.0, 20.0, 13.0, 9.0, 60.0, 14.0, 40.0, 3.0, 38.0, 17.0, 5.0, 2.0, 4.0, 2.0, 67.0, 7.0, 5.0, 16.0, 37.0, 18.0, 9.0, 6.0, 12.0, 8.0, 11.0, 19.0, 6.0, 10.0, 11.0, 22.0, 10.0, 21.0, 39.0, 28.0, 10.0, 11.0, 7.0, 11.0, 5.0, 6.0, 21.0, 63.0, 7.0, 1.0, 4.0, 17.0, 9.0, 9.0, 11.0, 10.0, 9.0, 15.0, 22.0, 5.0, 51.0, 9.0, 15.0, 9.0, 5.0, 89.0, 8.0, 9.0, 3.0, 4.0, 38.0, 15.0, 50.0, 12.0, 10.0, 14.0, 18.0, 43.0, 19.0, 9.0, 4.0, 20.0, 2.0, 12.0, 10.0, 22.0, 9.0, 6.0, 4.0, 25.0, 1.0, 9.0, 8.0, 1.0, 7.0, 30.0, 17.0, 9.0, 10.0, 35.0, 25.0, 20.0, 11.0, 17.0, 16.0, 6.0, 23.0, 9.0, 16.0, 8.0, 12.0, 14.0, 19.0, 11.0, 28.0, 23.0, 6.0, 32.0, 5.0, 12.0, 11.0, 10.0, 1.0, 14.0, 20.0, 10.0, 30.0, 13.0, 22.0, 9.0, 11.0, 17.0, 10.0, 14.0, 26.0, 11.0, 10.0, 20.0, 2.0, 28.0, 16.0, 6.0, 3.0, 14.0, 9.0, 20.0, 45.0, 20.0, 22.0, 5.0, 10.0, 27.0, 8.0, 66.0, 32.0, 47.0, 19.0, 11.0, 15.0, 23.0, 6.0, 8.0, 10.0, 10.0, 2.0, 9.0, 23.0, 7.0, 47.0, 10.0, 4.0, 10.0, 10.0, 33.0, 18.0, 11.0, 21.0, 11.0, 10.0, 3.0, 11.0, 17.0, 9.0, 15.0, 17.0, 7.0, 3.0, 21.0, 15.0, 23.0, 1.0, 1.0, 22.0, 22.0, 24.0, 20.0, 14.0, 23.0, 11.0, 20.0, 24.0, 4.0, 9.0, 11.0, 9.0, 3.0, 10.0, 37.0, 10.0, 12.0, 11.0, 9.0, 11.0, 20.0, 10.0, 16.0, 9.0, 20.0, 35.0, 9.0, 2.0, 18.0, 9.0, 12.0, 9.0, 1.0, 3.0, 10.0, 7.0, 5.0, 10.0, 9.0, 7.0, 16.0, 7.0, 32.0, 27.0, 11.0, 20.0, 3.0, 10.0, 26.0, 4.0, 4.0, 22.0, 26.0, 11.0, 11.0, 19.0, 10.0, 38.0, 8.0, 4.0, 11.0, 4.0, 3.0, 17.0, 50.0, 23.0, 12.0, 24.0, 6.0, 9.0, 8.0, 31.0, 10.0, 8.0, 11.0, 7.0, 13.0, 29.0, 2.0, 9.0, 4.0, 37.0, 16.0, 10.0, 23.0, 19.0, 12.0, 11.0, 19.0, 9.0, 2.0, 1.0, 5.0, 5.0, 69.0, 9.0, 21.0, 22.0, 2.0, 24.0, 19.0, 17.0, 6.0, 10.0, 29.0, 8.0, 2.0, 8.0, 3.0, 5.0, 10.0, 1.0, 20.0, 9.0, 4.0, 4.0, 4.0, 3.0, 6.0, 37.0, 20.0, 8.0, 5.0, 13.0, 14.0, 36.0, 7.0, 41.0, 18.0, 4.0, 10.0, 53.0, 30.0, 16.0, 19.0, 8.0, 15.0, 4.0, 8.0, 9.0, 9.0, 8.0, 69.0, 23.0, 4.0, 12.0, 74.0, 11.0, 21.0, 19.0, 5.0, 12.0, 31.0, 19.0, 2.0, 7.0, 3.0, 10.0, 10.0, 8.0, 19.0, 24.0, 1.0, 11.0, 6.0, 14.0, 13.0, 20.0, 3.0, 24.0, 35.0, 24.0, 21.0, 17.0, 3.0, 1.0, 3.0, 5.0, 27.0, 19.0, 31.0, 1.0, 10.0, 32.0, 22.0, 19.0, 21.0, 43.0, 3.0, 8.0, 35.0, 11.0, 9.0, 20.0, 8.0, 20.0, 22.0, 5.0, 1.0, 25.0, 5.0, 6.0, 19.0, 10.0, 41.0, 16.0, 30.0, 3.0, 5.0, 10.0, 25.0, 9.0, 5.0, 7.0, 19.0, 18.0, 30.0, 9.0, 17.0, 13.0, 4.0, 1.0, 8.0, 10.0, 6.0, 20.0, 8.0, 11.0, 10.0, 11.0, 20.0, 28.0, 12.0, 10.0, 5.0, 38.0, 9.0, 9.0, 34.0, 45.0, 24.0, 10.0, 21.0, 22.0, 22.0, 27.0, 12.0, 4.0, 11.0, 4.0, 20.0, 3.0, 31.0, 4.0, 3.0, 16.0, 18.0, 10.0, 7.0, 12.0, 28.0, 7.0, 9.0, 14.0, 39.0, 32.0, 19.0, 4.0, 8.0, 19.0, 19.0, 6.0, 25.0, 14.0, 13.0, 34.0, 1.0, 36.0, 29.0, 11.0, 21.0, 39.0, 7.0, 36.0, 8.0, 15.0, 5.0, 2.0, 6.0, 9.0, 1.0, 7.0, 18.0, 5.0, 19.0, 16.0, 7.0, 21.0, 5.0, 3.0, 13.0, 23.0, 65.0, 23.0, 16.0, 5.0, 25.0, 14.0, 3.0, 29.0, 5.0, 19.0, 10.0, 51.0, 21.0, 28.0, 56.0, 21.0, 20.0, 4.0, 3.0, 13.0, 14.0, 59.0, 20.0, 2.0, 22.0, 2.0, 92.0, 9.0, 4.0, 30.0, 1.0, 12.0, 57.0, 13.0, 44.0, 22.0, 11.0, 6.0, 9.0, 11.0, 19.0, 3.0, 4.0, 1.0, 22.0, 7.0, 1.0, 23.0, 3.0, 41.0, 9.0, 19.0, 9.0, 10.0, 22.0, 9.0, 23.0, 3.0, 2.0, 4.0, 9.0, 11.0, 20.0, 24.0, 10.0, 10.0, 68.0, 5.0, 17.0, 7.0, 15.0, 11.0, 12.0, 9.0, 8.0, 55.0, 42.0, 5.0, 39.0, 8.0, 9.0, 24.0, 38.0, 52.0, 6.0, 1.0, 21.0, 14.0, 10.0, 9.0, 35.0, 11.0, 5.0, 3.0, 12.0, 35.0, 17.0, 34.0, 5.0, 45.0, 10.0, 40.0, 11.0, 37.0, 8.0, 11.0, 24.0, 10.0, 9.0, 29.0, 21.0, 11.0, 10.0, 9.0, 18.0, 8.0, 11.0, 19.0, 20.0, 14.0, 11.0, 4.0, 9.0, 22.0, 14.0, 3.0, 24.0, 19.0, 1.0, 74.0, 7.0, 11.0, 35.0, 26.0, 5.0, 8.0, 1.0, 19.0, 4.0, 18.0, 22.0, 11.0, 33.0, 21.0, 15.0, 22.0, 16.0, 3.0, 16.0, 20.0, 2.0, 16.0, 49.0, 13.0, 11.0, 4.0, 12.0, 5.0, 29.0, 33.0, 21.0, 8.0, 9.0, 1.0, 10.0, 5.0, 13.0, 64.0, 7.0, 10.0, 8.0, 8.0, 9.0, 4.0, 9.0, 1.0, 4.0, 10.0, 6.0, 2.0, 24.0, 18.0, 32.0, 11.0, 73.0, 38.0, 9.0, 20.0, 14.0, 19.0, 2.0, 18.0, 22.0, 34.0, 2.0, 6.0, 10.0, 86.0, 32.0, 29.0, 19.0, 11.0, 20.0, 25.0, 11.0, 3.0, 34.0, 21.0, 10.0, 40.0, 7.0, 28.0, 30.0, 28.0, 18.0, 12.0, 18.0, 15.0, 4.0, 23.0, 16.0, 34.0, 9.0, 14.0, 4.0, 31.0, 10.0, 8.0, 3.0, 21.0, 15.0, 19.0, 12.0, 13.0, 16.0, 20.0, 11.0, 20.0, 44.0, 21.0, 9.0, 8.0, 1.0, 22.0, 7.0, 14.0, 4.0, 20.0, 4.0, 2.0, 9.0, 25.0, 2.0, 15.0, 9.0, 27.0, 6.0, 19.0, 21.0, 9.0, 9.0, 10.0, 2.0, 1.0, 15.0, 12.0, 2.0, 12.0, 10.0, 6.0, 36.0, 2.0, 2.0, 2.0, 17.0, 12.0, 4.0, 9.0, 10.0, 20.0, 11.0, 23.0, 16.0, 8.0, 1.0, 18.0, 68.0, 10.0, 2.0, 19.0, 4.0, 20.0, 22.0, 7.0, 32.0, 12.0, 2.0, 9.0, 44.0, 23.0, 21.0, 11.0, 9.0, 21.0, 31.0, 14.0, 8.0, 10.0, 3.0, 24.0, 5.0, 3.0, 13.0, 10.0, 24.0, 4.0, 4.0, 32.0, 33.0, 53.0, 37.0, 10.0, 8.0, 29.0, 3.0, 11.0, 40.0, 89.0, 1.0, 10.0, 6.0, 20.0, 12.0, 2.0, 66.0, 10.0, 10.0, 2.0, 5.0, 14.0, 3.0, 29.0, 49.0, 17.0, 4.0, 32.0, 6.0, 40.0, 10.0, 1.0, 25.0, 28.0, 8.0, 33.0, 1.0, 9.0, 16.0, 34.0, 6.0, 8.0, 23.0, 10.0, 30.0, 11.0, 20.0, 3.0, 1.0, 12.0, 66.0, 4.0, 22.0, 48.0, 3.0, 15.0, 8.0, 14.0, 29.0, 10.0, 2.0, 24.0, 5.0, 30.0, 19.0, 38.0, 90.0, 14.0, 26.0, 15.0, 4.0, 7.0, 6.0, 10.0, 9.0, 8.0, 8.0, 4.0, 11.0, 8.0, 9.0, 11.0, 9.0, 8.0, 10.0, 10.0, 19.0, 7.0, 10.0, 24.0, 46.0, 4.0, 11.0, 1.0, 21.0, 3.0, 23.0, 20.0, 10.0, 6.0, 12.0, 9.0, 64.0, 5.0, 36.0, 36.0, 7.0, 19.0, 10.0, 10.0, 23.0, 3.0, 51.0, 10.0, 3.0, 8.0, 10.0, 6.0, 20.0, 1.0, 2.0, 6.0, 23.0, 13.0, 2.0, 5.0, 91.0, 13.0, 27.0, 21.0, 2.0, 11.0, 2.0, 11.0, 10.0, 2.0, 10.0, 30.0, 4.0, 9.0, 9.0, 1.0, 42.0, 9.0, 10.0, 60.0, 9.0, 4.0, 35.0, 6.0, 35.0, 4.0, 3.0, 20.0, 4.0, 13.0, 2.0, 2.0, 7.0, 10.0, 9.0, 43.0, 4.0, 4.0, 4.0, 8.0, 12.0, 19.0, 41.0, 33.0, 3.0, 8.0, 14.0, 31.0, 9.0, 9.0, 22.0, 9.0, 20.0, 5.0, 21.0, 51.0, 2.0, 5.0, 8.0, 25.0, 18.0, 12.0, 11.0, 6.0, 9.0, 8.0, 11.0, 63.0, 9.0, 5.0, 9.0, 5.0, 10.0, 9.0, 14.0, 38.0, 8.0, 9.0, 9.0, 1.0, 34.0, 2.0, 19.0, 21.0, 5.0, 12.0, 41.0, 4.0, 20.0, 9.0, 20.0, 1.0, 12.0, 23.0, 12.0, 13.0, 34.0, 11.0, 5.0, 12.0, 26.0, 20.0, 20.0, 10.0, 21.0, 13.0, 68.0, 13.0, 20.0, 9.0, 9.0, 8.0, 8.0, 19.0, 7.0, 9.0, 4.0, 10.0, 1.0, 46.0, 4.0, 46.0, 56.0, 25.0, 35.0, 12.0, 2.0, 20.0, 10.0, 22.0, 14.0, 8.0, 20.0, 29.0, 3.0, 3.0, 29.0, 19.0, 19.0, 58.0, 27.0, 26.0, 27.0, 10.0, 8.0, 15.0, 8.0, 9.0, 15.0, 12.0, 33.0, 19.0, 17.0, 12.0, 17.0, 6.0, 11.0, 7.0, 8.0, 42.0, 12.0, 21.0, 19.0, 20.0, 17.0, 2.0, 7.0, 14.0, 11.0, 1.0, 8.0, 3.0, 20.0, 20.0, 32.0, 24.0, 9.0, 15.0, 10.0, 7.0, 7.0, 13.0, 20.0, 9.0, 9.0, 42.0, 9.0, 24.0, 12.0, 28.0, 2.0, 8.0, 27.0, 4.0, 11.0, 41.0, 11.0, 3.0, 11.0, 4.0, 13.0, 34.0, 7.0, 10.0, 11.0, 13.0, 5.0, 15.0, 10.0, 9.0, 10.0, 11.0, 10.0, 11.0, 30.0, 3.0, 7.0, 8.0, 30.0, 10.0, 2.0, 20.0, 6.0, 14.0, 4.0, 27.0, 49.0, 17.0, 14.0, 10.0, 4.0, 4.0, 27.0, 10.0, 8.0, 24.0, 3.0, 9.0, 16.0, 7.0, 49.0, 4.0, 16.0, 37.0, 25.0, 9.0, 15.0, 5.0, 4.0, 25.0, 21.0, 9.0, 33.0, 10.0, 17.0, 35.0, 10.0, 22.0, 11.0, 12.0, 45.0, 3.0, 45.0, 39.0, 7.0, 6.0, 16.0, 5.0, 10.0, 9.0, 7.0, 33.0, 22.0, 20.0, 24.0, 35.0, 30.0, 5.0, 8.0, 9.0, 9.0, 3.0, 8.0, 1.0, 2.0, 31.0, 3.0, 1.0, 10.0, 27.0, 14.0, 14.0, 13.0, 28.0, 9.0, 33.0, 6.0, 31.0, 20.0, 64.0, 1.0, 7.0, 15.0, 37.0, 53.0, 45.0, 13.0, 23.0, 25.0, 9.0, 22.0, 20.0, 7.0, 95.0, 13.0, 19.0, 33.0, 4.0, 2.0, 4.0, 28.0, 8.0, 31.0, 1.0, 6.0, 24.0, 4.0, 5.0, 13.0, 13.0, 31.0, 19.0, 30.0, 7.0, 8.0, 19.0, 10.0, 1.0, 4.0, 32.0, 5.0, 5.0, 15.0, 11.0, 8.0, 2.0, 10.0, 6.0, 16.0, 1.0, 5.0, 9.0, 27.0, 4.0, 15.0, 2.0, 36.0, 36.0, 1.0, 21.0, 10.0, 4.0, 17.0, 28.0, 1.0, 24.0, 22.0, 25.0, 7.0, 13.0, 15.0, 26.0, 10.0, 8.0, 4.0, 2.0, 9.0, 21.0, 21.0, 18.0, 4.0, 2.0, 6.0, 11.0, 22.0, 14.0, 48.0, 4.0, 4.0, 34.0, 10.0, 3.0, 7.0, 27.0, 34.0, 12.0, 42.0, 30.0, 21.0, 5.0, 8.0, 34.0, 7.0, 14.0, 6.0, 3.0] 

SGT times
 [36.0, 40.0, 12.0, 32.0, 1.0, 62.0, 3.0, 5.0, 43.0, 22.0, 1.0, 45.0, 39.0, 1.0, 7.0, 50.0, 11.0, 126.0, 124.0, 31.0, 6.0, 10.0, 1.0, 12.0, 7.0, 10.0, 1.0, 91.0, 7.0, 66.0, 32.0, 31.0, 1.0, 35.0, 10.0, 12.0, 9.0, 193.0, 23.0, 14.0, 5.0, 69.0, 12.0, 8.0, 50.0, 1.0, 38.0, 12.0, 6.0, 26.0, 1.0, 14.0, 1.0, 32.0, 12.0, 74.0, 1.0, 3.0, 36.0, 5.0, 1.0, 46.0, 6.0, 6.0, 19.0, 367.0, 36.0, 14.0, 2.0, 1.0, 8.0, 9.0, 2.0, 18.0, 18.0, 6.0, 33.0, 2.0, 23.0, 144.0, 34.0, 9.0, 1.0, 89.0, 39.0, 60.0, 72.0, 7.0, 81.0, 129.0, 45.0, 44.0, 1.0, 10.0, 4.0, 68.0, 24.0, 8.0, 12.0, 2.0, 2.0, 21.0, 5.0, 1.0, 10.0, 62.0, 8.0, 3.0, 1.0, 6.0, 1.0, 12.0, 1.0, 146.0, 12.0, 1.0, 1.0, 12.0, 3.0, 1.0, 10.0, 55.0, 13.0, 19.0, 1.0, 1.0, 33.0, 49.0, 12.0, 11.0, 1.0, 13.0, 1.0, 1.0, 36.0, 21.0, 21.0, 5.0, 3.0, 2.0, 135.0, 30.0, 51.0, 1.0, 90.0, 1.0, 18.0, 1.0, 53.0, 39.0, 43.0, 23.0, 112.0, 17.0, 1.0, 73.0, 13.0, 1.0, 6.0, 15.0, 24.0, 1.0, 20.0, 1.0, 3.0, 7.0, 114.0, 3.0, 29.0, 15.0, 1.0, 1.0, 17.0, 8.0, 45.0, 24.0, 11.0, 131.0, 334.0, 13.0, 11.0, 33.0, 9.0, 13.0, 11.0, 45.0, 11.0, 150.0, 1.0, 23.0, 24.0, 5.0, 19.0, 7.0, 43.0, 47.0, 1.0, 20.0, 83.0, 29.0, 132.0, 26.0, 34.0, 6.0, 1.0, 1.0, 63.0, 2.0, 13.0, 11.0, 8.0, 27.0, 4.0, 49.0, 61.0, 163.0, 1.0, 8.0, 156.0, 7.0, 19.0, 8.0, 53.0, 29.0, 16.0, 7.0, 118.0, 1.0, 9.0, 19.0, 15.0, 8.0, 1.0, 28.0, 17.0, 39.0, 1.0, 15.0, 1.0, 17.0, 2.0, 11.0, 12.0, 37.0, 10.0, 7.0, 93.0, 4.0, 4.0, 36.0, 77.0, 8.0, 21.0, 22.0, 1.0, 44.0, 11.0, 18.0, 31.0, 69.0, 65.0, 26.0, 1.0, 44.0, 46.0, 1.0, 3.0, 22.0, 88.0, 10.0, 29.0, 86.0, 112.0, 6.0, 21.0, 1.0, 8.0, 13.0, 64.0, 61.0, 15.0, 6.0, 15.0, 16.0, 7.0, 1.0, 8.0, 61.0, 9.0, 6.0, 24.0, 22.0, 83.0, 15.0, 22.0, 58.0, 6.0, 18.0, 25.0, 51.0, 61.0, 16.0, 1.0, 20.0, 8.0, 1.0, 24.0, 30.0, 90.0, 22.0, 23.0, 229.0, 11.0, 2.0, 124.0, 19.0, 63.0, 34.0, 2.0, 1.0, 54.0, 10.0, 18.0, 42.0, 68.0, 14.0, 1.0, 63.0, 1.0, 4.0, 18.0, 40.0, 98.0, 15.0, 60.0, 11.0, 310.0, 1.0, 6.0, 3.0, 98.0, 55.0, 11.0, 19.0, 22.0, 18.0, 76.0, 1.0, 109.0, 12.0, 40.0, 8.0, 3.0, 12.0, 57.0, 98.0, 9.0, 7.0, 57.0, 11.0, 2.0, 1.0, 1.0, 1.0, 113.0, 94.0, 27.0, 12.0, 145.0, 14.0, 20.0, 12.0, 20.0, 1.0, 62.0, 24.0, 12.0, 104.0, 51.0, 8.0, 1.0, 10.0, 2.0, 19.0, 28.0, 12.0, 16.0, 24.0, 8.0, 17.0, 7.0, 71.0, 52.0, 1.0, 177.0, 55.0, 1.0, 12.0, 25.0, 18.0, 13.0, 48.0, 56.0, 98.0, 44.0, 16.0, 8.0, 2.0, 2.0, 93.0, 4.0, 6.0, 311.0, 47.0, 32.0, 41.0, 38.0, 12.0, 21.0, 49.0, 6.0, 21.0, 1.0, 9.0, 22.0, 1.0, 14.0, 46.0, 40.0, 6.0, 41.0, 12.0, 22.0, 99.0, 66.0, 90.0, 24.0, 4.0, 13.0, 15.0, 12.0, 11.0, 29.0, 42.0, 11.0, 117.0, 119.0, 11.0, 7.0, 48.0, 12.0, 1.0, 5.0, 1.0, 5.0, 1.0, 1.0, 1.0, 18.0, 1.0, 11.0, 27.0, 13.0, 8.0, 79.0, 11.0, 51.0, 116.0, 21.0, 196.0, 3.0, 27.0, 1.0, 55.0, 1.0, 12.0, 12.0, 14.0, 17.0, 7.0, 1.0, 77.0, 57.0, 27.0, 14.0, 35.0, 1.0, 22.0, 20.0, 79.0, 1.0, 11.0, 6.0, 12.0, 44.0, 16.0, 17.0, 19.0, 8.0, 37.0, 11.0, 5.0, 8.0, 1.0, 54.0, 13.0, 1.0, 10.0, 50.0, 10.0, 16.0, 49.0, 32.0, 51.0, 1.0, 42.0, 4.0, 39.0, 60.0, 19.0, 49.0, 1.0, 18.0, 11.0, 1.0, 1.0, 12.0, 54.0, 124.0, 19.0, 9.0, 20.0, 78.0, 14.0, 8.0, 22.0, 40.0, 16.0, 1.0, 4.0, 82.0, 23.0, 46.0, 31.0, 59.0, 22.0, 12.0, 39.0, 12.0, 5.0, 1.0, 11.0, 1.0, 43.0, 17.0, 1.0, 4.0, 58.0, 13.0, 85.0, 61.0, 43.0, 2.0, 18.0, 92.0, 10.0, 2.0, 45.0, 5.0, 1.0, 43.0, 18.0, 121.0, 1.0, 364.0, 6.0, 2.0, 48.0, 16.0, 72.0, 11.0, 24.0, 10.0, 26.0, 43.0, 1.0, 17.0, 21.0, 20.0, 1.0, 13.0, 21.0, 32.0, 62.0, 1.0, 20.0, 43.0, 9.0, 6.0, 29.0, 8.0, 45.0, 33.0, 43.0, 38.0, 22.0, 1.0, 11.0, 1.0, 10.0, 62.0, 18.0, 1.0, 298.0, 1.0, 33.0, 52.0, 6.0, 17.0, 30.0, 18.0, 11.0, 48.0, 13.0, 73.0, 68.0, 1.0, 9.0, 11.0, 54.0, 32.0, 6.0, 318.0, 4.0, 17.0, 21.0, 1.0, 7.0, 28.0, 1.0, 62.0, 1.0, 29.0, 14.0, 16.0, 55.0, 23.0, 5.0, 8.0, 55.0, 61.0, 31.0, 26.0, 81.0, 39.0, 1.0, 1.0, 1.0, 8.0, 30.0, 190.0, 32.0, 1.0, 57.0, 1.0, 2.0, 49.0, 1.0, 1.0, 31.0, 35.0, 1.0, 61.0, 12.0, 1.0, 55.0, 52.0, 8.0, 5.0, 6.0, 1.0, 12.0, 56.0, 2.0, 80.0, 46.0, 50.0, 22.0, 22.0, 15.0, 1.0, 10.0, 21.0, 1.0, 1.0, 11.0, 36.0, 1.0, 1.0, 46.0, 12.0, 13.0, 45.0, 12.0, 127.0, 27.0, 45.0, 15.0, 7.0, 29.0, 73.0, 14.0, 28.0, 17.0, 39.0, 35.0, 7.0, 30.0, 48.0, 8.0, 13.0, 1.0, 3.0, 1.0, 1.0, 10.0, 25.0, 18.0, 41.0, 32.0, 11.0, 13.0, 1.0, 80.0, 33.0, 14.0, 36.0, 8.0, 17.0, 60.0, 25.0, 256.0, 10.0, 211.0, 13.0, 6.0, 14.0, 23.0, 6.0, 14.0, 13.0, 41.0, 6.0, 22.0, 17.0, 40.0, 8.0, 17.0, 186.0, 46.0, 2.0, 29.0, 62.0, 7.0, 7.0, 8.0, 7.0, 105.0, 27.0, 55.0, 5.0, 49.0, 1.0, 29.0, 10.0, 1.0, 30.0, 1.0, 1.0, 35.0, 24.0, 52.0, 23.0, 30.0, 10.0, 2.0, 327.0, 20.0, 16.0, 3.0, 6.0, 24.0, 44.0, 1.0, 33.0, 15.0, 7.0, 5.0, 27.0, 1.0, 18.0, 65.0, 99.0, 12.0, 16.0, 1.0, 5.0, 33.0, 24.0, 15.0, 135.0, 23.0, 23.0, 16.0, 56.0, 17.0, 29.0, 12.0, 1.0, 38.0, 104.0, 1.0, 22.0, 57.0, 11.0, 3.0, 1.0, 11.0, 272.0, 3.0, 6.0, 38.0, 55.0, 12.0, 7.0, 24.0, 2.0, 58.0, 7.0, 84.0, 17.0, 12.0, 1.0, 1.0, 42.0, 3.0, 31.0, 23.0, 15.0, 18.0, 4.0, 32.0, 1.0, 1.0, 81.0, 1.0, 33.0, 18.0, 10.0, 23.0, 1.0, 105.0, 64.0, 32.0, 1.0, 1.0, 50.0, 50.0, 17.0, 65.0, 37.0, 21.0, 142.0, 33.0, 13.0, 34.0, 4.0, 8.0, 80.0, 23.0, 23.0, 1.0, 10.0, 3.0, 29.0, 11.0, 10.0, 17.0, 27.0, 9.0, 32.0, 1.0, 25.0, 33.0, 37.0, 14.0, 10.0, 6.0, 56.0, 14.0, 50.0, 16.0, 32.0, 162.0, 2.0, 2.0, 39.0, 59.0, 7.0, 23.0, 12.0, 9.0, 7.0, 1.0, 25.0, 3.0, 69.0, 20.0, 11.0, 334.0, 77.0, 1.0, 1.0, 152.0, 2.0, 15.0, 34.0, 78.0, 29.0, 167.0, 11.0, 1.0, 1.0, 19.0, 1.0, 289.0, 33.0, 99.0, 1.0, 38.0, 234.0, 1.0, 4.0, 45.0, 6.0, 66.0, 11.0, 24.0, 5.0, 65.0, 4.0, 28.0, 1.0, 90.0, 7.0, 10.0, 1.0, 1.0, 1.0, 48.0, 10.0, 75.0, 6.0, 39.0, 24.0, 6.0, 97.0, 110.0, 20.0, 6.0, 209.0, 48.0, 6.0, 43.0, 13.0, 41.0, 71.0, 8.0, 13.0, 8.0, 60.0, 86.0, 61.0, 1.0, 33.0, 72.0, 20.0, 3.0, 63.0, 4.0, 1.0, 14.0, 7.0, 1.0, 17.0, 14.0, 2.0, 9.0, 28.0, 8.0, 7.0, 2.0, 55.0, 12.0, 1.0, 8.0, 5.0, 37.0, 8.0, 10.0, 1.0, 40.0, 21.0, 25.0, 1.0, 11.0, 16.0, 87.0, 83.0, 9.0, 34.0, 1.0, 34.0, 1.0, 62.0, 1.0, 85.0, 27.0, 1.0, 32.0, 167.0, 11.0, 43.0, 8.0, 8.0, 1.0, 5.0, 55.0, 5.0, 2.0, 206.0, 1.0, 292.0, 52.0, 1.0, 82.0, 37.0, 1.0, 16.0, 21.0, 22.0, 74.0, 4.0, 25.0, 115.0, 11.0, 21.0, 18.0, 1.0, 5.0, 14.0, 1.0, 1.0, 30.0, 68.0, 25.0, 121.0, 57.0, 15.0, 57.0, 105.0, 37.0, 14.0, 116.0, 13.0, 7.0, 6.0, 1.0, 1.0, 22.0, 4.0, 7.0, 10.0, 3.0, 1.0, 12.0, 40.0, 13.0, 44.0, 35.0, 23.0, 13.0, 9.0, 6.0, 27.0, 70.0, 9.0, 7.0, 11.0, 44.0, 73.0, 6.0, 2.0, 5.0, 40.0, 1.0, 7.0, 78.0, 10.0, 7.0, 25.0, 36.0, 13.0, 17.0, 1.0, 1.0, 5.0, 1.0, 107.0, 113.0, 1.0, 41.0, 18.0, 9.0, 1.0, 23.0, 101.0, 3.0, 2.0, 29.0, 15.0, 12.0, 81.0, 1.0, 48.0, 1.0, 2.0, 10.0, 18.0, 1.0, 39.0, 5.0, 6.0, 6.0, 64.0, 16.0, 3.0, 12.0, 26.0, 8.0, 76.0, 88.0, 12.0, 53.0, 11.0, 109.0, 11.0, 32.0, 21.0, 1.0, 18.0, 27.0, 1.0, 92.0, 1.0, 19.0, 29.0, 1.0, 2.0, 60.0, 77.0, 11.0, 25.0, 39.0, 6.0, 31.0, 1.0, 1.0, 23.0, 14.0, 8.0, 111.0, 1.0, 21.0, 1.0, 18.0, 1.0, 1.0, 11.0, 22.0, 97.0, 1.0, 38.0, 34.0, 12.0, 3.0, 14.0, 1.0, 1.0, 9.0, 29.0, 30.0, 20.0, 62.0, 56.0, 1.0, 245.0, 97.0, 16.0, 1.0, 13.0, 10.0, 11.0, 48.0, 1.0, 51.0, 36.0, 49.0, 2.0, 47.0, 43.0, 7.0, 1.0, 21.0, 7.0, 18.0, 10.0, 83.0, 10.0, 15.0, 11.0, 21.0, 13.0, 3.0, 6.0, 32.0, 8.0, 23.0, 65.0, 12.0, 13.0, 38.0, 6.0, 20.0, 14.0, 4.0, 7.0, 29.0, 16.0, 8.0, 6.0, 11.0, 11.0, 70.0, 12.0, 1.0, 50.0, 74.0, 22.0, 111.0, 33.0, 1.0, 27.0, 20.0, 4.0, 12.0, 13.0, 1.0, 1.0, 24.0, 20.0, 3.0, 7.0, 109.0, 19.0, 41.0, 23.0, 12.0, 1.0, 8.0, 73.0, 43.0, 9.0, 6.0, 47.0, 14.0, 17.0, 8.0, 26.0, 3.0, 84.0, 35.0, 2.0, 11.0, 33.0, 15.0, 11.0, 25.0, 79.0, 1.0, 8.0, 44.0, 44.0, 27.0, 38.0, 49.0, 16.0, 28.0, 19.0, 137.0, 12.0, 15.0, 36.0, 8.0, 13.0, 1.0, 6.0, 15.0, 52.0, 5.0, 95.0, 1.0, 10.0, 6.0, 344.0, 1.0, 36.0, 145.0, 32.0, 11.0, 53.0, 31.0, 68.0, 18.0, 1.0, 28.0, 47.0, 23.0, 25.0, 1.0, 2.0, 1.0, 1.0, 12.0, 32.0, 148.0, 6.0, 14.0, 14.0, 74.0, 2.0, 92.0, 1.0, 16.0, 22.0, 25.0, 1.0, 32.0, 154.0, 45.0, 11.0, 52.0, 13.0, 19.0, 82.0, 36.0, 8.0, 8.0, 10.0, 12.0, 17.0, 21.0, 8.0, 4.0, 8.0, 1.0, 21.0, 11.0, 106.0, 12.0, 76.0, 58.0, 82.0, 37.0, 1.0, 10.0, 2.0, 135.0, 50.0, 13.0, 16.0, 11.0, 98.0, 1.0, 122.0, 1.0, 10.0, 86.0, 21.0, 1.0, 20.0, 12.0, 39.0, 25.0, 70.0, 7.0, 28.0, 35.0, 26.0, 1.0, 30.0, 1.0, 48.0, 26.0, 29.0, 13.0, 95.0, 1.0, 54.0, 12.0, 1.0, 1.0, 15.0, 20.0, 8.0, 1.0, 5.0, 1.0, 49.0, 18.0, 1.0, 1.0, 11.0, 56.0, 49.0, 11.0, 19.0, 8.0, 101.0, 1.0, 31.0, 1.0, 2.0, 13.0, 1.0, 40.0, 1.0, 59.0, 6.0, 1.0, 3.0, 22.0, 32.0, 54.0, 21.0, 31.0, 18.0, 62.0, 36.0, 32.0, 211.0, 4.0, 22.0, 44.0, 22.0, 27.0, 43.0, 37.0, 9.0, 34.0, 44.0, 9.0, 28.0, 24.0, 15.0, 10.0, 32.0, 5.0, 131.0, 45.0, 13.0, 58.0, 34.0, 1.0, 15.0, 19.0, 13.0, 1.0, 12.0, 20.0, 102.0, 43.0, 15.0, 15.0, 7.0, 34.0, 42.0, 1.0, 4.0, 13.0, 10.0, 22.0, 11.0, 42.0, 56.0, 24.0, 26.0, 33.0, 14.0, 33.0, 141.0, 13.0, 60.0, 31.0, 3.0, 19.0, 7.0, 10.0, 11.0, 20.0, 86.0, 8.0, 5.0, 102.0, 31.0, 22.0]
