avgTJ:  14.770726714431934
stdDvTJ:  13.23629729715041
avgTJ without 0:  15.835040234089247
stdDvTJ without 0:  13.075558417310393
maxTJ:  22.73076923076923
minTJ:  9.347826086956522

avgTT:  28.380796864794252
stdDvTT:  39.073069563818585
avgTT without 0:  28.380796864794252
stdDvTT without 0:  39.073069563818585
maxTT:  57.18181818181818
minTT:  6.75

avgTotT:  27.64101805267831
stdDvTotT:  34.93166522716074
avgTotT without 0:  28.449284191288456
stdDvTotT without 0:  35.112786837818504
maxTotT:  43.285714285714285
minTotT:  15.217391304347826

avgMGT:  14.770726714431934
stdDvMGT:  13.23629729715041
avgMGT without 0:  15.835040234089247
stdDvMGT without 0:  13.075558417310393
maxMGT:  22.73076923076923
minMGT:  9.347826086956522

avgSGT:  28.380796864794252
stdDvSGT:  39.073069563818585
avgSGT without 0:  28.380796864794252
stdDvSGT without 0:  39.073069563818585
maxSGT:  57.18181818181818
minSGT:  6.75

free lanes %:  36.47030651340996 %, number of free traverse:  3046 num of traverse 8352
number of times in traffic %:  18.330938697318008 %, numero di volte nel traffico:  1531 num of traverse 8352
not free passage %:  64.14032567049809 %, number of not free passage:  5357 num of traverse 8352
junction times
 [6.0, 9.0, 22.0, 4.0, 7.0, 7.0, 4.0, 1.0, 20.0, 33.0, 42.0, 6.0, 37.0, 10.0, 9.0, 20.0, 8.0, 22.0, 28.0, 35.0, 13.0, 1.0, 19.0, 2.0, 10.0, 3.0, 16.0, 1.0, 2.0, 47.0, 10.0, 32.0, 8.0, 41.0, 13.0, 7.0, 28.0, 2.0, 38.0, 36.0, 12.0, 8.0, 9.0, 13.0, 9.0, 12.0, 11.0, 13.0, 1.0, 14.0, 9.0, 32.0, 1.0, 10.0, 17.0, 4.0, 14.0, 7.0, 1.0, 10.0, 22.0, 19.0, 13.0, 10.0, 12.0, 10.0, 35.0, 4.0, 3.0, 3.0, 15.0, 10.0, 12.0, 8.0, 6.0, 7.0, 16.0, 10.0, 13.0, 24.0, 40.0, 1.0, 41.0, 15.0, 17.0, 2.0, 15.0, 9.0, 17.0, 8.0, 5.0, 11.0, 21.0, 25.0, 22.0, 49.0, 52.0, 4.0, 21.0, 5.0, 21.0, 3.0, 19.0, 9.0, 17.0, 9.0, 9.0, 18.0, 21.0, 1.0, 15.0, 11.0, 15.0, 8.0, 12.0, 7.0, 15.0, 3.0, 8.0, 1.0, 52.0, 11.0, 6.0, 20.0, 7.0, 11.0, 11.0, 18.0, 41.0, 8.0, 21.0, 21.0, 14.0, 10.0, 10.0, 9.0, 19.0, 9.0, 17.0, 11.0, 8.0, 15.0, 24.0, 19.0, 17.0, 20.0, 11.0, 1.0, 12.0, 19.0, 39.0, 7.0, 54.0, 8.0, 25.0, 26.0, 19.0, 8.0, 9.0, 11.0, 1.0, 13.0, 20.0, 2.0, 9.0, 23.0, 27.0, 9.0, 17.0, 6.0, 18.0, 45.0, 11.0, 22.0, 20.0, 11.0, 23.0, 16.0, 2.0, 2.0, 22.0, 13.0, 8.0, 7.0, 9.0, 13.0, 17.0, 66.0, 82.0, 4.0, 22.0, 14.0, 9.0, 53.0, 8.0, 13.0, 18.0, 10.0, 10.0, 7.0, 1.0, 32.0, 1.0, 11.0, 26.0, 40.0, 4.0, 4.0, 25.0, 9.0, 14.0, 12.0, 19.0, 9.0, 11.0, 3.0, 8.0, 22.0, 12.0, 3.0, 7.0, 41.0, 22.0, 2.0, 20.0, 10.0, 10.0, 9.0, 11.0, 1.0, 3.0, 5.0, 10.0, 1.0, 10.0, 2.0, 12.0, 2.0, 5.0, 18.0, 12.0, 53.0, 18.0, 7.0, 24.0, 11.0, 2.0, 9.0, 3.0, 10.0, 1.0, 40.0, 16.0, 9.0, 3.0, 10.0, 12.0, 25.0, 5.0, 3.0, 10.0, 2.0, 6.0, 28.0, 25.0, 40.0, 20.0, 34.0, 10.0, 8.0, 23.0, 26.0, 1.0, 4.0, 11.0, 19.0, 20.0, 12.0, 1.0, 10.0, 12.0, 17.0, 14.0, 63.0, 41.0, 19.0, 12.0, 11.0, 3.0, 4.0, 3.0, 26.0, 9.0, 33.0, 10.0, 10.0, 2.0, 2.0, 11.0, 20.0, 25.0, 10.0, 27.0, 21.0, 13.0, 10.0, 13.0, 3.0, 3.0, 36.0, 7.0, 12.0, 3.0, 16.0, 24.0, 25.0, 10.0, 8.0, 22.0, 10.0, 4.0, 11.0, 10.0, 22.0, 37.0, 20.0, 42.0, 30.0, 29.0, 20.0, 18.0, 23.0, 10.0, 10.0, 40.0, 26.0, 11.0, 4.0, 27.0, 22.0, 11.0, 11.0, 9.0, 10.0, 12.0, 30.0, 9.0, 50.0, 4.0, 5.0, 12.0, 16.0, 9.0, 19.0, 20.0, 6.0, 10.0, 12.0, 9.0, 4.0, 14.0, 20.0, 18.0, 20.0, 9.0, 37.0, 21.0, 23.0, 4.0, 20.0, 21.0, 11.0, 9.0, 31.0, 49.0, 31.0, 5.0, 12.0, 42.0, 30.0, 24.0, 12.0, 11.0, 1.0, 10.0, 26.0, 33.0, 19.0, 39.0, 22.0, 6.0, 9.0, 12.0, 43.0, 8.0, 33.0, 8.0, 13.0, 32.0, 7.0, 9.0, 9.0, 7.0, 18.0, 6.0, 23.0, 18.0, 9.0, 36.0, 18.0, 61.0, 8.0, 2.0, 21.0, 9.0, 19.0, 2.0, 2.0, 16.0, 16.0, 9.0, 22.0, 8.0, 4.0, 8.0, 9.0, 10.0, 23.0, 32.0, 28.0, 6.0, 10.0, 5.0, 31.0, 4.0, 14.0, 10.0, 45.0, 42.0, 39.0, 11.0, 2.0, 14.0, 10.0, 18.0, 37.0, 10.0, 15.0, 20.0, 21.0, 5.0, 46.0, 4.0, 9.0, 1.0, 40.0, 13.0, 10.0, 8.0, 3.0, 10.0, 87.0, 2.0, 9.0, 39.0, 14.0, 8.0, 49.0, 66.0, 2.0, 11.0, 9.0, 28.0, 9.0, 12.0, 17.0, 10.0, 10.0, 16.0, 19.0, 18.0, 12.0, 28.0, 19.0, 2.0, 8.0, 11.0, 6.0, 2.0, 45.0, 9.0, 11.0, 36.0, 1.0, 22.0, 36.0, 25.0, 21.0, 13.0, 6.0, 8.0, 15.0, 4.0, 10.0, 7.0, 34.0, 24.0, 22.0, 33.0, 37.0, 45.0, 9.0, 3.0, 19.0, 10.0, 30.0, 10.0, 10.0, 12.0, 56.0, 8.0, 17.0, 12.0, 3.0, 1.0, 11.0, 18.0, 20.0, 28.0, 6.0, 39.0, 9.0, 55.0, 11.0, 19.0, 5.0, 22.0, 2.0, 20.0, 9.0, 21.0, 20.0, 10.0, 2.0, 20.0, 10.0, 34.0, 11.0, 8.0, 8.0, 21.0, 54.0, 28.0, 11.0, 18.0, 3.0, 18.0, 26.0, 30.0, 7.0, 13.0, 20.0, 29.0, 6.0, 10.0, 20.0, 3.0, 10.0, 1.0, 10.0, 1.0, 9.0, 63.0, 22.0, 11.0, 35.0, 20.0, 28.0, 20.0, 10.0, 7.0, 17.0, 25.0, 37.0, 9.0, 4.0, 7.0, 35.0, 15.0, 33.0, 10.0, 12.0, 8.0, 9.0, 7.0, 3.0, 38.0, 2.0, 16.0, 7.0, 3.0, 8.0, 21.0, 8.0, 3.0, 27.0, 7.0, 23.0, 31.0, 20.0, 21.0, 1.0, 8.0, 7.0, 7.0, 33.0, 26.0, 39.0, 42.0, 19.0, 8.0, 3.0, 9.0, 16.0, 19.0, 32.0, 29.0, 9.0, 4.0, 12.0, 10.0, 14.0, 41.0, 21.0, 24.0, 3.0, 10.0, 39.0, 3.0, 4.0, 3.0, 10.0, 10.0, 10.0, 18.0, 10.0, 10.0, 11.0, 17.0, 9.0, 24.0, 6.0, 21.0, 8.0, 18.0, 8.0, 10.0, 2.0, 18.0, 9.0, 15.0, 34.0, 9.0, 13.0, 22.0, 17.0, 7.0, 9.0, 18.0, 7.0, 19.0, 34.0, 4.0, 25.0, 8.0, 11.0, 1.0, 9.0, 9.0, 14.0, 11.0, 25.0, 10.0, 10.0, 10.0, 13.0, 2.0, 22.0, 33.0, 6.0, 9.0, 10.0, 8.0, 32.0, 29.0, 6.0, 35.0, 8.0, 36.0, 42.0, 2.0, 1.0, 19.0, 25.0, 10.0, 5.0, 10.0, 4.0, 16.0, 6.0, 22.0, 33.0, 11.0, 7.0, 4.0, 8.0, 67.0, 7.0, 12.0, 20.0, 26.0, 2.0, 7.0, 19.0, 10.0, 2.0, 15.0, 28.0, 22.0, 5.0, 7.0, 14.0, 12.0, 3.0, 67.0, 29.0, 13.0, 3.0, 9.0, 14.0, 3.0, 14.0, 27.0, 9.0, 14.0, 8.0, 1.0, 15.0, 4.0, 10.0, 8.0, 10.0, 31.0, 26.0, 61.0, 11.0, 29.0, 4.0, 7.0, 13.0, 9.0, 2.0, 27.0, 12.0, 3.0, 22.0, 1.0, 8.0, 19.0, 36.0, 29.0, 21.0, 4.0, 19.0, 9.0, 4.0, 11.0, 19.0, 9.0, 22.0, 7.0, 22.0, 30.0, 9.0, 3.0, 5.0, 20.0, 10.0, 2.0, 3.0, 49.0, 14.0, 18.0, 39.0, 19.0, 14.0, 1.0, 24.0, 40.0, 8.0, 19.0, 9.0, 17.0, 8.0, 7.0, 30.0, 4.0, 20.0, 8.0, 21.0, 10.0, 18.0, 29.0, 5.0, 1.0, 14.0, 22.0, 11.0, 6.0, 12.0, 8.0, 11.0, 7.0, 30.0, 11.0, 1.0, 42.0, 37.0, 9.0, 11.0, 9.0, 33.0, 31.0, 24.0, 3.0, 69.0, 19.0, 9.0, 14.0, 8.0, 10.0, 1.0, 10.0, 12.0, 9.0, 24.0, 4.0, 15.0, 11.0, 24.0, 46.0, 18.0, 8.0, 13.0, 31.0, 20.0, 18.0, 6.0, 3.0, 4.0, 5.0, 17.0, 21.0, 13.0, 31.0, 21.0, 19.0, 11.0, 16.0, 6.0, 22.0, 8.0, 20.0, 8.0, 7.0, 40.0, 32.0, 23.0, 14.0, 8.0, 2.0, 24.0, 12.0, 3.0, 7.0, 16.0, 44.0, 11.0, 25.0, 10.0, 10.0, 3.0, 8.0, 9.0, 44.0, 7.0, 20.0, 29.0, 27.0, 13.0, 3.0, 37.0, 8.0, 11.0, 23.0, 12.0, 14.0, 10.0, 3.0, 25.0, 11.0, 17.0, 6.0, 22.0, 10.0, 11.0, 8.0, 50.0, 20.0, 17.0, 22.0, 21.0, 22.0, 7.0, 13.0, 18.0, 28.0, 31.0, 3.0, 13.0, 10.0, 27.0, 7.0, 15.0, 10.0, 4.0, 11.0, 2.0, 1.0, 64.0, 21.0, 15.0, 5.0, 9.0, 24.0, 6.0, 3.0, 4.0, 20.0, 10.0, 8.0, 30.0, 9.0, 5.0, 1.0, 4.0, 18.0, 17.0, 8.0, 28.0, 6.0, 13.0, 10.0, 3.0, 7.0, 6.0, 12.0, 8.0, 10.0, 10.0, 26.0, 30.0, 2.0, 7.0, 23.0, 7.0, 3.0, 5.0, 10.0, 3.0, 36.0, 9.0, 29.0, 7.0, 9.0, 20.0, 48.0, 11.0, 5.0, 9.0, 38.0, 21.0, 9.0, 5.0, 4.0, 9.0, 8.0, 14.0, 37.0, 9.0, 12.0, 18.0, 8.0, 11.0, 7.0, 9.0, 6.0, 26.0, 9.0, 11.0, 12.0, 22.0, 8.0, 28.0, 10.0, 21.0, 47.0, 10.0, 9.0, 19.0, 14.0, 23.0, 58.0, 23.0, 11.0, 17.0, 25.0, 55.0, 8.0, 4.0, 2.0, 23.0, 8.0, 19.0, 16.0, 31.0, 20.0, 10.0, 27.0, 31.0, 4.0, 6.0, 18.0, 37.0, 5.0, 9.0, 14.0, 10.0, 17.0, 9.0, 17.0, 35.0, 22.0, 10.0, 23.0, 11.0, 16.0, 2.0, 16.0, 19.0, 11.0, 5.0, 1.0, 6.0, 49.0, 20.0, 6.0, 13.0, 29.0, 4.0, 39.0, 1.0, 20.0, 2.0, 20.0, 9.0, 19.0, 12.0, 58.0, 28.0, 10.0, 6.0, 7.0, 9.0, 11.0, 11.0, 8.0, 2.0, 23.0, 11.0, 35.0, 34.0, 10.0, 30.0, 6.0, 8.0, 22.0, 8.0, 17.0, 4.0, 24.0, 4.0, 8.0, 19.0, 8.0, 10.0, 29.0, 32.0, 12.0, 4.0, 60.0, 10.0, 11.0, 33.0, 5.0, 13.0, 5.0, 11.0, 20.0, 43.0, 1.0, 9.0, 17.0, 4.0, 15.0, 6.0, 2.0, 3.0, 13.0, 30.0, 31.0, 3.0, 6.0, 1.0, 5.0, 30.0, 10.0, 10.0, 1.0, 11.0, 6.0, 11.0, 6.0, 20.0, 13.0, 29.0, 36.0, 1.0, 24.0, 29.0, 9.0, 14.0, 20.0, 36.0, 9.0, 22.0, 30.0, 3.0, 14.0, 69.0, 3.0, 8.0, 9.0, 33.0, 2.0, 7.0, 9.0, 2.0, 9.0, 10.0, 3.0, 9.0, 9.0, 7.0, 10.0, 8.0, 10.0, 4.0, 4.0, 11.0, 12.0, 7.0, 1.0, 5.0, 9.0, 10.0, 31.0, 9.0, 10.0, 9.0, 41.0, 19.0, 17.0, 16.0, 8.0, 18.0, 19.0, 18.0, 10.0, 19.0, 41.0, 31.0, 3.0, 44.0, 14.0, 9.0, 1.0, 4.0, 7.0, 9.0, 12.0, 47.0, 13.0, 28.0, 9.0, 10.0, 9.0, 43.0, 31.0, 23.0, 7.0, 10.0, 11.0, 38.0, 2.0, 12.0, 6.0, 6.0, 11.0, 3.0, 19.0, 10.0, 3.0, 12.0, 36.0, 35.0, 24.0, 14.0, 11.0, 7.0, 25.0, 15.0, 18.0, 36.0, 21.0, 10.0, 18.0, 3.0, 1.0, 7.0, 3.0, 24.0, 8.0, 10.0, 5.0, 10.0, 40.0, 13.0, 9.0, 4.0, 2.0, 18.0, 19.0, 37.0, 16.0, 17.0, 6.0, 22.0, 47.0, 40.0, 12.0, 35.0, 9.0, 37.0, 19.0, 16.0, 10.0, 12.0, 17.0, 18.0, 7.0, 62.0, 9.0, 17.0, 1.0, 23.0, 11.0, 19.0, 2.0, 9.0, 10.0, 10.0, 35.0, 9.0, 3.0, 11.0, 24.0, 35.0, 10.0, 9.0, 61.0, 1.0, 3.0, 5.0, 14.0, 7.0, 22.0, 22.0, 5.0, 12.0, 14.0, 1.0, 24.0, 55.0, 8.0, 22.0, 11.0, 7.0, 81.0, 19.0, 8.0, 10.0, 2.0, 22.0, 9.0, 15.0, 12.0, 35.0, 3.0, 19.0, 15.0, 20.0, 26.0, 14.0, 1.0, 27.0, 57.0, 10.0, 10.0, 6.0, 5.0, 22.0, 18.0, 22.0, 30.0, 4.0, 3.0, 11.0, 10.0, 4.0, 5.0, 4.0, 2.0, 3.0, 29.0, 4.0, 21.0, 2.0, 2.0, 10.0, 6.0, 5.0, 53.0, 9.0, 3.0, 21.0, 8.0, 40.0, 21.0, 4.0, 9.0, 21.0, 1.0, 10.0, 6.0, 10.0, 15.0, 9.0, 27.0, 15.0, 13.0, 2.0, 5.0, 45.0, 5.0, 5.0, 4.0, 23.0, 39.0, 10.0, 71.0, 10.0, 30.0, 8.0, 30.0, 5.0, 14.0, 5.0, 11.0, 31.0, 27.0, 11.0, 40.0, 7.0, 3.0, 24.0, 7.0, 10.0, 4.0, 30.0, 5.0, 1.0, 37.0, 8.0, 2.0, 46.0, 2.0, 4.0, 4.0, 9.0, 10.0, 7.0, 30.0, 7.0, 4.0, 8.0, 18.0, 1.0, 25.0, 1.0, 17.0, 22.0, 6.0, 20.0, 12.0, 31.0, 29.0, 10.0, 20.0, 5.0, 16.0, 11.0, 7.0, 22.0, 30.0, 20.0, 22.0, 10.0, 24.0, 25.0, 6.0, 5.0, 6.0, 10.0, 5.0, 6.0, 13.0, 9.0, 19.0, 18.0, 10.0, 8.0, 53.0, 25.0, 29.0, 14.0, 34.0, 19.0, 20.0, 30.0, 12.0, 3.0, 31.0, 5.0, 3.0, 18.0, 8.0, 2.0, 1.0, 9.0, 36.0, 14.0, 22.0, 12.0, 8.0, 9.0, 11.0, 22.0, 14.0, 15.0, 16.0, 3.0, 8.0, 10.0, 26.0, 3.0, 9.0, 4.0, 13.0, 3.0, 29.0, 6.0, 2.0, 10.0, 40.0, 20.0, 16.0, 39.0, 23.0, 20.0, 6.0, 46.0, 48.0, 17.0, 40.0, 21.0, 18.0, 10.0, 8.0, 2.0, 1.0, 4.0, 30.0, 20.0, 1.0, 7.0, 22.0, 26.0, 9.0, 10.0, 10.0, 32.0, 2.0, 39.0, 10.0, 10.0, 2.0, 102.0, 19.0, 9.0, 12.0, 9.0, 1.0, 11.0, 14.0, 11.0, 8.0, 1.0, 8.0, 4.0, 20.0, 12.0, 19.0, 31.0, 19.0, 25.0, 49.0, 7.0, 9.0, 8.0, 12.0, 7.0, 10.0, 6.0, 4.0, 67.0, 11.0, 10.0, 11.0, 10.0, 24.0, 52.0, 11.0, 2.0, 9.0, 3.0, 4.0, 17.0, 43.0, 10.0, 6.0, 9.0, 1.0, 31.0, 9.0, 6.0, 19.0, 9.0, 17.0, 10.0, 12.0, 13.0, 7.0, 16.0, 3.0, 33.0, 5.0, 30.0, 2.0, 49.0, 11.0, 32.0, 49.0, 27.0, 5.0, 33.0, 6.0, 11.0, 9.0, 21.0, 9.0, 12.0, 28.0, 13.0, 10.0, 10.0, 3.0, 31.0, 9.0, 30.0, 27.0, 25.0, 17.0, 3.0, 12.0, 31.0, 3.0, 19.0, 48.0, 8.0, 30.0, 9.0, 8.0, 9.0, 17.0, 38.0, 24.0, 9.0, 18.0, 10.0, 26.0, 16.0, 23.0, 2.0, 7.0, 7.0, 9.0, 8.0, 18.0, 14.0, 3.0, 35.0, 10.0, 3.0, 5.0, 16.0, 4.0, 21.0, 30.0, 20.0, 22.0, 9.0, 12.0, 18.0, 22.0, 19.0, 9.0, 11.0, 17.0, 41.0, 1.0, 2.0, 2.0, 2.0, 12.0, 9.0, 13.0, 47.0, 8.0, 30.0, 12.0, 30.0, 16.0, 13.0, 88.0, 28.0, 10.0, 5.0, 19.0, 12.0, 80.0, 20.0, 17.0, 36.0, 9.0, 4.0, 11.0, 23.0, 21.0, 37.0, 11.0, 31.0, 2.0, 3.0, 38.0, 11.0, 21.0, 10.0, 21.0, 2.0, 11.0, 6.0, 3.0, 11.0, 13.0, 4.0, 36.0, 60.0, 2.0, 3.0, 10.0, 5.0, 51.0, 31.0, 7.0, 7.0, 4.0, 17.0, 29.0, 37.0, 10.0, 27.0, 6.0, 12.0, 9.0, 41.0, 8.0, 10.0, 30.0, 11.0, 59.0, 3.0, 20.0, 2.0, 8.0, 11.0, 19.0, 34.0, 14.0, 20.0, 2.0, 7.0, 1.0, 5.0, 4.0, 23.0, 31.0, 8.0, 1.0, 8.0, 6.0, 4.0, 51.0, 11.0, 9.0, 11.0, 24.0, 6.0, 15.0, 9.0, 29.0, 26.0, 3.0, 3.0, 19.0, 5.0, 7.0, 35.0, 7.0, 11.0, 15.0, 37.0, 18.0, 29.0, 19.0, 64.0, 9.0, 15.0, 24.0, 4.0, 27.0, 5.0, 8.0, 19.0, 2.0, 6.0, 7.0, 2.0, 6.0, 23.0, 8.0, 30.0, 18.0, 2.0, 15.0, 10.0, 11.0, 68.0, 4.0, 21.0, 21.0, 9.0, 10.0, 22.0, 10.0, 8.0, 6.0, 39.0, 4.0, 15.0, 11.0, 10.0, 15.0, 17.0, 9.0, 1.0, 6.0, 4.0, 11.0, 1.0, 6.0, 7.0, 4.0, 2.0, 9.0, 14.0, 9.0, 2.0, 11.0, 10.0, 38.0, 6.0, 27.0, 7.0, 14.0, 27.0, 11.0, 13.0, 15.0, 6.0, 4.0, 20.0, 45.0, 10.0, 7.0, 20.0, 3.0, 32.0, 13.0, 2.0, 24.0, 8.0, 9.0, 23.0, 8.0, 60.0, 4.0, 7.0, 14.0, 48.0, 6.0, 59.0, 6.0, 18.0, 3.0, 39.0, 24.0, 15.0, 3.0, 11.0, 11.0, 12.0, 12.0, 4.0, 50.0, 37.0, 19.0, 31.0, 13.0, 12.0, 46.0, 23.0, 20.0, 10.0, 13.0, 24.0, 44.0, 6.0, 10.0, 19.0, 7.0, 5.0, 24.0, 8.0, 11.0, 4.0, 15.0, 23.0, 8.0, 12.0, 9.0, 9.0, 26.0, 5.0, 11.0, 10.0, 4.0, 5.0, 1.0, 6.0, 19.0, 4.0, 14.0, 3.0, 4.0, 14.0, 10.0, 2.0, 29.0, 8.0, 9.0, 2.0, 20.0, 3.0, 21.0, 5.0, 32.0, 19.0, 9.0, 6.0, 10.0, 44.0, 13.0, 5.0, 5.0, 27.0, 5.0, 21.0, 12.0, 11.0, 31.0, 34.0, 7.0, 17.0, 33.0, 24.0, 19.0, 30.0, 22.0, 7.0, 10.0, 33.0, 12.0, 3.0, 2.0, 9.0, 16.0, 2.0, 9.0, 22.0, 2.0, 16.0, 28.0, 8.0, 31.0, 9.0, 36.0, 3.0, 6.0, 12.0, 9.0, 62.0, 11.0, 22.0, 32.0, 33.0, 22.0, 9.0, 13.0, 31.0, 43.0, 22.0, 11.0, 19.0, 32.0, 39.0, 8.0, 4.0, 4.0, 21.0, 9.0, 3.0, 22.0, 13.0, 10.0, 20.0, 10.0, 24.0, 11.0, 5.0, 24.0, 9.0, 38.0, 18.0, 46.0, 16.0, 18.0, 26.0, 15.0, 9.0, 3.0, 3.0, 60.0, 33.0, 10.0, 33.0, 3.0, 7.0, 11.0, 20.0, 33.0, 20.0, 9.0, 19.0, 13.0, 9.0, 1.0, 4.0, 9.0, 8.0, 37.0, 2.0, 10.0, 16.0, 10.0, 27.0, 22.0, 4.0, 13.0, 7.0, 19.0, 51.0, 3.0, 62.0, 3.0, 12.0, 59.0, 29.0, 7.0, 4.0, 9.0, 4.0, 19.0, 21.0, 27.0, 6.0, 4.0, 35.0, 79.0, 14.0, 8.0, 3.0, 15.0, 7.0, 10.0, 3.0, 5.0, 13.0, 10.0, 46.0, 25.0, 21.0, 29.0, 10.0, 23.0, 21.0, 28.0, 23.0, 22.0, 28.0, 9.0, 5.0, 8.0, 16.0, 17.0, 25.0, 20.0, 22.0, 25.0, 6.0, 33.0, 11.0, 42.0, 10.0, 10.0, 7.0, 13.0, 33.0, 10.0, 11.0, 9.0, 8.0, 10.0, 2.0, 16.0, 3.0, 12.0, 20.0, 10.0, 38.0, 21.0, 11.0, 11.0, 19.0, 38.0, 13.0, 33.0, 2.0, 9.0, 4.0, 48.0, 9.0, 8.0, 29.0, 25.0, 12.0, 15.0, 2.0, 5.0, 11.0, 18.0, 4.0, 18.0, 6.0, 9.0, 8.0, 24.0, 11.0, 24.0, 40.0, 5.0, 22.0, 16.0, 8.0, 4.0, 4.0, 4.0, 11.0, 4.0, 8.0, 3.0, 9.0, 19.0, 11.0, 1.0, 28.0, 10.0, 3.0, 9.0, 9.0, 3.0, 7.0, 3.0, 6.0, 18.0, 1.0, 10.0, 6.0, 21.0, 9.0, 9.0, 21.0, 12.0, 28.0, 5.0, 20.0, 9.0, 9.0, 42.0, 9.0, 24.0, 9.0, 32.0, 13.0, 4.0, 17.0, 18.0, 24.0, 4.0, 14.0, 28.0, 3.0, 56.0, 2.0, 7.0, 11.0, 4.0, 30.0, 17.0, 8.0, 62.0, 4.0, 15.0, 11.0, 9.0, 7.0, 28.0, 28.0, 9.0, 17.0, 9.0, 4.0, 36.0, 3.0, 8.0, 35.0, 10.0, 18.0, 5.0, 11.0, 19.0, 13.0, 6.0, 11.0, 7.0, 16.0, 9.0, 58.0, 10.0, 7.0, 11.0, 1.0, 17.0, 11.0, 11.0, 1.0, 9.0, 27.0, 7.0, 14.0, 24.0, 9.0, 10.0, 16.0, 8.0, 6.0, 19.0, 37.0, 8.0, 41.0, 9.0, 9.0, 7.0, 32.0, 21.0, 7.0, 39.0, 3.0, 21.0, 17.0, 11.0, 12.0, 18.0, 6.0, 1.0, 1.0, 11.0, 9.0, 20.0, 10.0, 1.0, 15.0, 21.0, 10.0, 6.0, 11.0, 9.0, 19.0, 2.0, 75.0, 10.0, 22.0, 5.0, 26.0, 34.0, 9.0, 1.0, 6.0, 31.0, 36.0, 2.0, 19.0, 28.0, 11.0, 9.0, 5.0, 23.0, 9.0, 19.0, 12.0, 11.0, 5.0, 21.0, 12.0, 19.0, 20.0, 10.0, 9.0, 1.0, 30.0, 27.0, 33.0, 11.0, 3.0, 26.0, 18.0, 8.0, 23.0, 30.0, 1.0, 14.0, 7.0, 33.0, 35.0, 16.0, 22.0, 8.0, 26.0, 10.0, 10.0, 6.0, 32.0, 8.0, 34.0, 12.0, 8.0, 9.0, 13.0, 12.0, 16.0, 22.0, 18.0, 6.0, 19.0, 12.0, 20.0, 32.0, 12.0, 3.0, 22.0, 2.0, 37.0, 10.0, 47.0, 9.0, 1.0, 9.0, 8.0, 20.0, 78.0, 28.0, 10.0, 23.0, 8.0, 13.0, 29.0, 24.0, 9.0, 10.0, 8.0, 2.0, 6.0, 4.0, 66.0, 8.0, 5.0, 4.0, 3.0, 7.0, 30.0, 5.0, 10.0, 4.0, 2.0, 2.0, 8.0, 3.0, 33.0, 9.0, 28.0, 42.0, 49.0, 19.0, 3.0, 15.0, 11.0, 18.0, 28.0, 6.0, 20.0, 20.0, 15.0, 20.0, 20.0, 11.0, 26.0, 15.0, 15.0, 8.0, 4.0, 20.0, 13.0, 1.0, 7.0, 18.0, 11.0, 56.0, 3.0, 4.0, 66.0, 8.0, 8.0, 16.0, 28.0, 19.0, 33.0, 8.0, 8.0, 8.0, 8.0, 10.0, 2.0, 17.0, 17.0, 20.0, 7.0, 13.0, 23.0, 19.0, 24.0, 5.0, 32.0, 10.0, 8.0, 12.0, 7.0, 11.0, 10.0, 10.0, 14.0, 3.0, 14.0, 12.0, 5.0, 7.0, 15.0, 32.0, 25.0, 21.0, 3.0, 2.0, 5.0, 18.0, 9.0, 30.0, 12.0, 5.0, 12.0, 11.0, 33.0, 17.0, 40.0, 10.0, 4.0, 21.0, 11.0, 21.0, 34.0, 9.0, 12.0, 24.0, 9.0, 13.0, 4.0, 15.0, 40.0, 27.0, 8.0, 47.0, 15.0, 20.0, 9.0, 12.0, 9.0, 47.0, 3.0, 4.0, 21.0, 11.0, 28.0, 19.0, 8.0, 5.0, 9.0, 46.0, 16.0, 35.0, 10.0, 9.0, 3.0, 6.0, 11.0, 18.0, 11.0, 16.0, 38.0, 9.0, 5.0, 2.0, 38.0, 2.0, 8.0, 3.0, 49.0, 8.0, 8.0, 7.0, 51.0, 16.0, 10.0, 14.0, 9.0, 34.0, 9.0, 22.0, 6.0, 14.0, 27.0, 2.0, 5.0, 6.0, 20.0, 24.0, 13.0, 9.0, 10.0, 4.0, 20.0, 4.0, 9.0, 12.0, 23.0, 4.0, 8.0, 12.0, 17.0, 14.0, 6.0, 15.0, 11.0, 9.0, 9.0, 7.0, 12.0, 25.0, 5.0, 4.0, 2.0, 8.0, 18.0, 47.0, 18.0, 4.0, 58.0, 10.0, 15.0, 18.0, 5.0, 12.0, 2.0, 51.0, 69.0, 62.0, 23.0, 5.0, 23.0, 8.0, 37.0, 11.0, 11.0, 16.0, 30.0, 37.0, 18.0, 54.0, 9.0, 8.0, 14.0, 18.0, 38.0, 1.0, 10.0, 6.0, 20.0, 1.0, 11.0, 6.0, 2.0, 3.0, 78.0, 7.0, 21.0, 3.0, 2.0, 30.0, 4.0, 4.0, 5.0, 12.0, 25.0, 11.0, 3.0, 6.0, 10.0, 24.0, 8.0, 24.0, 4.0, 4.0, 19.0, 17.0, 1.0, 10.0, 11.0, 3.0, 6.0, 7.0, 5.0, 12.0, 9.0, 53.0, 51.0, 1.0, 22.0, 8.0, 27.0, 8.0, 1.0, 21.0, 7.0, 12.0, 19.0, 9.0, 2.0, 21.0, 10.0, 1.0, 22.0, 12.0, 8.0, 13.0, 19.0, 8.0, 2.0, 11.0, 11.0, 9.0, 1.0, 3.0, 10.0, 33.0, 9.0, 33.0, 9.0, 6.0, 16.0, 20.0, 48.0, 9.0, 28.0, 30.0, 12.0, 11.0, 21.0, 11.0, 8.0, 1.0, 11.0, 19.0, 8.0, 4.0, 30.0, 17.0, 3.0, 10.0, 13.0, 14.0, 34.0, 20.0, 30.0, 18.0, 27.0, 4.0, 31.0, 19.0, 22.0, 9.0, 13.0, 20.0, 4.0, 23.0, 19.0, 18.0, 4.0, 3.0, 10.0, 30.0, 7.0, 27.0, 50.0, 20.0, 11.0, 7.0, 10.0] 

traffic times
 [12.0, 11.0, 7.0, 45.0, 83.0, 11.0, 1.0, 49.0, 5.0, 1.0, 61.0, 9.0, 17.0, 11.0, 1.0, 1.0, 38.0, 11.0, 18.0, 193.0, 1.0, 1.0, 4.0, 23.0, 11.0, 13.0, 1.0, 24.0, 15.0, 35.0, 9.0, 63.0, 130.0, 28.0, 15.0, 10.0, 10.0, 10.0, 16.0, 46.0, 3.0, 7.0, 73.0, 1.0, 23.0, 1.0, 5.0, 21.0, 30.0, 3.0, 1.0, 36.0, 1.0, 9.0, 37.0, 3.0, 3.0, 43.0, 15.0, 3.0, 1.0, 22.0, 7.0, 7.0, 7.0, 14.0, 11.0, 24.0, 28.0, 8.0, 61.0, 38.0, 7.0, 27.0, 33.0, 9.0, 12.0, 1.0, 7.0, 1.0, 12.0, 82.0, 15.0, 4.0, 91.0, 47.0, 9.0, 9.0, 1.0, 26.0, 60.0, 12.0, 25.0, 12.0, 84.0, 91.0, 23.0, 8.0, 47.0, 11.0, 5.0, 42.0, 16.0, 23.0, 5.0, 24.0, 12.0, 1.0, 4.0, 1.0, 46.0, 20.0, 8.0, 112.0, 52.0, 52.0, 24.0, 1.0, 83.0, 1.0, 5.0, 26.0, 1.0, 15.0, 34.0, 7.0, 190.0, 7.0, 1.0, 22.0, 30.0, 14.0, 27.0, 1.0, 11.0, 13.0, 39.0, 48.0, 32.0, 10.0, 20.0, 23.0, 39.0, 19.0, 21.0, 30.0, 1.0, 19.0, 1.0, 203.0, 19.0, 80.0, 8.0, 10.0, 13.0, 12.0, 1.0, 44.0, 1.0, 11.0, 18.0, 64.0, 5.0, 16.0, 1.0, 1.0, 16.0, 106.0, 78.0, 46.0, 6.0, 7.0, 1.0, 49.0, 10.0, 6.0, 1.0, 12.0, 4.0, 4.0, 140.0, 28.0, 23.0, 1.0, 120.0, 11.0, 2.0, 5.0, 1.0, 16.0, 17.0, 112.0, 11.0, 1.0, 26.0, 106.0, 48.0, 24.0, 169.0, 59.0, 54.0, 6.0, 40.0, 15.0, 1.0, 23.0, 1.0, 74.0, 22.0, 1.0, 62.0, 6.0, 252.0, 10.0, 9.0, 38.0, 13.0, 28.0, 7.0, 48.0, 126.0, 79.0, 5.0, 138.0, 12.0, 15.0, 17.0, 5.0, 17.0, 1.0, 52.0, 31.0, 1.0, 43.0, 5.0, 22.0, 1.0, 7.0, 17.0, 23.0, 16.0, 90.0, 1.0, 1.0, 1.0, 6.0, 292.0, 3.0, 31.0, 4.0, 31.0, 34.0, 19.0, 1.0, 1.0, 45.0, 33.0, 20.0, 38.0, 18.0, 1.0, 28.0, 68.0, 1.0, 4.0, 24.0, 43.0, 12.0, 25.0, 1.0, 30.0, 6.0, 23.0, 29.0, 1.0, 38.0, 15.0, 11.0, 27.0, 17.0, 7.0, 23.0, 43.0, 2.0, 22.0, 8.0, 1.0, 1.0, 284.0, 6.0, 13.0, 32.0, 8.0, 49.0, 43.0, 16.0, 12.0, 16.0, 22.0, 20.0, 5.0, 204.0, 1.0, 1.0, 1.0, 1.0, 10.0, 1.0, 11.0, 13.0, 1.0, 48.0, 9.0, 11.0, 37.0, 2.0, 25.0, 1.0, 49.0, 22.0, 50.0, 8.0, 1.0, 44.0, 1.0, 9.0, 28.0, 142.0, 1.0, 7.0, 6.0, 45.0, 29.0, 1.0, 18.0, 19.0, 74.0, 12.0, 28.0, 9.0, 9.0, 81.0, 1.0, 1.0, 12.0, 10.0, 44.0, 7.0, 52.0, 52.0, 37.0, 1.0, 4.0, 6.0, 11.0, 2.0, 8.0, 6.0, 116.0, 22.0, 57.0, 40.0, 16.0, 9.0, 1.0, 38.0, 2.0, 33.0, 51.0, 85.0, 12.0, 6.0, 9.0, 5.0, 39.0, 4.0, 101.0, 13.0, 20.0, 5.0, 17.0, 15.0, 97.0, 2.0, 31.0, 131.0, 14.0, 20.0, 140.0, 2.0, 25.0, 1.0, 3.0, 14.0, 44.0, 15.0, 9.0, 16.0, 18.0, 16.0, 71.0, 1.0, 1.0, 1.0, 11.0, 14.0, 46.0, 5.0, 47.0, 29.0, 37.0, 34.0, 1.0, 3.0, 1.0, 36.0, 21.0, 1.0, 2.0, 15.0, 21.0, 100.0, 1.0, 18.0, 25.0, 1.0, 8.0, 12.0, 48.0, 1.0, 7.0, 1.0, 18.0, 4.0, 23.0, 116.0, 2.0, 1.0, 46.0, 1.0, 15.0, 1.0, 19.0, 115.0, 7.0, 54.0, 62.0, 45.0, 3.0, 42.0, 36.0, 18.0, 58.0, 28.0, 27.0, 43.0, 9.0, 12.0, 1.0, 5.0, 8.0, 37.0, 39.0, 73.0, 1.0, 18.0, 3.0, 2.0, 50.0, 56.0, 8.0, 43.0, 187.0, 22.0, 7.0, 1.0, 91.0, 7.0, 1.0, 30.0, 14.0, 1.0, 91.0, 10.0, 28.0, 62.0, 4.0, 1.0, 18.0, 13.0, 8.0, 22.0, 21.0, 12.0, 3.0, 40.0, 28.0, 12.0, 31.0, 1.0, 32.0, 6.0, 17.0, 33.0, 7.0, 3.0, 51.0, 8.0, 61.0, 21.0, 1.0, 1.0, 1.0, 3.0, 17.0, 23.0, 16.0, 14.0, 11.0, 6.0, 55.0, 7.0, 13.0, 16.0, 56.0, 2.0, 6.0, 23.0, 49.0, 6.0, 7.0, 1.0, 35.0, 49.0, 1.0, 1.0, 2.0, 8.0, 35.0, 52.0, 8.0, 2.0, 103.0, 16.0, 10.0, 7.0, 186.0, 1.0, 30.0, 37.0, 25.0, 69.0, 30.0, 82.0, 21.0, 3.0, 1.0, 5.0, 13.0, 84.0, 15.0, 1.0, 49.0, 11.0, 11.0, 21.0, 28.0, 271.0, 37.0, 17.0, 40.0, 44.0, 4.0, 70.0, 1.0, 14.0, 67.0, 16.0, 14.0, 4.0, 26.0, 14.0, 183.0, 1.0, 41.0, 66.0, 299.0, 47.0, 25.0, 75.0, 13.0, 28.0, 29.0, 9.0, 1.0, 65.0, 122.0, 1.0, 2.0, 129.0, 32.0, 12.0, 14.0, 20.0, 50.0, 1.0, 9.0, 3.0, 33.0, 94.0, 3.0, 63.0, 56.0, 1.0, 148.0, 15.0, 85.0, 106.0, 6.0, 6.0, 1.0, 13.0, 17.0, 1.0, 1.0, 1.0, 13.0, 25.0, 56.0, 33.0, 7.0, 123.0, 7.0, 10.0, 26.0, 40.0, 9.0, 49.0, 1.0, 1.0, 7.0, 14.0, 7.0, 87.0, 36.0, 1.0, 1.0, 48.0, 1.0, 2.0, 6.0, 13.0, 1.0, 17.0, 8.0, 12.0, 1.0, 10.0, 1.0, 1.0, 88.0, 1.0, 108.0, 16.0, 66.0, 14.0, 7.0, 5.0, 36.0, 1.0, 37.0, 16.0, 94.0, 142.0, 33.0, 17.0, 1.0, 15.0, 6.0, 2.0, 1.0, 44.0, 60.0, 25.0, 44.0, 72.0, 27.0, 1.0, 17.0, 18.0, 4.0, 13.0, 3.0, 8.0, 34.0, 20.0, 15.0, 29.0, 16.0, 76.0, 52.0, 1.0, 1.0, 38.0, 54.0, 35.0, 16.0, 56.0, 22.0, 155.0, 11.0, 31.0, 1.0, 38.0, 14.0, 19.0, 1.0, 22.0, 52.0, 1.0, 11.0, 17.0, 51.0, 185.0, 1.0, 2.0, 40.0, 1.0, 8.0, 45.0, 10.0, 51.0, 12.0, 4.0, 33.0, 77.0, 11.0, 39.0, 7.0, 1.0, 7.0, 12.0, 72.0, 8.0, 1.0, 17.0, 8.0, 13.0, 10.0, 24.0, 18.0, 1.0, 44.0, 20.0, 1.0, 84.0, 9.0, 69.0, 18.0, 1.0, 58.0, 28.0, 24.0, 75.0, 46.0, 42.0, 41.0, 10.0, 20.0, 26.0, 1.0, 46.0, 43.0, 7.0, 6.0, 1.0, 31.0, 6.0, 1.0, 42.0, 61.0, 40.0, 8.0, 22.0, 1.0, 14.0, 11.0, 41.0, 22.0, 39.0, 1.0, 5.0, 9.0, 7.0, 5.0, 8.0, 2.0, 9.0, 1.0, 23.0, 1.0, 23.0, 8.0, 8.0, 24.0, 9.0, 7.0, 21.0, 14.0, 154.0, 7.0, 14.0, 7.0, 18.0, 20.0, 8.0, 1.0, 1.0, 38.0, 23.0, 2.0, 6.0, 27.0, 93.0, 29.0, 41.0, 40.0, 48.0, 12.0, 20.0, 8.0, 20.0, 31.0, 7.0, 15.0, 11.0, 35.0, 209.0, 12.0, 7.0, 15.0, 82.0, 1.0, 7.0, 51.0, 9.0, 1.0, 19.0, 24.0, 13.0, 9.0, 1.0, 11.0, 19.0, 11.0, 16.0, 18.0, 3.0, 30.0, 1.0, 1.0, 6.0, 45.0, 4.0, 1.0, 34.0, 1.0, 11.0, 12.0, 35.0, 13.0, 9.0, 3.0, 65.0, 12.0, 1.0, 10.0, 12.0, 22.0, 11.0, 65.0, 7.0, 18.0, 74.0, 13.0, 1.0, 6.0, 8.0, 1.0, 16.0, 3.0, 1.0, 6.0, 10.0, 9.0, 8.0, 49.0, 23.0, 3.0, 40.0, 35.0, 36.0, 32.0, 12.0, 53.0, 25.0, 12.0, 1.0, 1.0, 1.0, 1.0, 1.0, 155.0, 89.0, 23.0, 8.0, 50.0, 14.0, 7.0, 62.0, 20.0, 1.0, 17.0, 16.0, 86.0, 8.0, 11.0, 56.0, 19.0, 5.0, 92.0, 4.0, 47.0, 68.0, 1.0, 10.0, 55.0, 13.0, 10.0, 77.0, 1.0, 1.0, 9.0, 25.0, 4.0, 50.0, 1.0, 11.0, 9.0, 11.0, 31.0, 2.0, 1.0, 10.0, 10.0, 71.0, 1.0, 1.0, 11.0, 9.0, 67.0, 5.0, 88.0, 9.0, 1.0, 25.0, 34.0, 9.0, 11.0, 15.0, 5.0, 14.0, 22.0, 30.0, 23.0, 39.0, 1.0, 143.0, 40.0, 6.0, 5.0, 13.0, 10.0, 16.0, 7.0, 6.0, 16.0, 18.0, 18.0, 5.0, 14.0, 6.0, 11.0, 52.0, 13.0, 5.0, 9.0, 8.0, 63.0, 40.0, 5.0, 2.0, 6.0, 31.0, 106.0, 47.0, 15.0, 1.0, 6.0, 19.0, 1.0, 13.0, 26.0, 44.0, 36.0, 14.0, 65.0, 3.0, 36.0, 84.0, 34.0, 8.0, 7.0, 9.0, 97.0, 12.0, 63.0, 22.0, 1.0, 33.0, 16.0, 1.0, 30.0, 11.0, 201.0, 28.0, 1.0, 24.0, 67.0, 29.0, 8.0, 18.0, 23.0, 21.0, 46.0, 16.0, 1.0, 56.0, 4.0, 14.0, 4.0, 7.0, 28.0, 12.0, 1.0, 21.0, 198.0, 38.0, 18.0, 107.0, 2.0, 9.0, 49.0, 43.0, 32.0, 3.0, 25.0, 207.0, 68.0, 41.0, 11.0, 6.0, 67.0, 34.0, 48.0, 51.0, 88.0, 31.0, 11.0, 2.0, 21.0, 2.0, 46.0, 169.0, 15.0, 30.0, 3.0, 12.0, 32.0, 29.0, 1.0, 24.0, 6.0, 37.0, 1.0, 17.0, 70.0, 53.0, 70.0, 6.0, 2.0, 15.0, 8.0, 26.0, 18.0, 9.0, 16.0, 50.0, 9.0, 20.0, 1.0, 40.0, 1.0, 37.0, 145.0, 24.0, 21.0, 1.0, 14.0, 21.0, 52.0, 91.0, 18.0, 32.0, 33.0, 2.0, 57.0, 14.0, 1.0, 78.0, 11.0, 9.0, 6.0, 190.0, 69.0, 1.0, 3.0, 5.0, 23.0, 13.0, 11.0, 1.0, 13.0, 17.0, 45.0, 1.0, 8.0, 169.0, 76.0, 1.0, 9.0, 24.0, 1.0, 7.0, 50.0, 61.0, 40.0, 48.0, 33.0, 1.0, 34.0, 50.0, 72.0, 49.0, 35.0, 54.0, 1.0, 3.0, 10.0, 25.0, 40.0, 38.0, 20.0, 28.0, 6.0, 27.0, 113.0, 12.0, 1.0, 9.0, 26.0, 25.0, 38.0, 9.0, 5.0, 14.0, 17.0, 30.0, 12.0, 9.0, 3.0, 49.0, 8.0, 12.0, 58.0, 10.0, 26.0, 11.0, 25.0, 6.0, 207.0, 20.0, 12.0, 250.0, 4.0, 26.0, 22.0, 1.0, 21.0, 28.0, 104.0, 8.0, 6.0, 1.0, 19.0, 9.0, 218.0, 3.0, 8.0, 45.0, 12.0, 30.0, 1.0, 15.0, 11.0, 17.0, 1.0, 8.0, 127.0, 94.0, 226.0, 12.0, 4.0, 5.0, 26.0, 9.0, 1.0, 71.0, 4.0, 1.0, 15.0, 14.0, 10.0, 21.0, 15.0, 37.0, 73.0, 72.0, 42.0, 41.0, 14.0, 13.0, 1.0, 12.0, 34.0, 1.0, 7.0, 1.0, 53.0, 50.0, 14.0, 2.0, 1.0, 6.0, 12.0, 9.0, 1.0, 1.0, 1.0, 75.0, 4.0, 37.0, 14.0, 7.0, 40.0, 15.0, 7.0, 16.0, 124.0, 1.0, 10.0, 1.0, 1.0, 60.0, 17.0, 58.0, 1.0, 113.0, 12.0, 21.0, 50.0, 7.0, 9.0, 166.0, 82.0, 10.0, 1.0, 59.0, 8.0, 3.0, 13.0, 8.0, 36.0, 235.0, 15.0, 1.0, 8.0, 45.0, 1.0, 1.0, 14.0, 26.0, 66.0, 13.0, 1.0, 76.0, 12.0, 24.0, 31.0, 6.0, 5.0, 2.0, 159.0, 23.0, 3.0, 12.0, 22.0, 58.0, 4.0, 23.0, 3.0, 21.0, 12.0, 31.0, 10.0, 14.0, 40.0, 1.0, 20.0, 2.0, 1.0, 40.0, 122.0, 1.0, 10.0, 43.0, 8.0, 18.0, 15.0, 117.0, 37.0, 77.0, 39.0, 16.0, 11.0, 33.0, 40.0, 31.0, 1.0, 16.0, 16.0, 4.0, 9.0, 56.0, 1.0, 1.0, 20.0, 12.0, 30.0, 63.0, 4.0, 8.0, 1.0, 1.0, 7.0, 12.0, 20.0, 1.0, 16.0, 8.0, 76.0, 35.0, 17.0, 1.0, 21.0, 91.0, 1.0, 33.0, 90.0, 30.0, 11.0, 7.0, 11.0, 72.0, 43.0, 2.0, 16.0, 1.0, 3.0, 150.0, 11.0, 7.0, 55.0, 1.0, 9.0, 119.0, 18.0, 190.0, 4.0, 9.0, 12.0, 6.0, 63.0, 94.0, 41.0, 10.0, 8.0, 17.0, 4.0, 12.0, 22.0, 16.0, 16.0, 29.0, 57.0, 37.0, 1.0, 1.0, 17.0, 12.0, 9.0, 77.0, 52.0, 3.0, 3.0, 3.0, 3.0, 53.0, 34.0, 13.0, 58.0, 169.0, 80.0, 6.0, 9.0, 55.0, 23.0, 54.0, 9.0, 7.0, 11.0, 2.0, 1.0, 4.0, 1.0, 7.0, 95.0, 317.0, 12.0, 47.0, 9.0, 10.0, 1.0, 39.0, 125.0, 9.0, 51.0, 12.0, 11.0, 49.0, 1.0, 38.0, 35.0, 21.0, 3.0, 47.0, 1.0, 53.0, 11.0, 14.0, 196.0, 40.0, 99.0, 21.0, 22.0, 40.0, 9.0, 7.0, 35.0, 24.0, 32.0, 9.0, 45.0, 118.0, 19.0, 57.0, 7.0, 53.0, 22.0, 1.0, 24.0, 94.0, 1.0, 35.0, 21.0, 13.0, 40.0, 12.0, 5.0, 1.0, 54.0, 6.0, 23.0, 31.0, 21.0, 71.0, 17.0, 12.0, 1.0, 16.0, 8.0, 12.0, 255.0, 16.0, 1.0, 43.0, 18.0, 19.0, 1.0, 54.0, 11.0] 

total times
 [12.0, 6.0, 15.0, 8.0, 9.0, 76.0, 83.0, 4.0, 7.0, 7.0, 15.0, 10.0, 20.0, 33.0, 42.0, 6.0, 95.0, 10.0, 14.0, 9.0, 20.0, 8.0, 32.0, 28.0, 64.0, 9.0, 52.0, 13.0, 1.0, 35.0, 10.0, 10.0, 3.0, 25.0, 1.0, 2.0, 38.0, 47.0, 10.0, 32.0, 8.0, 41.0, 13.0, 7.0, 28.0, 2.0, 11.0, 56.0, 196.0, 36.0, 21.0, 17.0, 9.0, 13.0, 9.0, 12.0, 15.0, 45.0, 1.0, 14.0, 9.0, 32.0, 1.0, 10.0, 37.0, 17.0, 5.0, 38.0, 28.0, 35.0, 9.0, 64.0, 149.0, 59.0, 34.0, 30.0, 10.0, 12.0, 10.0, 16.0, 35.0, 14.0, 18.0, 3.0, 49.0, 15.0, 10.0, 12.0, 3.0, 8.0, 7.0, 6.0, 7.0, 98.0, 10.0, 13.0, 35.0, 71.0, 1.0, 1.0, 46.0, 15.0, 29.0, 47.0, 2.0, 15.0, 9.0, 17.0, 8.0, 5.0, 11.0, 3.0, 21.0, 25.0, 23.0, 36.0, 61.0, 70.0, 4.0, 21.0, 5.0, 21.0, 3.0, 41.0, 19.0, 9.0, 17.0, 9.0, 12.0, 30.0, 72.0, 1.0, 15.0, 15.0, 11.0, 15.0, 3.0, 9.0, 12.0, 38.0, 10.0, 7.0, 15.0, 3.0, 23.0, 14.0, 11.0, 1.0, 76.0, 35.0, 11.0, 6.0, 8.0, 20.0, 7.0, 11.0, 65.0, 57.0, 25.0, 75.0, 41.0, 9.0, 12.0, 21.0, 21.0, 14.0, 10.0, 10.0, 9.0, 20.0, 10.0, 9.0, 17.0, 11.0, 17.0, 36.0, 24.0, 101.0, 16.0, 17.0, 20.0, 24.0, 1.0, 12.0, 110.0, 39.0, 51.0, 7.0, 54.0, 8.0, 25.0, 44.0, 28.0, 8.0, 9.0, 11.0, 1.0, 13.0, 30.0, 26.0, 62.0, 12.0, 46.0, 29.0, 15.0, 23.0, 27.0, 101.0, 108.0, 39.0, 18.0, 45.0, 11.0, 22.0, 20.0, 28.0, 47.0, 34.0, 16.0, 2.0, 6.0, 46.0, 2.0, 16.0, 22.0, 23.0, 13.0, 8.0, 9.0, 7.0, 24.0, 9.0, 13.0, 37.0, 76.0, 82.0, 4.0, 22.0, 14.0, 13.0, 5.0, 54.0, 79.0, 8.0, 13.0, 12.0, 18.0, 112.0, 71.0, 10.0, 7.0, 1.0, 57.0, 66.0, 1.0, 22.0, 117.0, 40.0, 1.0, 5.0, 26.0, 5.0, 19.0, 25.0, 9.0, 14.0, 12.0, 19.0, 53.0, 7.0, 11.0, 3.0, 207.0, 29.0, 22.0, 3.0, 7.0, 41.0, 53.0, 2.0, 58.0, 10.0, 10.0, 9.0, 11.0, 15.0, 3.0, 5.0, 10.0, 1.0, 10.0, 2.0, 48.0, 2.0, 5.0, 18.0, 12.0, 53.0, 28.0, 7.0, 43.0, 21.0, 11.0, 2.0, 9.0, 3.0, 10.0, 1.0, 88.0, 16.0, 65.0, 3.0, 10.0, 53.0, 25.0, 14.0, 23.0, 5.0, 3.0, 23.0, 41.0, 21.0, 10.0, 2.0, 6.0, 52.0, 55.0, 79.0, 31.0, 34.0, 38.0, 8.0, 23.0, 35.0, 206.0, 28.0, 80.0, 12.0, 14.0, 11.0, 19.0, 33.0, 12.0, 13.0, 10.0, 22.0, 61.0, 14.0, 14.0, 90.0, 41.0, 19.0, 12.0, 11.0, 3.0, 68.0, 5.0, 19.0, 26.0, 9.0, 33.0, 10.0, 10.0, 1.0, 2.0, 2.0, 11.0, 1.0, 36.0, 25.0, 10.0, 142.0, 99.0, 13.0, 10.0, 13.0, 48.0, 3.0, 6.0, 18.0, 48.0, 7.0, 53.0, 30.0, 9.0, 25.0, 45.0, 25.0, 10.0, 8.0, 26.0, 10.0, 4.0, 11.0, 10.0, 22.0, 41.0, 20.0, 189.0, 30.0, 66.0, 52.0, 27.0, 153.0, 28.0, 21.0, 53.0, 27.0, 11.0, 4.0, 16.0, 17.0, 120.0, 38.0, 22.0, 11.0, 11.0, 9.0, 1.0, 36.0, 12.0, 30.0, 9.0, 75.0, 110.0, 5.0, 69.0, 48.0, 9.0, 197.0, 20.0, 6.0, 10.0, 12.0, 9.0, 4.0, 14.0, 79.0, 18.0, 20.0, 9.0, 37.0, 55.0, 27.0, 50.0, 46.0, 4.0, 20.0, 32.0, 11.0, 40.0, 4.0, 31.0, 49.0, 105.0, 5.0, 43.0, 42.0, 30.0, 34.0, 83.0, 11.0, 16.0, 10.0, 26.0, 295.0, 19.0, 49.0, 22.0, 6.0, 9.0, 12.0, 11.0, 43.0, 8.0, 81.0, 8.0, 13.0, 54.0, 32.0, 23.0, 9.0, 9.0, 62.0, 153.0, 6.0, 102.0, 5.0, 18.0, 9.0, 174.0, 16.0, 15.0, 19.0, 18.0, 66.0, 32.0, 2.0, 30.0, 69.0, 19.0, 2.0, 40.0, 16.0, 1.0, 16.0, 9.0, 22.0, 50.0, 8.0, 4.0, 8.0, 9.0, 10.0, 6.0, 54.0, 42.0, 35.0, 6.0, 36.0, 5.0, 54.0, 20.0, 112.0, 1.0, 20.0, 4.0, 51.0, 344.0, 42.0, 50.0, 8.0, 2.0, 14.0, 10.0, 35.0, 52.0, 37.0, 46.0, 15.0, 20.0, 21.0, 5.0, 73.0, 4.0, 9.0, 1.0, 40.0, 22.0, 10.0, 8.0, 4.0, 10.0, 139.0, 33.0, 20.0, 2.0, 56.0, 57.0, 14.0, 18.0, 28.0, 117.0, 76.0, 2.0, 23.0, 9.0, 60.0, 9.0, 65.0, 29.0, 10.0, 44.0, 16.0, 19.0, 27.0, 48.0, 42.0, 27.0, 48.0, 1.0, 2.0, 8.0, 40.0, 11.0, 15.0, 17.0, 37.0, 21.0, 7.0, 23.0, 88.0, 2.0, 9.0, 42.0, 49.0, 1.0, 32.0, 36.0, 25.0, 21.0, 13.0, 7.0, 8.0, 15.0, 4.0, 303.0, 6.0, 7.0, 17.0, 75.0, 12.0, 73.0, 65.0, 33.0, 53.0, 66.0, 9.0, 27.0, 19.0, 10.0, 30.0, 10.0, 22.0, 10.0, 12.0, 56.0, 28.0, 17.0, 12.0, 3.0, 16.0, 206.0, 11.0, 18.0, 29.0, 38.0, 6.0, 40.0, 19.0, 55.0, 11.0, 17.0, 28.0, 25.0, 22.0, 2.0, 13.0, 5.0, 20.0, 9.0, 79.0, 38.0, 10.0, 13.0, 66.0, 10.0, 34.0, 11.0, 8.0, 8.0, 21.0, 2.0, 79.0, 29.0, 11.0, 67.0, 26.0, 50.0, 3.0, 8.0, 29.0, 44.0, 37.0, 39.0, 7.0, 49.0, 172.0, 39.0, 6.0, 10.0, 20.0, 18.0, 6.0, 10.0, 1.0, 10.0, 1.0, 54.0, 63.0, 22.0, 11.0, 35.0, 56.0, 28.0, 21.0, 10.0, 7.0, 25.0, 19.0, 17.0, 82.0, 12.0, 28.0, 42.0, 55.0, 9.0, 4.0, 81.0, 5.0, 7.0, 35.0, 16.0, 45.0, 10.0, 12.0, 8.0, 9.0, 14.0, 7.0, 55.0, 53.0, 2.0, 52.0, 16.0, 7.0, 3.0, 8.0, 21.0, 8.0, 3.0, 79.0, 7.0, 69.0, 32.0, 31.0, 27.0, 1.0, 8.0, 7.0, 25.0, 33.0, 37.0, 39.0, 8.0, 6.0, 167.0, 50.0, 58.0, 8.0, 3.0, 9.0, 65.0, 35.0, 49.0, 30.0, 43.0, 9.0, 6.0, 12.0, 10.0, 14.0, 43.0, 41.0, 21.0, 24.0, 3.0, 70.0, 124.0, 3.0, 4.0, 15.0, 18.0, 12.0, 10.0, 8.0, 10.0, 39.0, 4.0, 10.0, 18.0, 120.0, 10.0, 11.0, 30.0, 9.0, 24.0, 6.0, 21.0, 8.0, 18.0, 8.0, 10.0, 2.0, 18.0, 36.0, 15.0, 39.0, 35.0, 16.0, 97.0, 2.0, 53.0, 153.0, 17.0, 14.0, 7.0, 29.0, 167.0, 7.0, 2.0, 53.0, 34.0, 4.0, 7.0, 37.0, 8.0, 11.0, 15.0, 9.0, 9.0, 67.0, 22.0, 11.0, 9.0, 25.0, 10.0, 35.0, 10.0, 40.0, 2.0, 20.0, 22.0, 33.0, 6.0, 9.0, 10.0, 8.0, 32.0, 109.0, 6.0, 36.0, 8.0, 36.0, 52.0, 2.0, 1.0, 20.0, 45.0, 10.0, 5.0, 10.0, 4.0, 14.0, 50.0, 9.0, 72.0, 6.0, 29.0, 47.0, 63.0, 41.0, 11.0, 7.0, 4.0, 7.0, 1.0, 8.0, 36.0, 67.0, 36.0, 22.0, 30.0, 26.0, 23.0, 21.0, 7.0, 100.0, 28.0, 37.0, 2.0, 15.0, 25.0, 38.0, 10.0, 22.0, 5.0, 7.0, 14.0, 12.0, 19.0, 3.0, 67.0, 29.0, 69.0, 3.0, 9.0, 14.0, 3.0, 14.0, 1.0, 27.0, 9.0, 14.0, 8.0, 1.0, 29.0, 4.0, 10.0, 8.0, 10.0, 31.0, 26.0, 71.0, 11.0, 47.0, 18.0, 7.0, 26.0, 116.0, 13.0, 9.0, 2.0, 38.0, 22.0, 3.0, 22.0, 1.0, 8.0, 65.0, 37.0, 29.0, 21.0, 19.0, 1.0, 38.0, 9.0, 4.0, 11.0, 134.0, 9.0, 22.0, 10.0, 7.0, 76.0, 92.0, 63.0, 7.0, 49.0, 39.0, 5.0, 45.0, 10.0, 2.0, 3.0, 49.0, 58.0, 14.0, 18.0, 67.0, 19.0, 14.0, 1.0, 51.0, 40.0, 8.0, 62.0, 9.0, 9.0, 38.0, 8.0, 7.0, 5.0, 35.0, 4.0, 20.0, 8.0, 8.0, 66.0, 10.0, 57.0, 5.0, 47.0, 3.0, 7.0, 58.0, 70.0, 22.0, 11.0, 6.0, 28.0, 53.0, 31.0, 11.0, 7.0, 225.0, 11.0, 1.0, 64.0, 37.0, 10.0, 1.0, 9.0, 11.0, 9.0, 33.0, 131.0, 31.0, 3.0, 70.0, 58.0, 9.0, 14.0, 8.0, 10.0, 1.0, 10.0, 12.0, 9.0, 48.0, 4.0, 26.0, 11.0, 24.0, 137.0, 14.0, 18.0, 8.0, 35.0, 13.0, 31.0, 82.0, 18.0, 6.0, 7.0, 1.0, 4.0, 5.0, 18.0, 13.0, 8.0, 17.0, 22.0, 21.0, 13.0, 21.0, 43.0, 21.0, 19.0, 11.0, 16.0, 6.0, 48.0, 6.0, 59.0, 8.0, 20.0, 8.0, 15.0, 7.0, 40.0, 35.0, 42.0, 23.0, 14.0, 8.0, 34.0, 24.0, 24.0, 3.0, 7.0, 42.0, 77.0, 26.0, 25.0, 10.0, 21.0, 54.0, 8.0, 9.0, 44.0, 7.0, 20.0, 37.0, 27.0, 83.0, 3.0, 37.0, 8.0, 25.0, 11.0, 23.0, 12.0, 14.0, 10.0, 3.0, 26.0, 21.0, 17.0, 6.0, 31.0, 10.0, 11.0, 8.0, 53.0, 17.0, 43.0, 33.0, 22.0, 21.0, 22.0, 7.0, 14.0, 15.0, 13.0, 24.0, 28.0, 95.0, 3.0, 13.0, 10.0, 27.0, 7.0, 11.0, 13.0, 15.0, 10.0, 4.0, 36.0, 2.0, 1.0, 56.0, 66.0, 6.0, 23.0, 70.0, 15.0, 17.0, 7.0, 9.0, 24.0, 16.0, 3.0, 39.0, 4.0, 20.0, 59.0, 8.0, 39.0, 9.0, 5.0, 5.0, 1.0, 4.0, 18.0, 17.0, 8.0, 40.0, 6.0, 28.0, 10.0, 3.0, 7.0, 41.0, 12.0, 8.0, 52.0, 27.0, 10.0, 26.0, 32.0, 103.0, 2.0, 7.0, 47.0, 7.0, 3.0, 5.0, 17.0, 10.0, 3.0, 7.0, 36.0, 9.0, 29.0, 188.0, 17.0, 9.0, 35.0, 57.0, 79.0, 11.0, 5.0, 9.0, 107.0, 30.0, 103.0, 9.0, 25.0, 5.0, 7.0, 10.0, 8.0, 27.0, 37.0, 22.0, 104.0, 18.0, 23.0, 11.0, 7.0, 9.0, 6.0, 35.0, 54.0, 29.0, 11.0, 12.0, 42.0, 21.0, 43.0, 299.0, 56.0, 21.0, 64.0, 59.0, 61.0, 23.0, 92.0, 23.0, 58.0, 23.0, 11.0, 26.0, 39.0, 55.0, 74.0, 25.0, 8.0, 18.0, 4.0, 34.0, 2.0, 22.0, 206.0, 8.0, 19.0, 6.0, 16.0, 72.0, 86.0, 10.0, 326.0, 78.0, 29.0, 6.0, 84.0, 38.0, 29.0, 66.0, 14.0, 8.0, 9.0, 69.0, 14.0, 10.0, 17.0, 9.0, 17.0, 165.0, 1.0, 24.0, 10.0, 132.0, 63.0, 11.0, 16.0, 2.0, 16.0, 16.0, 33.0, 20.0, 11.0, 5.0, 1.0, 50.0, 1.0, 6.0, 49.0, 29.0, 6.0, 13.0, 42.0, 33.0, 4.0, 143.0, 4.0, 20.0, 2.0, 93.0, 9.0, 19.0, 12.0, 114.0, 28.0, 5.0, 10.0, 6.0, 7.0, 9.0, 11.0, 168.0, 8.0, 17.0, 87.0, 108.0, 23.0, 11.0, 49.0, 40.0, 22.0, 52.0, 6.0, 8.0, 39.0, 9.0, 8.0, 18.0, 4.0, 25.0, 17.0, 41.0, 19.0, 8.0, 10.0, 29.0, 97.0, 55.0, 7.0, 4.0, 193.0, 10.0, 28.0, 10.0, 67.0, 5.0, 13.0, 43.0, 9.0, 5.0, 11.0, 20.0, 43.0, 60.0, 1.0, 1.0, 9.0, 33.0, 4.0, 15.0, 6.0, 16.0, 2.0, 3.0, 28.0, 87.0, 73.0, 32.0, 4.0, 54.0, 9.0, 1.0, 10.0, 5.0, 36.0, 10.0, 13.0, 10.0, 1.0, 21.0, 6.0, 25.0, 11.0, 6.0, 11.0, 20.0, 13.0, 29.0, 48.0, 11.0, 24.0, 29.0, 11.0, 9.0, 23.0, 30.0, 36.0, 9.0, 22.0, 118.0, 3.0, 14.0, 70.0, 3.0, 8.0, 9.0, 141.0, 2.0, 7.0, 16.0, 84.0, 2.0, 9.0, 33.0, 3.0, 9.0, 9.0, 7.0, 7.0, 15.0, 53.0, 10.0, 4.0, 4.0, 11.0, 22.0, 7.0, 37.0, 1.0, 5.0, 16.0, 9.0, 10.0, 31.0, 9.0, 10.0, 94.0, 9.0, 192.0, 52.0, 39.0, 16.0, 8.0, 26.0, 15.0, 19.0, 18.0, 10.0, 19.0, 56.0, 43.0, 1.0, 3.0, 88.0, 14.0, 78.0, 1.0, 4.0, 7.0, 9.0, 12.0, 47.0, 13.0, 28.0, 9.0, 10.0, 34.0, 43.0, 31.0, 23.0, 7.0, 10.0, 11.0, 82.0, 74.0, 29.0, 22.0, 17.0, 6.0, 6.0, 11.0, 28.0, 31.0, 10.0, 3.0, 12.0, 13.0, 39.0, 35.0, 24.0, 8.0, 56.0, 11.0, 7.0, 53.0, 38.0, 29.0, 34.0, 79.0, 88.0, 22.0, 10.0, 28.0, 3.0, 1.0, 41.0, 55.0, 7.0, 3.0, 38.0, 24.0, 24.0, 10.0, 5.0, 10.0, 105.0, 13.0, 9.0, 4.0, 2.0, 18.0, 19.0, 59.0, 16.0, 17.0, 6.0, 187.0, 47.0, 61.0, 53.0, 46.0, 9.0, 37.0, 38.0, 40.0, 16.0, 29.0, 12.0, 1.0, 39.0, 79.0, 7.0, 63.0, 9.0, 17.0, 20.0, 40.0, 59.0, 205.0, 19.0, 3.0, 9.0, 12.0, 10.0, 83.0, 9.0, 3.0, 11.0, 25.0, 35.0, 10.0, 9.0, 77.0, 1.0, 3.0, 5.0, 14.0, 7.0, 48.0, 22.0, 14.0, 73.0, 5.0, 12.0, 14.0, 1.0, 45.0, 68.0, 8.0, 22.0, 53.0, 7.0, 81.0, 87.0, 19.0, 8.0, 21.0, 2.0, 39.0, 22.0, 9.0, 33.0, 12.0, 44.0, 3.0, 19.0, 22.0, 20.0, 26.0, 36.0, 1.0, 27.0, 137.0, 10.0, 15.0, 18.0, 6.0, 5.0, 20.0, 11.0, 44.0, 38.0, 53.0, 30.0, 22.0, 4.0, 11.0, 63.0, 22.0, 5.0, 5.0, 4.0, 2.0, 3.0, 122.0, 13.0, 21.0, 79.0, 2.0, 10.0, 22.0, 6.0, 1.0, 5.0, 119.0, 9.0, 3.0, 31.0, 24.0, 104.0, 8.0, 94.0, 42.0, 21.0, 4.0, 50.0, 18.0, 21.0, 1.0, 10.0, 6.0, 10.0, 44.0, 9.0, 62.0, 15.0, 13.0, 3.0, 55.0, 5.0, 96.0, 5.0, 5.0, 11.0, 23.0, 54.0, 10.0, 8.0, 35.0, 85.0, 10.0, 39.0, 8.0, 30.0, 5.0, 14.0, 5.0, 11.0, 82.0, 88.0, 11.0, 40.0, 47.0, 7.0, 3.0, 41.0, 7.0, 26.0, 10.0, 4.0, 41.0, 29.0, 11.0, 1.0, 86.0, 8.0, 32.0, 91.0, 2.0, 4.0, 4.0, 9.0, 21.0, 7.0, 35.0, 7.0, 12.0, 11.0, 8.0, 33.0, 18.0, 25.0, 1.0, 4.0, 35.0, 31.0, 38.0, 29.0, 12.0, 31.0, 61.0, 10.0, 8.0, 20.0, 5.0, 16.0, 11.0, 7.0, 8.0, 30.0, 41.0, 37.0, 50.0, 45.0, 10.0, 24.0, 188.0, 6.0, 5.0, 23.0, 10.0, 5.0, 14.0, 7.0, 31.0, 41.0, 23.0, 19.0, 19.0, 10.0, 8.0, 54.0, 72.0, 29.0, 14.0, 66.0, 19.0, 20.0, 41.0, 6.0, 49.0, 97.0, 3.0, 68.0, 54.0, 3.0, 18.0, 8.0, 2.0, 1.0, 9.0, 76.0, 72.0, 22.0, 12.0, 41.0, 12.0, 22.0, 48.0, 11.0, 19.0, 9.0, 11.0, 22.0, 14.0, 11.0, 15.0, 16.0, 3.0, 48.0, 228.0, 16.0, 33.0, 15.0, 85.0, 6.0, 9.0, 11.0, 53.0, 22.0, 3.0, 38.0, 6.0, 2.0, 19.0, 34.0, 13.0, 40.0, 20.0, 16.0, 9.0, 49.0, 23.0, 13.0, 20.0, 34.0, 46.0, 59.0, 39.0, 66.0, 3.0, 31.0, 21.0, 18.0, 10.0, 8.0, 8.0, 2.0, 1.0, 5.0, 36.0, 46.0, 20.0, 1.0, 10.0, 7.0, 22.0, 35.0, 43.0, 10.0, 10.0, 73.0, 2.0, 39.0, 10.0, 10.0, 2.0, 13.0, 114.0, 19.0, 9.0, 12.0, 9.0, 1.0, 11.0, 59.0, 24.0, 8.0, 1.0, 17.0, 3.0, 74.0, 20.0, 20.0, 12.0, 35.0, 41.0, 19.0, 25.0, 71.0, 7.0, 9.0, 8.0, 12.0, 7.0, 10.0, 22.0, 6.0, 4.0, 67.0, 17.0, 86.0, 25.0, 35.0, 10.0, 24.0, 135.0, 34.0, 2.0, 10.0, 16.0, 3.0, 12.0, 4.0, 17.0, 43.0, 22.0, 10.0, 6.0, 6.0, 9.0, 1.0, 7.0, 31.0, 9.0, 6.0, 29.0, 9.0, 9.0, 17.0, 27.0, 12.0, 70.0, 7.0, 48.0, 3.0, 44.0, 5.0, 70.0, 36.0, 2.0, 85.0, 48.0, 12.0, 93.0, 27.0, 61.0, 36.0, 5.0, 34.0, 6.0, 12.0, 9.0, 31.0, 9.0, 1.0, 12.0, 28.0, 178.0, 10.0, 10.0, 3.0, 130.0, 9.0, 53.0, 27.0, 25.0, 17.0, 21.0, 50.0, 12.0, 31.0, 3.0, 19.0, 62.0, 8.0, 46.0, 9.0, 70.0, 9.0, 17.0, 38.0, 50.0, 9.0, 18.0, 5.0, 10.0, 19.0, 26.0, 19.0, 16.0, 23.0, 2.0, 7.0, 93.0, 9.0, 10.0, 12.0, 64.0, 19.0, 18.0, 14.0, 3.0, 6.0, 92.0, 13.0, 35.0, 10.0, 50.0, 5.0, 92.0, 4.0, 21.0, 41.0, 20.0, 40.0, 9.0, 76.0, 13.0, 38.0, 22.0, 19.0, 86.0, 11.0, 17.0, 41.0, 1.0, 2.0, 2.0, 2.0, 12.0, 9.0, 13.0, 58.0, 8.0, 40.0, 12.0, 30.0, 16.0, 13.0, 14.0, 88.0, 28.0, 10.0, 5.0, 29.0, 23.0, 12.0, 130.0, 30.0, 37.0, 44.0, 9.0, 13.0, 11.0, 23.0, 40.0, 68.0, 22.0, 32.0, 2.0, 3.0, 58.0, 11.0, 18.0, 92.0, 20.0, 32.0, 2.0, 31.0, 9.0, 6.0, 3.0, 71.0, 25.0, 109.0, 4.0, 53.0, 61.0, 2.0, 25.0, 3.0, 10.0, 5.0, 51.0, 65.0, 7.0, 25.0, 15.0, 22.0, 17.0, 29.0, 37.0, 7.0, 10.0, 48.0, 28.0, 31.0, 43.0, 48.0, 51.0, 8.0, 10.0, 182.0, 11.0, 108.0, 9.0, 3.0, 20.0, 2.0, 8.0, 11.0, 24.0, 34.0, 14.0, 16.0, 20.0, 12.0, 7.0, 26.0, 7.0, 12.0, 5.0, 16.0, 4.0, 23.0, 31.0, 8.0, 20.0, 1.0, 35.0, 6.0, 9.0, 74.0, 11.0, 24.0, 11.0, 43.0, 6.0, 52.0, 15.0, 13.0, 15.0, 9.0, 29.0, 26.0, 3.0, 3.0, 19.0, 5.0, 7.0, 35.0, 16.0, 27.0, 15.0, 37.0, 18.0, 92.0, 19.0, 112.0, 9.0, 15.0, 36.0, 4.0, 29.0, 5.0, 6.0, 48.0, 106.0, 19.0, 55.0, 6.0, 7.0, 22.0, 6.0, 24.0, 6.0, 8.0, 19.0, 30.0, 18.0, 2.0, 16.0, 33.0, 11.0, 102.0, 4.0, 74.0, 21.0, 9.0, 10.0, 36.0, 15.0, 22.0, 10.0, 8.0, 6.0, 111.0, 7.0, 15.0, 11.0, 10.0, 60.0, 84.0, 17.0, 9.0, 1.0, 6.0, 4.0, 11.0, 43.0, 8.0, 6.0, 7.0, 11.0, 19.0, 9.0, 14.0, 9.0, 2.0, 11.0, 105.0, 10.0, 50.0, 6.0, 64.0, 49.0, 7.0, 14.0, 28.0, 11.0, 55.0, 15.0, 6.0, 23.0, 14.0, 34.0, 17.0, 20.0, 45.0, 10.0, 7.0, 231.0, 3.0, 32.0, 13.0, 2.0, 24.0, 8.0, 9.0, 32.0, 5.0, 30.0, 99.0, 8.0, 89.0, 4.0, 7.0, 8.0, 14.0, 74.0, 6.0, 91.0, 6.0, 18.0, 21.0, 3.0, 92.0, 49.0, 24.0, 3.0, 11.0, 11.0, 75.0, 7.0, 12.0, 4.0, 73.0, 4.0, 52.0, 28.0, 31.0, 39.0, 42.0, 201.0, 58.0, 46.0, 50.0, 107.0, 31.0, 10.0, 13.0, 24.0, 44.0, 6.0, 10.0, 9.0, 19.0, 7.0, 5.0, 49.0, 75.0, 40.0, 8.0, 11.0, 12.0, 4.0, 40.0, 210.0, 91.0, 8.0, 12.0, 41.0, 9.0, 9.0, 26.0, 5.0, 11.0, 9.0, 11.0, 10.0, 71.0, 5.0, 35.0, 48.0, 1.0, 66.0, 116.0, 4.0, 14.0, 31.0, 14.0, 6.0, 44.0, 10.0, 2.0, 40.0, 8.0, 9.0, 2.0, 20.0, 3.0, 67.0, 5.0, 32.0, 196.0, 18.0, 9.0, 6.0, 30.0, 3.0, 10.0, 44.0, 13.0, 5.0, 5.0, 47.0, 5.0, 21.0, 12.0, 11.0, 31.0, 76.0, 7.0, 32.0, 9.0, 50.0, 39.0, 40.0, 34.0, 19.0, 17.0, 70.0, 62.0, 106.0, 37.0, 7.0, 2.0, 16.0, 10.0, 41.0, 48.0, 3.0, 2.0, 9.0, 21.0, 34.0, 16.0, 61.0, 9.0, 22.0, 2.0, 16.0, 37.0, 8.0, 51.0, 6.0, 58.0, 46.0, 3.0, 39.0, 6.0, 166.0, 9.0, 86.0, 11.0, 22.0, 32.0, 33.0, 22.0, 9.0, 34.0, 31.0, 43.0, 22.0, 11.0, 19.0, 32.0, 40.0, 8.0, 18.0, 31.0, 4.0, 21.0, 9.0, 3.0, 22.0, 73.0, 10.0, 20.0, 10.0, 99.0, 24.0, 18.0, 33.0, 11.0, 5.0, 24.0, 9.0, 38.0, 51.0, 57.0, 73.0, 32.0, 26.0, 15.0, 9.0, 4.0, 3.0, 89.0, 13.0, 78.0, 48.0, 10.0, 231.0, 83.0, 7.0, 11.0, 20.0, 43.0, 23.0, 9.0, 34.0, 45.0, 9.0, 1.0, 4.0, 9.0, 8.0, 59.0, 19.0, 10.0, 16.0, 10.0, 3.0, 13.0, 27.0, 17.0, 75.0, 4.0, 23.0, 7.0, 27.0, 220.0, 3.0, 147.0, 3.0, 12.0, 69.0, 29.0, 7.0, 13.0, 27.0, 19.0, 11.0, 79.0, 82.0, 27.0, 6.0, 44.0, 91.0, 35.0, 1.0, 120.0, 64.0, 8.0, 72.0, 3.0, 15.0, 7.0, 10.0, 3.0, 5.0, 13.0, 68.0, 81.0, 87.0, 30.0, 32.0, 10.0, 23.0, 10.0, 53.0, 28.0, 40.0, 23.0, 22.0, 73.0, 9.0, 5.0, 20.0, 8.0, 44.0, 17.0, 6.0, 52.0, 143.0, 43.0, 26.0, 6.0, 54.0, 45.0, 26.0, 42.0, 38.0, 10.0, 10.0, 16.0, 13.0, 33.0, 10.0, 5.0, 11.0, 9.0, 8.0, 10.0, 14.0, 21.0, 2.0, 54.0, 3.0, 16.0, 28.0, 20.0, 10.0, 41.0, 21.0, 11.0, 11.0, 19.0, 93.0, 13.0, 33.0, 2.0, 9.0, 12.0, 60.0, 9.0, 8.0, 29.0, 58.0, 14.0, 26.0, 45.0, 46.0, 15.0, 10.0, 2.0, 5.0, 11.0, 213.0, 38.0, 21.0, 254.0, 4.0, 18.0, 6.0, 22.0, 8.0, 26.0, 24.0, 39.0, 24.0, 49.0, 32.0, 50.0, 104.0, 16.0, 16.0, 22.0, 1.0, 4.0, 4.0, 4.0, 35.0, 4.0, 25.0, 231.0, 9.0, 7.0, 27.0, 48.0, 11.0, 1.0, 28.0, 10.0, 3.0, 12.0, 9.0, 9.0, 3.0, 7.0, 3.0, 6.0, 58.0, 1.0, 1.0, 31.0, 6.0, 21.0, 29.0, 35.0, 21.0, 12.0, 29.0, 8.0, 5.0, 20.0, 145.0, 112.0, 234.0, 54.0, 9.0, 24.0, 9.0, 36.0, 28.0, 30.0, 9.0, 4.0, 17.0, 18.0, 24.0, 4.0, 14.0, 1.0, 28.0, 3.0, 56.0, 71.0, 2.0, 7.0, 11.0, 4.0, 34.0, 10.0, 17.0, 8.0, 62.0, 4.0, 15.0, 11.0, 24.0, 14.0, 7.0, 38.0, 56.0, 9.0, 19.0, 43.0, 76.0, 89.0, 9.0, 46.0, 4.0, 36.0, 41.0, 18.0, 3.0, 8.0, 48.0, 10.0, 18.0, 5.0, 11.0, 19.0, 13.0, 6.0, 20.0, 7.0, 38.0, 52.0, 58.0, 10.0, 7.0, 11.0, 1.0, 4.0, 17.0, 7.0, 11.0, 22.0, 57.0, 1.0, 9.0, 77.0, 7.0, 14.0, 14.0, 35.0, 9.0, 10.0, 8.0, 16.0, 14.0, 12.0, 6.0, 10.0, 20.0, 45.0, 19.0, 124.0, 9.0, 9.0, 7.0, 32.0, 21.0, 7.0, 52.0, 3.0, 58.0, 17.0, 11.0, 12.0, 18.0, 6.0, 24.0, 1.0, 7.0, 11.0, 9.0, 20.0, 10.0, 1.0, 61.0, 21.0, 10.0, 6.0, 32.0, 9.0, 26.0, 2.0, 99.0, 10.0, 155.0, 1.0, 25.0, 35.0, 9.0, 34.0, 9.0, 1.0, 6.0, 31.0, 36.0, 61.0, 2.0, 19.0, 28.0, 17.0, 58.0, 11.0, 9.0, 5.0, 34.0, 9.0, 19.0, 12.0, 11.0, 5.0, 143.0, 33.0, 48.0, 70.0, 13.0, 10.0, 9.0, 1.0, 39.0, 202.0, 33.0, 11.0, 3.0, 26.0, 109.0, 27.0, 23.0, 31.0, 1.0, 14.0, 7.0, 92.0, 8.0, 35.0, 16.0, 22.0, 8.0, 26.0, 10.0, 10.0, 6.0, 44.0, 27.0, 34.0, 12.0, 13.0, 36.0, 8.0, 9.0, 13.0, 12.0, 261.0, 45.0, 8.0, 18.0, 19.0, 45.0, 29.0, 35.0, 51.0, 107.0, 17.0, 20.0, 84.0, 15.0, 22.0, 2.0, 70.0, 10.0, 86.0, 9.0, 9.0, 1.0, 9.0, 13.0, 20.0, 89.0, 195.0, 41.0, 3.0, 23.0, 16.0, 8.0, 45.0, 29.0, 24.0, 9.0, 10.0, 8.0, 58.0, 2.0, 6.0, 4.0, 70.0, 8.0, 36.0, 4.0, 10.0, 3.0, 7.0, 60.0, 5.0, 10.0, 20.0, 4.0, 31.0, 2.0, 2.0, 8.0, 3.0, 52.0, 9.0, 28.0, 56.0, 98.0, 19.0, 3.0, 1.0, 44.0, 11.0, 20.0, 37.0, 6.0, 69.0, 20.0, 15.0, 149.0, 29.0, 11.0, 10.0, 75.0, 30.0, 15.0, 8.0, 22.0, 15.0, 20.0, 13.0, 1.0, 7.0, 143.0, 37.0, 11.0, 133.0, 48.0, 24.0, 3.0, 15.0, 108.0, 8.0, 46.0, 8.0, 16.0, 35.0, 29.0, 42.0, 33.0, 8.0, 16.0, 8.0, 8.0, 12.0, 19.0, 2.0, 58.0, 17.0, 18.0, 21.0, 36.0, 12.0, 51.0, 72.0, 23.0, 23.0, 41.0, 5.0, 41.0, 10.0, 4.0, 8.0, 12.0, 7.0, 7.0, 12.0, 11.0, 10.0, 10.0, 20.0, 24.0, 16.0, 3.0, 14.0, 12.0, 5.0, 7.0, 15.0, 8.0, 118.0, 69.0, 38.0, 3.0, 2.0, 5.0, 18.0, 9.0, 30.0, 12.0, 5.0, 12.0, 11.0, 33.0, 17.0, 40.0, 10.0, 4.0, 21.0, 11.0, 21.0, 34.0, 9.0, 42.0, 122.0, 9.0, 13.0, 4.0, 15.0, 40.0, 27.0, 8.0, 57.0, 56.0, 20.0, 9.0, 90.0, 12.0, 47.0, 58.0, 10.0, 11.0, 4.0, 21.0, 11.0, 72.0, 80.0, 19.0, 8.0, 5.0, 2.0, 9.0, 62.0, 9.0, 19.0, 150.0, 35.0, 10.0, 9.0, 14.0, 6.0, 11.0, 25.0, 11.0, 16.0, 93.0, 20.0, 5.0, 2.0, 38.0, 2.0, 8.0, 3.0, 58.0, 8.0, 8.0, 131.0, 18.0, 250.0, 13.0, 9.0, 12.0, 16.0, 10.0, 14.0, 22.0, 106.0, 102.0, 9.0, 41.0, 38.0, 11.0, 6.0, 31.0, 31.0, 14.0, 5.0, 6.0, 42.0, 16.0, 49.0, 13.0, 38.0, 10.0, 61.0, 42.0, 20.0, 5.0, 5.0, 9.0, 38.0, 45.0, 13.0, 8.0, 98.0, 17.0, 56.0, 7.0, 14.0, 6.0, 15.0, 23.0, 7.0, 9.0, 3.0, 71.0, 7.0, 55.0, 48.0, 5.0, 4.0, 2.0, 75.0, 196.0, 47.0, 80.0, 18.0, 4.0, 64.0, 28.0, 15.0, 18.0, 5.0, 76.0, 23.0, 2.0, 54.0, 60.0, 7.0, 80.0, 62.0, 23.0, 5.0, 23.0, 19.0, 38.0, 11.0, 15.0, 16.0, 31.0, 44.0, 18.0, 158.0, 9.0, 8.0, 14.0, 18.0, 355.0, 1.0, 30.0, 47.0, 6.0, 29.0, 20.0, 21.0, 6.0, 2.0, 3.0, 117.0, 7.0, 155.0, 3.0, 2.0, 30.0, 4.0, 13.0, 5.0, 56.0, 12.0, 37.0, 11.0, 3.0, 6.0, 11.0, 69.0, 24.0, 9.0, 71.0, 4.0, 47.0, 24.0, 22.0, 17.0, 47.0, 11.0, 71.0, 11.0, 22.0, 30.0, 7.0, 207.0, 42.0, 12.0, 9.0, 159.0, 72.0, 1.0, 52.0, 8.0, 75.0, 23.0, 1.0, 21.0, 7.0, 12.0, 19.0, 9.0, 2.0, 36.0, 10.0, 1.0, 36.0, 24.0, 22.0, 12.0, 35.0, 24.0, 66.0, 137.0, 29.0, 57.0, 24.0, 2.0, 11.0, 11.0, 9.0, 1.0, 3.0, 54.0, 32.0, 42.0, 41.0, 135.0, 1.0, 52.0, 6.0, 45.0, 20.0, 17.0, 48.0, 9.0, 47.0, 28.0, 86.0, 32.0, 5.0, 6.0, 11.0, 54.0, 35.0, 11.0, 8.0, 1.0, 11.0, 19.0, 40.0, 35.0, 60.0, 88.0, 3.0, 10.0, 18.0, 13.0, 34.0, 73.0, 36.0, 8.0, 30.0, 30.0, 282.0, 4.0, 31.0, 19.0, 38.0, 9.0, 23.0, 72.0, 4.0, 23.0, 19.0, 18.0, 4.0, 3.0, 10.0, 30.0, 7.0, 53.0, 28.0, 50.0, 20.0, 11.0, 6.0, 7.0, 10.0, 58.0, 11.0] 

MGT times
 [6.0, 9.0, 22.0, 4.0, 7.0, 7.0, 4.0, 1.0, 20.0, 33.0, 42.0, 6.0, 37.0, 10.0, 9.0, 20.0, 8.0, 22.0, 28.0, 35.0, 13.0, 1.0, 19.0, 2.0, 10.0, 3.0, 16.0, 1.0, 2.0, 47.0, 10.0, 32.0, 8.0, 41.0, 13.0, 7.0, 28.0, 2.0, 38.0, 36.0, 12.0, 8.0, 9.0, 13.0, 9.0, 12.0, 11.0, 13.0, 1.0, 14.0, 9.0, 32.0, 1.0, 10.0, 17.0, 4.0, 14.0, 7.0, 1.0, 10.0, 22.0, 19.0, 13.0, 10.0, 12.0, 10.0, 35.0, 4.0, 3.0, 3.0, 15.0, 10.0, 12.0, 8.0, 6.0, 7.0, 16.0, 10.0, 13.0, 24.0, 40.0, 1.0, 41.0, 15.0, 17.0, 2.0, 15.0, 9.0, 17.0, 8.0, 5.0, 11.0, 21.0, 25.0, 22.0, 49.0, 52.0, 4.0, 21.0, 5.0, 21.0, 3.0, 19.0, 9.0, 17.0, 9.0, 9.0, 18.0, 21.0, 1.0, 15.0, 11.0, 15.0, 8.0, 12.0, 7.0, 15.0, 3.0, 8.0, 1.0, 52.0, 11.0, 6.0, 20.0, 7.0, 11.0, 11.0, 18.0, 41.0, 8.0, 21.0, 21.0, 14.0, 10.0, 10.0, 9.0, 19.0, 9.0, 17.0, 11.0, 8.0, 15.0, 24.0, 19.0, 17.0, 20.0, 11.0, 1.0, 12.0, 19.0, 39.0, 7.0, 54.0, 8.0, 25.0, 26.0, 19.0, 8.0, 9.0, 11.0, 1.0, 13.0, 20.0, 2.0, 9.0, 23.0, 27.0, 9.0, 17.0, 6.0, 18.0, 45.0, 11.0, 22.0, 20.0, 11.0, 23.0, 16.0, 2.0, 2.0, 22.0, 13.0, 8.0, 7.0, 9.0, 13.0, 17.0, 66.0, 82.0, 4.0, 22.0, 14.0, 9.0, 53.0, 8.0, 13.0, 18.0, 10.0, 10.0, 7.0, 1.0, 32.0, 1.0, 11.0, 26.0, 40.0, 4.0, 4.0, 25.0, 9.0, 14.0, 12.0, 19.0, 9.0, 11.0, 3.0, 8.0, 22.0, 12.0, 3.0, 7.0, 41.0, 22.0, 2.0, 20.0, 10.0, 10.0, 9.0, 11.0, 1.0, 3.0, 5.0, 10.0, 1.0, 10.0, 2.0, 12.0, 2.0, 5.0, 18.0, 12.0, 53.0, 18.0, 7.0, 24.0, 11.0, 2.0, 9.0, 3.0, 10.0, 1.0, 40.0, 16.0, 9.0, 3.0, 10.0, 12.0, 25.0, 5.0, 3.0, 10.0, 2.0, 6.0, 28.0, 25.0, 40.0, 20.0, 34.0, 10.0, 8.0, 23.0, 26.0, 1.0, 4.0, 11.0, 19.0, 20.0, 12.0, 1.0, 10.0, 12.0, 17.0, 14.0, 63.0, 41.0, 19.0, 12.0, 11.0, 3.0, 4.0, 3.0, 26.0, 9.0, 33.0, 10.0, 10.0, 2.0, 2.0, 11.0, 20.0, 25.0, 10.0, 27.0, 21.0, 13.0, 10.0, 13.0, 3.0, 3.0, 36.0, 7.0, 12.0, 3.0, 16.0, 24.0, 25.0, 10.0, 8.0, 22.0, 10.0, 4.0, 11.0, 10.0, 22.0, 37.0, 20.0, 42.0, 30.0, 29.0, 20.0, 18.0, 23.0, 10.0, 10.0, 40.0, 26.0, 11.0, 4.0, 27.0, 22.0, 11.0, 11.0, 9.0, 10.0, 12.0, 30.0, 9.0, 50.0, 4.0, 5.0, 12.0, 16.0, 9.0, 19.0, 20.0, 6.0, 10.0, 12.0, 9.0, 4.0, 14.0, 20.0, 18.0, 20.0, 9.0, 37.0, 21.0, 23.0, 4.0, 20.0, 21.0, 11.0, 9.0, 31.0, 49.0, 31.0, 5.0, 12.0, 42.0, 30.0, 24.0, 12.0, 11.0, 1.0, 10.0, 26.0, 33.0, 19.0, 39.0, 22.0, 6.0, 9.0, 12.0, 43.0, 8.0, 33.0, 8.0, 13.0, 32.0, 7.0, 9.0, 9.0, 7.0, 18.0, 6.0, 23.0, 18.0, 9.0, 36.0, 18.0, 61.0, 8.0, 2.0, 21.0, 9.0, 19.0, 2.0, 2.0, 16.0, 16.0, 9.0, 22.0, 8.0, 4.0, 8.0, 9.0, 10.0, 23.0, 32.0, 28.0, 6.0, 10.0, 5.0, 31.0, 4.0, 14.0, 10.0, 45.0, 42.0, 39.0, 11.0, 2.0, 14.0, 10.0, 18.0, 37.0, 10.0, 15.0, 20.0, 21.0, 5.0, 46.0, 4.0, 9.0, 1.0, 40.0, 13.0, 10.0, 8.0, 3.0, 10.0, 87.0, 2.0, 9.0, 39.0, 14.0, 8.0, 49.0, 66.0, 2.0, 11.0, 9.0, 28.0, 9.0, 12.0, 17.0, 10.0, 10.0, 16.0, 19.0, 18.0, 12.0, 28.0, 19.0, 2.0, 8.0, 11.0, 6.0, 2.0, 45.0, 9.0, 11.0, 36.0, 1.0, 22.0, 36.0, 25.0, 21.0, 13.0, 6.0, 8.0, 15.0, 4.0, 10.0, 7.0, 34.0, 24.0, 22.0, 33.0, 37.0, 45.0, 9.0, 3.0, 19.0, 10.0, 30.0, 10.0, 10.0, 12.0, 56.0, 8.0, 17.0, 12.0, 3.0, 1.0, 11.0, 18.0, 20.0, 28.0, 6.0, 39.0, 9.0, 55.0, 11.0, 19.0, 5.0, 22.0, 2.0, 20.0, 9.0, 21.0, 20.0, 10.0, 2.0, 20.0, 10.0, 34.0, 11.0, 8.0, 8.0, 21.0, 54.0, 28.0, 11.0, 18.0, 3.0, 18.0, 26.0, 30.0, 7.0, 13.0, 20.0, 29.0, 6.0, 10.0, 20.0, 3.0, 10.0, 1.0, 10.0, 1.0, 9.0, 63.0, 22.0, 11.0, 35.0, 20.0, 28.0, 20.0, 10.0, 7.0, 17.0, 25.0, 37.0, 9.0, 4.0, 7.0, 35.0, 15.0, 33.0, 10.0, 12.0, 8.0, 9.0, 7.0, 3.0, 38.0, 2.0, 16.0, 7.0, 3.0, 8.0, 21.0, 8.0, 3.0, 27.0, 7.0, 23.0, 31.0, 20.0, 21.0, 1.0, 8.0, 7.0, 7.0, 33.0, 26.0, 39.0, 42.0, 19.0, 8.0, 3.0, 9.0, 16.0, 19.0, 32.0, 29.0, 9.0, 4.0, 12.0, 10.0, 14.0, 41.0, 21.0, 24.0, 3.0, 10.0, 39.0, 3.0, 4.0, 3.0, 10.0, 10.0, 10.0, 18.0, 10.0, 10.0, 11.0, 17.0, 9.0, 24.0, 6.0, 21.0, 8.0, 18.0, 8.0, 10.0, 2.0, 18.0, 9.0, 15.0, 34.0, 9.0, 13.0, 22.0, 17.0, 7.0, 9.0, 18.0, 7.0, 19.0, 34.0, 4.0, 25.0, 8.0, 11.0, 1.0, 9.0, 9.0, 14.0, 11.0, 25.0, 10.0, 10.0, 10.0, 13.0, 2.0, 22.0, 33.0, 6.0, 9.0, 10.0, 8.0, 32.0, 29.0, 6.0, 35.0, 8.0, 36.0, 42.0, 2.0, 1.0, 19.0, 25.0, 10.0, 5.0, 10.0, 4.0, 16.0, 6.0, 22.0, 33.0, 11.0, 7.0, 4.0, 8.0, 67.0, 7.0, 12.0, 20.0, 26.0, 2.0, 7.0, 19.0, 10.0, 2.0, 15.0, 28.0, 22.0, 5.0, 7.0, 14.0, 12.0, 3.0, 67.0, 29.0, 13.0, 3.0, 9.0, 14.0, 3.0, 14.0, 27.0, 9.0, 14.0, 8.0, 1.0, 15.0, 4.0, 10.0, 8.0, 10.0, 31.0, 26.0, 61.0, 11.0, 29.0, 4.0, 7.0, 13.0, 9.0, 2.0, 27.0, 12.0, 3.0, 22.0, 1.0, 8.0, 19.0, 36.0, 29.0, 21.0, 4.0, 19.0, 9.0, 4.0, 11.0, 19.0, 9.0, 22.0, 7.0, 22.0, 30.0, 9.0, 3.0, 5.0, 20.0, 10.0, 2.0, 3.0, 49.0, 14.0, 18.0, 39.0, 19.0, 14.0, 1.0, 24.0, 40.0, 8.0, 19.0, 9.0, 17.0, 8.0, 7.0, 30.0, 4.0, 20.0, 8.0, 21.0, 10.0, 18.0, 29.0, 5.0, 1.0, 14.0, 22.0, 11.0, 6.0, 12.0, 8.0, 11.0, 7.0, 30.0, 11.0, 1.0, 42.0, 37.0, 9.0, 11.0, 9.0, 33.0, 31.0, 24.0, 3.0, 69.0, 19.0, 9.0, 14.0, 8.0, 10.0, 1.0, 10.0, 12.0, 9.0, 24.0, 4.0, 15.0, 11.0, 24.0, 46.0, 18.0, 8.0, 13.0, 31.0, 20.0, 18.0, 6.0, 3.0, 4.0, 5.0, 17.0, 21.0, 13.0, 31.0, 21.0, 19.0, 11.0, 16.0, 6.0, 22.0, 8.0, 20.0, 8.0, 7.0, 40.0, 32.0, 23.0, 14.0, 8.0, 2.0, 24.0, 12.0, 3.0, 7.0, 16.0, 44.0, 11.0, 25.0, 10.0, 10.0, 3.0, 8.0, 9.0, 44.0, 7.0, 20.0, 29.0, 27.0, 13.0, 3.0, 37.0, 8.0, 11.0, 23.0, 12.0, 14.0, 10.0, 3.0, 25.0, 11.0, 17.0, 6.0, 22.0, 10.0, 11.0, 8.0, 50.0, 20.0, 17.0, 22.0, 21.0, 22.0, 7.0, 13.0, 18.0, 28.0, 31.0, 3.0, 13.0, 10.0, 27.0, 7.0, 15.0, 10.0, 4.0, 11.0, 2.0, 1.0, 64.0, 21.0, 15.0, 5.0, 9.0, 24.0, 6.0, 3.0, 4.0, 20.0, 10.0, 8.0, 30.0, 9.0, 5.0, 1.0, 4.0, 18.0, 17.0, 8.0, 28.0, 6.0, 13.0, 10.0, 3.0, 7.0, 6.0, 12.0, 8.0, 10.0, 10.0, 26.0, 30.0, 2.0, 7.0, 23.0, 7.0, 3.0, 5.0, 10.0, 3.0, 36.0, 9.0, 29.0, 7.0, 9.0, 20.0, 48.0, 11.0, 5.0, 9.0, 38.0, 21.0, 9.0, 5.0, 4.0, 9.0, 8.0, 14.0, 37.0, 9.0, 12.0, 18.0, 8.0, 11.0, 7.0, 9.0, 6.0, 26.0, 9.0, 11.0, 12.0, 22.0, 8.0, 28.0, 10.0, 21.0, 47.0, 10.0, 9.0, 19.0, 14.0, 23.0, 58.0, 23.0, 11.0, 17.0, 25.0, 55.0, 8.0, 4.0, 2.0, 23.0, 8.0, 19.0, 16.0, 31.0, 20.0, 10.0, 27.0, 31.0, 4.0, 6.0, 18.0, 37.0, 5.0, 9.0, 14.0, 10.0, 17.0, 9.0, 17.0, 35.0, 22.0, 10.0, 23.0, 11.0, 16.0, 2.0, 16.0, 19.0, 11.0, 5.0, 1.0, 6.0, 49.0, 20.0, 6.0, 13.0, 29.0, 4.0, 39.0, 1.0, 20.0, 2.0, 20.0, 9.0, 19.0, 12.0, 58.0, 28.0, 10.0, 6.0, 7.0, 9.0, 11.0, 11.0, 8.0, 2.0, 23.0, 11.0, 35.0, 34.0, 10.0, 30.0, 6.0, 8.0, 22.0, 8.0, 17.0, 4.0, 24.0, 4.0, 8.0, 19.0, 8.0, 10.0, 29.0, 32.0, 12.0, 4.0, 60.0, 10.0, 11.0, 33.0, 5.0, 13.0, 5.0, 11.0, 20.0, 43.0, 1.0, 9.0, 17.0, 4.0, 15.0, 6.0, 2.0, 3.0, 13.0, 30.0, 31.0, 3.0, 6.0, 1.0, 5.0, 30.0, 10.0, 10.0, 1.0, 11.0, 6.0, 11.0, 6.0, 20.0, 13.0, 29.0, 36.0, 1.0, 24.0, 29.0, 9.0, 14.0, 20.0, 36.0, 9.0, 22.0, 30.0, 3.0, 14.0, 69.0, 3.0, 8.0, 9.0, 33.0, 2.0, 7.0, 9.0, 2.0, 9.0, 10.0, 3.0, 9.0, 9.0, 7.0, 10.0, 8.0, 10.0, 4.0, 4.0, 11.0, 12.0, 7.0, 1.0, 5.0, 9.0, 10.0, 31.0, 9.0, 10.0, 9.0, 41.0, 19.0, 17.0, 16.0, 8.0, 18.0, 19.0, 18.0, 10.0, 19.0, 41.0, 31.0, 3.0, 44.0, 14.0, 9.0, 1.0, 4.0, 7.0, 9.0, 12.0, 47.0, 13.0, 28.0, 9.0, 10.0, 9.0, 43.0, 31.0, 23.0, 7.0, 10.0, 11.0, 38.0, 2.0, 12.0, 6.0, 6.0, 11.0, 3.0, 19.0, 10.0, 3.0, 12.0, 36.0, 35.0, 24.0, 14.0, 11.0, 7.0, 25.0, 15.0, 18.0, 36.0, 21.0, 10.0, 18.0, 3.0, 1.0, 7.0, 3.0, 24.0, 8.0, 10.0, 5.0, 10.0, 40.0, 13.0, 9.0, 4.0, 2.0, 18.0, 19.0, 37.0, 16.0, 17.0, 6.0, 22.0, 47.0, 40.0, 12.0, 35.0, 9.0, 37.0, 19.0, 16.0, 10.0, 12.0, 17.0, 18.0, 7.0, 62.0, 9.0, 17.0, 1.0, 23.0, 11.0, 19.0, 2.0, 9.0, 10.0, 10.0, 35.0, 9.0, 3.0, 11.0, 24.0, 35.0, 10.0, 9.0, 61.0, 1.0, 3.0, 5.0, 14.0, 7.0, 22.0, 22.0, 5.0, 12.0, 14.0, 1.0, 24.0, 55.0, 8.0, 22.0, 11.0, 7.0, 81.0, 19.0, 8.0, 10.0, 2.0, 22.0, 9.0, 15.0, 12.0, 35.0, 3.0, 19.0, 15.0, 20.0, 26.0, 14.0, 1.0, 27.0, 57.0, 10.0, 10.0, 6.0, 5.0, 22.0, 18.0, 22.0, 30.0, 4.0, 3.0, 11.0, 10.0, 4.0, 5.0, 4.0, 2.0, 3.0, 29.0, 4.0, 21.0, 2.0, 2.0, 10.0, 6.0, 5.0, 53.0, 9.0, 3.0, 21.0, 8.0, 40.0, 21.0, 4.0, 9.0, 21.0, 1.0, 10.0, 6.0, 10.0, 15.0, 9.0, 27.0, 15.0, 13.0, 2.0, 5.0, 45.0, 5.0, 5.0, 4.0, 23.0, 39.0, 10.0, 71.0, 10.0, 30.0, 8.0, 30.0, 5.0, 14.0, 5.0, 11.0, 31.0, 27.0, 11.0, 40.0, 7.0, 3.0, 24.0, 7.0, 10.0, 4.0, 30.0, 5.0, 1.0, 37.0, 8.0, 2.0, 46.0, 2.0, 4.0, 4.0, 9.0, 10.0, 7.0, 30.0, 7.0, 4.0, 8.0, 18.0, 1.0, 25.0, 1.0, 17.0, 22.0, 6.0, 20.0, 12.0, 31.0, 29.0, 10.0, 20.0, 5.0, 16.0, 11.0, 7.0, 22.0, 30.0, 20.0, 22.0, 10.0, 24.0, 25.0, 6.0, 5.0, 6.0, 10.0, 5.0, 6.0, 13.0, 9.0, 19.0, 18.0, 10.0, 8.0, 53.0, 25.0, 29.0, 14.0, 34.0, 19.0, 20.0, 30.0, 12.0, 3.0, 31.0, 5.0, 3.0, 18.0, 8.0, 2.0, 1.0, 9.0, 36.0, 14.0, 22.0, 12.0, 8.0, 9.0, 11.0, 22.0, 14.0, 15.0, 16.0, 3.0, 8.0, 10.0, 26.0, 3.0, 9.0, 4.0, 13.0, 3.0, 29.0, 6.0, 2.0, 10.0, 40.0, 20.0, 16.0, 39.0, 23.0, 20.0, 6.0, 46.0, 48.0, 17.0, 40.0, 21.0, 18.0, 10.0, 8.0, 2.0, 1.0, 4.0, 30.0, 20.0, 1.0, 7.0, 22.0, 26.0, 9.0, 10.0, 10.0, 32.0, 2.0, 39.0, 10.0, 10.0, 2.0, 102.0, 19.0, 9.0, 12.0, 9.0, 1.0, 11.0, 14.0, 11.0, 8.0, 1.0, 8.0, 4.0, 20.0, 12.0, 19.0, 31.0, 19.0, 25.0, 49.0, 7.0, 9.0, 8.0, 12.0, 7.0, 10.0, 6.0, 4.0, 67.0, 11.0, 10.0, 11.0, 10.0, 24.0, 52.0, 11.0, 2.0, 9.0, 3.0, 4.0, 17.0, 43.0, 10.0, 6.0, 9.0, 1.0, 31.0, 9.0, 6.0, 19.0, 9.0, 17.0, 10.0, 12.0, 13.0, 7.0, 16.0, 3.0, 33.0, 5.0, 30.0, 2.0, 49.0, 11.0, 32.0, 49.0, 27.0, 5.0, 33.0, 6.0, 11.0, 9.0, 21.0, 9.0, 12.0, 28.0, 13.0, 10.0, 10.0, 3.0, 31.0, 9.0, 30.0, 27.0, 25.0, 17.0, 3.0, 12.0, 31.0, 3.0, 19.0, 48.0, 8.0, 30.0, 9.0, 8.0, 9.0, 17.0, 38.0, 24.0, 9.0, 18.0, 10.0, 26.0, 16.0, 23.0, 2.0, 7.0, 7.0, 9.0, 8.0, 18.0, 14.0, 3.0, 35.0, 10.0, 3.0, 5.0, 16.0, 4.0, 21.0, 30.0, 20.0, 22.0, 9.0, 12.0, 18.0, 22.0, 19.0, 9.0, 11.0, 17.0, 41.0, 1.0, 2.0, 2.0, 2.0, 12.0, 9.0, 13.0, 47.0, 8.0, 30.0, 12.0, 30.0, 16.0, 13.0, 88.0, 28.0, 10.0, 5.0, 19.0, 12.0, 80.0, 20.0, 17.0, 36.0, 9.0, 4.0, 11.0, 23.0, 21.0, 37.0, 11.0, 31.0, 2.0, 3.0, 38.0, 11.0, 21.0, 10.0, 21.0, 2.0, 11.0, 6.0, 3.0, 11.0, 13.0, 4.0, 36.0, 60.0, 2.0, 3.0, 10.0, 5.0, 51.0, 31.0, 7.0, 7.0, 4.0, 17.0, 29.0, 37.0, 10.0, 27.0, 6.0, 12.0, 9.0, 41.0, 8.0, 10.0, 30.0, 11.0, 59.0, 3.0, 20.0, 2.0, 8.0, 11.0, 19.0, 34.0, 14.0, 20.0, 2.0, 7.0, 1.0, 5.0, 4.0, 23.0, 31.0, 8.0, 1.0, 8.0, 6.0, 4.0, 51.0, 11.0, 9.0, 11.0, 24.0, 6.0, 15.0, 9.0, 29.0, 26.0, 3.0, 3.0, 19.0, 5.0, 7.0, 35.0, 7.0, 11.0, 15.0, 37.0, 18.0, 29.0, 19.0, 64.0, 9.0, 15.0, 24.0, 4.0, 27.0, 5.0, 8.0, 19.0, 2.0, 6.0, 7.0, 2.0, 6.0, 23.0, 8.0, 30.0, 18.0, 2.0, 15.0, 10.0, 11.0, 68.0, 4.0, 21.0, 21.0, 9.0, 10.0, 22.0, 10.0, 8.0, 6.0, 39.0, 4.0, 15.0, 11.0, 10.0, 15.0, 17.0, 9.0, 1.0, 6.0, 4.0, 11.0, 1.0, 6.0, 7.0, 4.0, 2.0, 9.0, 14.0, 9.0, 2.0, 11.0, 10.0, 38.0, 6.0, 27.0, 7.0, 14.0, 27.0, 11.0, 13.0, 15.0, 6.0, 4.0, 20.0, 45.0, 10.0, 7.0, 20.0, 3.0, 32.0, 13.0, 2.0, 24.0, 8.0, 9.0, 23.0, 8.0, 60.0, 4.0, 7.0, 14.0, 48.0, 6.0, 59.0, 6.0, 18.0, 3.0, 39.0, 24.0, 15.0, 3.0, 11.0, 11.0, 12.0, 12.0, 4.0, 50.0, 37.0, 19.0, 31.0, 13.0, 12.0, 46.0, 23.0, 20.0, 10.0, 13.0, 24.0, 44.0, 6.0, 10.0, 19.0, 7.0, 5.0, 24.0, 8.0, 11.0, 4.0, 15.0, 23.0, 8.0, 12.0, 9.0, 9.0, 26.0, 5.0, 11.0, 10.0, 4.0, 5.0, 1.0, 6.0, 19.0, 4.0, 14.0, 3.0, 4.0, 14.0, 10.0, 2.0, 29.0, 8.0, 9.0, 2.0, 20.0, 3.0, 21.0, 5.0, 32.0, 19.0, 9.0, 6.0, 10.0, 44.0, 13.0, 5.0, 5.0, 27.0, 5.0, 21.0, 12.0, 11.0, 31.0, 34.0, 7.0, 17.0, 33.0, 24.0, 19.0, 30.0, 22.0, 7.0, 10.0, 33.0, 12.0, 3.0, 2.0, 9.0, 16.0, 2.0, 9.0, 22.0, 2.0, 16.0, 28.0, 8.0, 31.0, 9.0, 36.0, 3.0, 6.0, 12.0, 9.0, 62.0, 11.0, 22.0, 32.0, 33.0, 22.0, 9.0, 13.0, 31.0, 43.0, 22.0, 11.0, 19.0, 32.0, 39.0, 8.0, 4.0, 4.0, 21.0, 9.0, 3.0, 22.0, 13.0, 10.0, 20.0, 10.0, 24.0, 11.0, 5.0, 24.0, 9.0, 38.0, 18.0, 46.0, 16.0, 18.0, 26.0, 15.0, 9.0, 3.0, 3.0, 60.0, 33.0, 10.0, 33.0, 3.0, 7.0, 11.0, 20.0, 33.0, 20.0, 9.0, 19.0, 13.0, 9.0, 1.0, 4.0, 9.0, 8.0, 37.0, 2.0, 10.0, 16.0, 10.0, 27.0, 22.0, 4.0, 13.0, 7.0, 19.0, 51.0, 3.0, 62.0, 3.0, 12.0, 59.0, 29.0, 7.0, 4.0, 9.0, 4.0, 19.0, 21.0, 27.0, 6.0, 4.0, 35.0, 79.0, 14.0, 8.0, 3.0, 15.0, 7.0, 10.0, 3.0, 5.0, 13.0, 10.0, 46.0, 25.0, 21.0, 29.0, 10.0, 23.0, 21.0, 28.0, 23.0, 22.0, 28.0, 9.0, 5.0, 8.0, 16.0, 17.0, 25.0, 20.0, 22.0, 25.0, 6.0, 33.0, 11.0, 42.0, 10.0, 10.0, 7.0, 13.0, 33.0, 10.0, 11.0, 9.0, 8.0, 10.0, 2.0, 16.0, 3.0, 12.0, 20.0, 10.0, 38.0, 21.0, 11.0, 11.0, 19.0, 38.0, 13.0, 33.0, 2.0, 9.0, 4.0, 48.0, 9.0, 8.0, 29.0, 25.0, 12.0, 15.0, 2.0, 5.0, 11.0, 18.0, 4.0, 18.0, 6.0, 9.0, 8.0, 24.0, 11.0, 24.0, 40.0, 5.0, 22.0, 16.0, 8.0, 4.0, 4.0, 4.0, 11.0, 4.0, 8.0, 3.0, 9.0, 19.0, 11.0, 1.0, 28.0, 10.0, 3.0, 9.0, 9.0, 3.0, 7.0, 3.0, 6.0, 18.0, 1.0, 10.0, 6.0, 21.0, 9.0, 9.0, 21.0, 12.0, 28.0, 5.0, 20.0, 9.0, 9.0, 42.0, 9.0, 24.0, 9.0, 32.0, 13.0, 4.0, 17.0, 18.0, 24.0, 4.0, 14.0, 28.0, 3.0, 56.0, 2.0, 7.0, 11.0, 4.0, 30.0, 17.0, 8.0, 62.0, 4.0, 15.0, 11.0, 9.0, 7.0, 28.0, 28.0, 9.0, 17.0, 9.0, 4.0, 36.0, 3.0, 8.0, 35.0, 10.0, 18.0, 5.0, 11.0, 19.0, 13.0, 6.0, 11.0, 7.0, 16.0, 9.0, 58.0, 10.0, 7.0, 11.0, 1.0, 17.0, 11.0, 11.0, 1.0, 9.0, 27.0, 7.0, 14.0, 24.0, 9.0, 10.0, 16.0, 8.0, 6.0, 19.0, 37.0, 8.0, 41.0, 9.0, 9.0, 7.0, 32.0, 21.0, 7.0, 39.0, 3.0, 21.0, 17.0, 11.0, 12.0, 18.0, 6.0, 1.0, 1.0, 11.0, 9.0, 20.0, 10.0, 1.0, 15.0, 21.0, 10.0, 6.0, 11.0, 9.0, 19.0, 2.0, 75.0, 10.0, 22.0, 5.0, 26.0, 34.0, 9.0, 1.0, 6.0, 31.0, 36.0, 2.0, 19.0, 28.0, 11.0, 9.0, 5.0, 23.0, 9.0, 19.0, 12.0, 11.0, 5.0, 21.0, 12.0, 19.0, 20.0, 10.0, 9.0, 1.0, 30.0, 27.0, 33.0, 11.0, 3.0, 26.0, 18.0, 8.0, 23.0, 30.0, 1.0, 14.0, 7.0, 33.0, 35.0, 16.0, 22.0, 8.0, 26.0, 10.0, 10.0, 6.0, 32.0, 8.0, 34.0, 12.0, 8.0, 9.0, 13.0, 12.0, 16.0, 22.0, 18.0, 6.0, 19.0, 12.0, 20.0, 32.0, 12.0, 3.0, 22.0, 2.0, 37.0, 10.0, 47.0, 9.0, 1.0, 9.0, 8.0, 20.0, 78.0, 28.0, 10.0, 23.0, 8.0, 13.0, 29.0, 24.0, 9.0, 10.0, 8.0, 2.0, 6.0, 4.0, 66.0, 8.0, 5.0, 4.0, 3.0, 7.0, 30.0, 5.0, 10.0, 4.0, 2.0, 2.0, 8.0, 3.0, 33.0, 9.0, 28.0, 42.0, 49.0, 19.0, 3.0, 15.0, 11.0, 18.0, 28.0, 6.0, 20.0, 20.0, 15.0, 20.0, 20.0, 11.0, 26.0, 15.0, 15.0, 8.0, 4.0, 20.0, 13.0, 1.0, 7.0, 18.0, 11.0, 56.0, 3.0, 4.0, 66.0, 8.0, 8.0, 16.0, 28.0, 19.0, 33.0, 8.0, 8.0, 8.0, 8.0, 10.0, 2.0, 17.0, 17.0, 20.0, 7.0, 13.0, 23.0, 19.0, 24.0, 5.0, 32.0, 10.0, 8.0, 12.0, 7.0, 11.0, 10.0, 10.0, 14.0, 3.0, 14.0, 12.0, 5.0, 7.0, 15.0, 32.0, 25.0, 21.0, 3.0, 2.0, 5.0, 18.0, 9.0, 30.0, 12.0, 5.0, 12.0, 11.0, 33.0, 17.0, 40.0, 10.0, 4.0, 21.0, 11.0, 21.0, 34.0, 9.0, 12.0, 24.0, 9.0, 13.0, 4.0, 15.0, 40.0, 27.0, 8.0, 47.0, 15.0, 20.0, 9.0, 12.0, 9.0, 47.0, 3.0, 4.0, 21.0, 11.0, 28.0, 19.0, 8.0, 5.0, 9.0, 46.0, 16.0, 35.0, 10.0, 9.0, 3.0, 6.0, 11.0, 18.0, 11.0, 16.0, 38.0, 9.0, 5.0, 2.0, 38.0, 2.0, 8.0, 3.0, 49.0, 8.0, 8.0, 7.0, 51.0, 16.0, 10.0, 14.0, 9.0, 34.0, 9.0, 22.0, 6.0, 14.0, 27.0, 2.0, 5.0, 6.0, 20.0, 24.0, 13.0, 9.0, 10.0, 4.0, 20.0, 4.0, 9.0, 12.0, 23.0, 4.0, 8.0, 12.0, 17.0, 14.0, 6.0, 15.0, 11.0, 9.0, 9.0, 7.0, 12.0, 25.0, 5.0, 4.0, 2.0, 8.0, 18.0, 47.0, 18.0, 4.0, 58.0, 10.0, 15.0, 18.0, 5.0, 12.0, 2.0, 51.0, 69.0, 62.0, 23.0, 5.0, 23.0, 8.0, 37.0, 11.0, 11.0, 16.0, 30.0, 37.0, 18.0, 54.0, 9.0, 8.0, 14.0, 18.0, 38.0, 1.0, 10.0, 6.0, 20.0, 1.0, 11.0, 6.0, 2.0, 3.0, 78.0, 7.0, 21.0, 3.0, 2.0, 30.0, 4.0, 4.0, 5.0, 12.0, 25.0, 11.0, 3.0, 6.0, 10.0, 24.0, 8.0, 24.0, 4.0, 4.0, 19.0, 17.0, 1.0, 10.0, 11.0, 3.0, 6.0, 7.0, 5.0, 12.0, 9.0, 53.0, 51.0, 1.0, 22.0, 8.0, 27.0, 8.0, 1.0, 21.0, 7.0, 12.0, 19.0, 9.0, 2.0, 21.0, 10.0, 1.0, 22.0, 12.0, 8.0, 13.0, 19.0, 8.0, 2.0, 11.0, 11.0, 9.0, 1.0, 3.0, 10.0, 33.0, 9.0, 33.0, 9.0, 6.0, 16.0, 20.0, 48.0, 9.0, 28.0, 30.0, 12.0, 11.0, 21.0, 11.0, 8.0, 1.0, 11.0, 19.0, 8.0, 4.0, 30.0, 17.0, 3.0, 10.0, 13.0, 14.0, 34.0, 20.0, 30.0, 18.0, 27.0, 4.0, 31.0, 19.0, 22.0, 9.0, 13.0, 20.0, 4.0, 23.0, 19.0, 18.0, 4.0, 3.0, 10.0, 30.0, 7.0, 27.0, 50.0, 20.0, 11.0, 7.0, 10.0] 

SGT times
 [12.0, 11.0, 7.0, 45.0, 83.0, 11.0, 1.0, 49.0, 5.0, 1.0, 61.0, 9.0, 17.0, 11.0, 1.0, 1.0, 38.0, 11.0, 18.0, 193.0, 1.0, 1.0, 4.0, 23.0, 11.0, 13.0, 1.0, 24.0, 15.0, 35.0, 9.0, 63.0, 130.0, 28.0, 15.0, 10.0, 10.0, 10.0, 16.0, 46.0, 3.0, 7.0, 73.0, 1.0, 23.0, 1.0, 5.0, 21.0, 30.0, 3.0, 1.0, 36.0, 1.0, 9.0, 37.0, 3.0, 3.0, 43.0, 15.0, 3.0, 1.0, 22.0, 7.0, 7.0, 7.0, 14.0, 11.0, 24.0, 28.0, 8.0, 61.0, 38.0, 7.0, 27.0, 33.0, 9.0, 12.0, 1.0, 7.0, 1.0, 12.0, 82.0, 15.0, 4.0, 91.0, 47.0, 9.0, 9.0, 1.0, 26.0, 60.0, 12.0, 25.0, 12.0, 84.0, 91.0, 23.0, 8.0, 47.0, 11.0, 5.0, 42.0, 16.0, 23.0, 5.0, 24.0, 12.0, 1.0, 4.0, 1.0, 46.0, 20.0, 8.0, 112.0, 52.0, 52.0, 24.0, 1.0, 83.0, 1.0, 5.0, 26.0, 1.0, 15.0, 34.0, 7.0, 190.0, 7.0, 1.0, 22.0, 30.0, 14.0, 27.0, 1.0, 11.0, 13.0, 39.0, 48.0, 32.0, 10.0, 20.0, 23.0, 39.0, 19.0, 21.0, 30.0, 1.0, 19.0, 1.0, 203.0, 19.0, 80.0, 8.0, 10.0, 13.0, 12.0, 1.0, 44.0, 1.0, 11.0, 18.0, 64.0, 5.0, 16.0, 1.0, 1.0, 16.0, 106.0, 78.0, 46.0, 6.0, 7.0, 1.0, 49.0, 10.0, 6.0, 1.0, 12.0, 4.0, 4.0, 140.0, 28.0, 23.0, 1.0, 120.0, 11.0, 2.0, 5.0, 1.0, 16.0, 17.0, 112.0, 11.0, 1.0, 26.0, 106.0, 48.0, 24.0, 169.0, 59.0, 54.0, 6.0, 40.0, 15.0, 1.0, 23.0, 1.0, 74.0, 22.0, 1.0, 62.0, 6.0, 252.0, 10.0, 9.0, 38.0, 13.0, 28.0, 7.0, 48.0, 126.0, 79.0, 5.0, 138.0, 12.0, 15.0, 17.0, 5.0, 17.0, 1.0, 52.0, 31.0, 1.0, 43.0, 5.0, 22.0, 1.0, 7.0, 17.0, 23.0, 16.0, 90.0, 1.0, 1.0, 1.0, 6.0, 292.0, 3.0, 31.0, 4.0, 31.0, 34.0, 19.0, 1.0, 1.0, 45.0, 33.0, 20.0, 38.0, 18.0, 1.0, 28.0, 68.0, 1.0, 4.0, 24.0, 43.0, 12.0, 25.0, 1.0, 30.0, 6.0, 23.0, 29.0, 1.0, 38.0, 15.0, 11.0, 27.0, 17.0, 7.0, 23.0, 43.0, 2.0, 22.0, 8.0, 1.0, 1.0, 284.0, 6.0, 13.0, 32.0, 8.0, 49.0, 43.0, 16.0, 12.0, 16.0, 22.0, 20.0, 5.0, 204.0, 1.0, 1.0, 1.0, 1.0, 10.0, 1.0, 11.0, 13.0, 1.0, 48.0, 9.0, 11.0, 37.0, 2.0, 25.0, 1.0, 49.0, 22.0, 50.0, 8.0, 1.0, 44.0, 1.0, 9.0, 28.0, 142.0, 1.0, 7.0, 6.0, 45.0, 29.0, 1.0, 18.0, 19.0, 74.0, 12.0, 28.0, 9.0, 9.0, 81.0, 1.0, 1.0, 12.0, 10.0, 44.0, 7.0, 52.0, 52.0, 37.0, 1.0, 4.0, 6.0, 11.0, 2.0, 8.0, 6.0, 116.0, 22.0, 57.0, 40.0, 16.0, 9.0, 1.0, 38.0, 2.0, 33.0, 51.0, 85.0, 12.0, 6.0, 9.0, 5.0, 39.0, 4.0, 101.0, 13.0, 20.0, 5.0, 17.0, 15.0, 97.0, 2.0, 31.0, 131.0, 14.0, 20.0, 140.0, 2.0, 25.0, 1.0, 3.0, 14.0, 44.0, 15.0, 9.0, 16.0, 18.0, 16.0, 71.0, 1.0, 1.0, 1.0, 11.0, 14.0, 46.0, 5.0, 47.0, 29.0, 37.0, 34.0, 1.0, 3.0, 1.0, 36.0, 21.0, 1.0, 2.0, 15.0, 21.0, 100.0, 1.0, 18.0, 25.0, 1.0, 8.0, 12.0, 48.0, 1.0, 7.0, 1.0, 18.0, 4.0, 23.0, 116.0, 2.0, 1.0, 46.0, 1.0, 15.0, 1.0, 19.0, 115.0, 7.0, 54.0, 62.0, 45.0, 3.0, 42.0, 36.0, 18.0, 58.0, 28.0, 27.0, 43.0, 9.0, 12.0, 1.0, 5.0, 8.0, 37.0, 39.0, 73.0, 1.0, 18.0, 3.0, 2.0, 50.0, 56.0, 8.0, 43.0, 187.0, 22.0, 7.0, 1.0, 91.0, 7.0, 1.0, 30.0, 14.0, 1.0, 91.0, 10.0, 28.0, 62.0, 4.0, 1.0, 18.0, 13.0, 8.0, 22.0, 21.0, 12.0, 3.0, 40.0, 28.0, 12.0, 31.0, 1.0, 32.0, 6.0, 17.0, 33.0, 7.0, 3.0, 51.0, 8.0, 61.0, 21.0, 1.0, 1.0, 1.0, 3.0, 17.0, 23.0, 16.0, 14.0, 11.0, 6.0, 55.0, 7.0, 13.0, 16.0, 56.0, 2.0, 6.0, 23.0, 49.0, 6.0, 7.0, 1.0, 35.0, 49.0, 1.0, 1.0, 2.0, 8.0, 35.0, 52.0, 8.0, 2.0, 103.0, 16.0, 10.0, 7.0, 186.0, 1.0, 30.0, 37.0, 25.0, 69.0, 30.0, 82.0, 21.0, 3.0, 1.0, 5.0, 13.0, 84.0, 15.0, 1.0, 49.0, 11.0, 11.0, 21.0, 28.0, 271.0, 37.0, 17.0, 40.0, 44.0, 4.0, 70.0, 1.0, 14.0, 67.0, 16.0, 14.0, 4.0, 26.0, 14.0, 183.0, 1.0, 41.0, 66.0, 299.0, 47.0, 25.0, 75.0, 13.0, 28.0, 29.0, 9.0, 1.0, 65.0, 122.0, 1.0, 2.0, 129.0, 32.0, 12.0, 14.0, 20.0, 50.0, 1.0, 9.0, 3.0, 33.0, 94.0, 3.0, 63.0, 56.0, 1.0, 148.0, 15.0, 85.0, 106.0, 6.0, 6.0, 1.0, 13.0, 17.0, 1.0, 1.0, 1.0, 13.0, 25.0, 56.0, 33.0, 7.0, 123.0, 7.0, 10.0, 26.0, 40.0, 9.0, 49.0, 1.0, 1.0, 7.0, 14.0, 7.0, 87.0, 36.0, 1.0, 1.0, 48.0, 1.0, 2.0, 6.0, 13.0, 1.0, 17.0, 8.0, 12.0, 1.0, 10.0, 1.0, 1.0, 88.0, 1.0, 108.0, 16.0, 66.0, 14.0, 7.0, 5.0, 36.0, 1.0, 37.0, 16.0, 94.0, 142.0, 33.0, 17.0, 1.0, 15.0, 6.0, 2.0, 1.0, 44.0, 60.0, 25.0, 44.0, 72.0, 27.0, 1.0, 17.0, 18.0, 4.0, 13.0, 3.0, 8.0, 34.0, 20.0, 15.0, 29.0, 16.0, 76.0, 52.0, 1.0, 1.0, 38.0, 54.0, 35.0, 16.0, 56.0, 22.0, 155.0, 11.0, 31.0, 1.0, 38.0, 14.0, 19.0, 1.0, 22.0, 52.0, 1.0, 11.0, 17.0, 51.0, 185.0, 1.0, 2.0, 40.0, 1.0, 8.0, 45.0, 10.0, 51.0, 12.0, 4.0, 33.0, 77.0, 11.0, 39.0, 7.0, 1.0, 7.0, 12.0, 72.0, 8.0, 1.0, 17.0, 8.0, 13.0, 10.0, 24.0, 18.0, 1.0, 44.0, 20.0, 1.0, 84.0, 9.0, 69.0, 18.0, 1.0, 58.0, 28.0, 24.0, 75.0, 46.0, 42.0, 41.0, 10.0, 20.0, 26.0, 1.0, 46.0, 43.0, 7.0, 6.0, 1.0, 31.0, 6.0, 1.0, 42.0, 61.0, 40.0, 8.0, 22.0, 1.0, 14.0, 11.0, 41.0, 22.0, 39.0, 1.0, 5.0, 9.0, 7.0, 5.0, 8.0, 2.0, 9.0, 1.0, 23.0, 1.0, 23.0, 8.0, 8.0, 24.0, 9.0, 7.0, 21.0, 14.0, 154.0, 7.0, 14.0, 7.0, 18.0, 20.0, 8.0, 1.0, 1.0, 38.0, 23.0, 2.0, 6.0, 27.0, 93.0, 29.0, 41.0, 40.0, 48.0, 12.0, 20.0, 8.0, 20.0, 31.0, 7.0, 15.0, 11.0, 35.0, 209.0, 12.0, 7.0, 15.0, 82.0, 1.0, 7.0, 51.0, 9.0, 1.0, 19.0, 24.0, 13.0, 9.0, 1.0, 11.0, 19.0, 11.0, 16.0, 18.0, 3.0, 30.0, 1.0, 1.0, 6.0, 45.0, 4.0, 1.0, 34.0, 1.0, 11.0, 12.0, 35.0, 13.0, 9.0, 3.0, 65.0, 12.0, 1.0, 10.0, 12.0, 22.0, 11.0, 65.0, 7.0, 18.0, 74.0, 13.0, 1.0, 6.0, 8.0, 1.0, 16.0, 3.0, 1.0, 6.0, 10.0, 9.0, 8.0, 49.0, 23.0, 3.0, 40.0, 35.0, 36.0, 32.0, 12.0, 53.0, 25.0, 12.0, 1.0, 1.0, 1.0, 1.0, 1.0, 155.0, 89.0, 23.0, 8.0, 50.0, 14.0, 7.0, 62.0, 20.0, 1.0, 17.0, 16.0, 86.0, 8.0, 11.0, 56.0, 19.0, 5.0, 92.0, 4.0, 47.0, 68.0, 1.0, 10.0, 55.0, 13.0, 10.0, 77.0, 1.0, 1.0, 9.0, 25.0, 4.0, 50.0, 1.0, 11.0, 9.0, 11.0, 31.0, 2.0, 1.0, 10.0, 10.0, 71.0, 1.0, 1.0, 11.0, 9.0, 67.0, 5.0, 88.0, 9.0, 1.0, 25.0, 34.0, 9.0, 11.0, 15.0, 5.0, 14.0, 22.0, 30.0, 23.0, 39.0, 1.0, 143.0, 40.0, 6.0, 5.0, 13.0, 10.0, 16.0, 7.0, 6.0, 16.0, 18.0, 18.0, 5.0, 14.0, 6.0, 11.0, 52.0, 13.0, 5.0, 9.0, 8.0, 63.0, 40.0, 5.0, 2.0, 6.0, 31.0, 106.0, 47.0, 15.0, 1.0, 6.0, 19.0, 1.0, 13.0, 26.0, 44.0, 36.0, 14.0, 65.0, 3.0, 36.0, 84.0, 34.0, 8.0, 7.0, 9.0, 97.0, 12.0, 63.0, 22.0, 1.0, 33.0, 16.0, 1.0, 30.0, 11.0, 201.0, 28.0, 1.0, 24.0, 67.0, 29.0, 8.0, 18.0, 23.0, 21.0, 46.0, 16.0, 1.0, 56.0, 4.0, 14.0, 4.0, 7.0, 28.0, 12.0, 1.0, 21.0, 198.0, 38.0, 18.0, 107.0, 2.0, 9.0, 49.0, 43.0, 32.0, 3.0, 25.0, 207.0, 68.0, 41.0, 11.0, 6.0, 67.0, 34.0, 48.0, 51.0, 88.0, 31.0, 11.0, 2.0, 21.0, 2.0, 46.0, 169.0, 15.0, 30.0, 3.0, 12.0, 32.0, 29.0, 1.0, 24.0, 6.0, 37.0, 1.0, 17.0, 70.0, 53.0, 70.0, 6.0, 2.0, 15.0, 8.0, 26.0, 18.0, 9.0, 16.0, 50.0, 9.0, 20.0, 1.0, 40.0, 1.0, 37.0, 145.0, 24.0, 21.0, 1.0, 14.0, 21.0, 52.0, 91.0, 18.0, 32.0, 33.0, 2.0, 57.0, 14.0, 1.0, 78.0, 11.0, 9.0, 6.0, 190.0, 69.0, 1.0, 3.0, 5.0, 23.0, 13.0, 11.0, 1.0, 13.0, 17.0, 45.0, 1.0, 8.0, 169.0, 76.0, 1.0, 9.0, 24.0, 1.0, 7.0, 50.0, 61.0, 40.0, 48.0, 33.0, 1.0, 34.0, 50.0, 72.0, 49.0, 35.0, 54.0, 1.0, 3.0, 10.0, 25.0, 40.0, 38.0, 20.0, 28.0, 6.0, 27.0, 113.0, 12.0, 1.0, 9.0, 26.0, 25.0, 38.0, 9.0, 5.0, 14.0, 17.0, 30.0, 12.0, 9.0, 3.0, 49.0, 8.0, 12.0, 58.0, 10.0, 26.0, 11.0, 25.0, 6.0, 207.0, 20.0, 12.0, 250.0, 4.0, 26.0, 22.0, 1.0, 21.0, 28.0, 104.0, 8.0, 6.0, 1.0, 19.0, 9.0, 218.0, 3.0, 8.0, 45.0, 12.0, 30.0, 1.0, 15.0, 11.0, 17.0, 1.0, 8.0, 127.0, 94.0, 226.0, 12.0, 4.0, 5.0, 26.0, 9.0, 1.0, 71.0, 4.0, 1.0, 15.0, 14.0, 10.0, 21.0, 15.0, 37.0, 73.0, 72.0, 42.0, 41.0, 14.0, 13.0, 1.0, 12.0, 34.0, 1.0, 7.0, 1.0, 53.0, 50.0, 14.0, 2.0, 1.0, 6.0, 12.0, 9.0, 1.0, 1.0, 1.0, 75.0, 4.0, 37.0, 14.0, 7.0, 40.0, 15.0, 7.0, 16.0, 124.0, 1.0, 10.0, 1.0, 1.0, 60.0, 17.0, 58.0, 1.0, 113.0, 12.0, 21.0, 50.0, 7.0, 9.0, 166.0, 82.0, 10.0, 1.0, 59.0, 8.0, 3.0, 13.0, 8.0, 36.0, 235.0, 15.0, 1.0, 8.0, 45.0, 1.0, 1.0, 14.0, 26.0, 66.0, 13.0, 1.0, 76.0, 12.0, 24.0, 31.0, 6.0, 5.0, 2.0, 159.0, 23.0, 3.0, 12.0, 22.0, 58.0, 4.0, 23.0, 3.0, 21.0, 12.0, 31.0, 10.0, 14.0, 40.0, 1.0, 20.0, 2.0, 1.0, 40.0, 122.0, 1.0, 10.0, 43.0, 8.0, 18.0, 15.0, 117.0, 37.0, 77.0, 39.0, 16.0, 11.0, 33.0, 40.0, 31.0, 1.0, 16.0, 16.0, 4.0, 9.0, 56.0, 1.0, 1.0, 20.0, 12.0, 30.0, 63.0, 4.0, 8.0, 1.0, 1.0, 7.0, 12.0, 20.0, 1.0, 16.0, 8.0, 76.0, 35.0, 17.0, 1.0, 21.0, 91.0, 1.0, 33.0, 90.0, 30.0, 11.0, 7.0, 11.0, 72.0, 43.0, 2.0, 16.0, 1.0, 3.0, 150.0, 11.0, 7.0, 55.0, 1.0, 9.0, 119.0, 18.0, 190.0, 4.0, 9.0, 12.0, 6.0, 63.0, 94.0, 41.0, 10.0, 8.0, 17.0, 4.0, 12.0, 22.0, 16.0, 16.0, 29.0, 57.0, 37.0, 1.0, 1.0, 17.0, 12.0, 9.0, 77.0, 52.0, 3.0, 3.0, 3.0, 3.0, 53.0, 34.0, 13.0, 58.0, 169.0, 80.0, 6.0, 9.0, 55.0, 23.0, 54.0, 9.0, 7.0, 11.0, 2.0, 1.0, 4.0, 1.0, 7.0, 95.0, 317.0, 12.0, 47.0, 9.0, 10.0, 1.0, 39.0, 125.0, 9.0, 51.0, 12.0, 11.0, 49.0, 1.0, 38.0, 35.0, 21.0, 3.0, 47.0, 1.0, 53.0, 11.0, 14.0, 196.0, 40.0, 99.0, 21.0, 22.0, 40.0, 9.0, 7.0, 35.0, 24.0, 32.0, 9.0, 45.0, 118.0, 19.0, 57.0, 7.0, 53.0, 22.0, 1.0, 24.0, 94.0, 1.0, 35.0, 21.0, 13.0, 40.0, 12.0, 5.0, 1.0, 54.0, 6.0, 23.0, 31.0, 21.0, 71.0, 17.0, 12.0, 1.0, 16.0, 8.0, 12.0, 255.0, 16.0, 1.0, 43.0, 18.0, 19.0, 1.0, 54.0, 11.0]
