avgTJ:  17.114285714285714
stdDvTJ:  18.88328618691849
avgTJ without 0:  19.66865671641791
stdDvTJ without 0:  18.96201787986148
maxTJ:  24.928571428571427
minTJ:  10.837837837837839

avgTT:  18.436990595611285
stdDvTT:  16.24835496963761
avgTT without 0:  18.436990595611285
stdDvTT without 0:  16.24835496963761
maxTT:  31.4
minTT:  7.545454545454546

avgTotT:  20.103125
stdDvTotT:  19.079683361037663
avgTotT without 0:  20.562822719449226
stdDvTotT without 0:  19.050091842613117
maxTotT:  27.34285714285714
minTotT:  13.621621621621621

avgMGT:  20.09783653846154
stdDvMGT:  19.070864687654243
avgMGT without 0:  20.557413326776494
stdDvMGT without 0:  19.04118802500361
maxMGT:  27.34285714285714
minMGT:  13.621621621621621

avgSGT:  3.6666666666666665
stdDvSGT:  3.5433819375782165
avgSGT without 0:  3.6666666666666665
stdDvSGT without 0:  3.5433819375782165
maxSGT:  10.0
minSGT:  1.0

free lanes %:  31.74030658250676 %, number of free traverse:  2816 num of traverse 8872
number of times in traffic %:  17.966636609558158 %, numero di volte nel traffico:  1594 num of traverse 8872
not free passage %:  68.6541929666366 %, number of not free passage:  6091 num of traverse 8872
junction times
 [43.0, 10.0, 13.0, 27.0, 7.0, 32.0, 4.0, 44.0, 1.0, 24.0, 6.0, 9.0, 4.0, 31.0, 5.0, 8.0, 11.0, 34.0, 5.0, 10.0, 20.0, 12.0, 61.0, 13.0, 22.0, 7.0, 9.0, 1.0, 15.0, 1.0, 17.0, 64.0, 40.0, 11.0, 103.0, 28.0, 23.0, 25.0, 3.0, 4.0, 20.0, 34.0, 8.0, 4.0, 23.0, 4.0, 9.0, 28.0, 14.0, 6.0, 43.0, 3.0, 8.0, 36.0, 80.0, 42.0, 9.0, 29.0, 11.0, 24.0, 46.0, 3.0, 12.0, 20.0, 9.0, 10.0, 28.0, 4.0, 4.0, 36.0, 9.0, 45.0, 4.0, 5.0, 10.0, 47.0, 12.0, 15.0, 1.0, 17.0, 39.0, 10.0, 1.0, 1.0, 31.0, 5.0, 3.0, 3.0, 76.0, 14.0, 19.0, 3.0, 20.0, 3.0, 9.0, 92.0, 10.0, 4.0, 26.0, 7.0, 10.0, 18.0, 12.0, 11.0, 38.0, 24.0, 26.0, 1.0, 38.0, 11.0, 24.0, 3.0, 14.0, 42.0, 31.0, 7.0, 8.0, 33.0, 7.0, 13.0, 59.0, 4.0, 12.0, 2.0, 14.0, 77.0, 3.0, 21.0, 31.0, 26.0, 23.0, 5.0, 23.0, 5.0, 1.0, 64.0, 1.0, 21.0, 2.0, 22.0, 1.0, 53.0, 2.0, 24.0, 18.0, 4.0, 51.0, 10.0, 42.0, 29.0, 16.0, 11.0, 22.0, 12.0, 36.0, 16.0, 21.0, 34.0, 23.0, 14.0, 35.0, 20.0, 3.0, 1.0, 1.0, 4.0, 8.0, 10.0, 6.0, 46.0, 5.0, 2.0, 7.0, 26.0, 22.0, 17.0, 9.0, 5.0, 39.0, 1.0, 6.0, 6.0, 17.0, 30.0, 5.0, 6.0, 9.0, 3.0, 40.0, 22.0, 10.0, 2.0, 19.0, 5.0, 13.0, 20.0, 40.0, 6.0, 16.0, 43.0, 3.0, 52.0, 7.0, 1.0, 52.0, 11.0, 22.0, 1.0, 61.0, 41.0, 12.0, 33.0, 14.0, 23.0, 14.0, 5.0, 13.0, 4.0, 6.0, 13.0, 14.0, 7.0, 44.0, 28.0, 6.0, 9.0, 11.0, 22.0, 13.0, 11.0, 20.0, 11.0, 29.0, 7.0, 53.0, 16.0, 14.0, 2.0, 11.0, 16.0, 1.0, 11.0, 42.0, 35.0, 6.0, 4.0, 5.0, 8.0, 1.0, 16.0, 11.0, 17.0, 12.0, 15.0, 23.0, 3.0, 21.0, 12.0, 27.0, 11.0, 17.0, 5.0, 18.0, 1.0, 21.0, 42.0, 56.0, 45.0, 12.0, 17.0, 49.0, 9.0, 1.0, 58.0, 10.0, 14.0, 14.0, 43.0, 3.0, 59.0, 13.0, 45.0, 51.0, 17.0, 9.0, 9.0, 6.0, 26.0, 2.0, 2.0, 30.0, 22.0, 5.0, 16.0, 23.0, 9.0, 5.0, 3.0, 30.0, 39.0, 4.0, 4.0, 21.0, 1.0, 28.0, 6.0, 18.0, 3.0, 157.0, 32.0, 59.0, 15.0, 23.0, 54.0, 13.0, 20.0, 21.0, 6.0, 19.0, 19.0, 68.0, 49.0, 10.0, 36.0, 9.0, 6.0, 26.0, 24.0, 8.0, 55.0, 49.0, 47.0, 1.0, 9.0, 13.0, 8.0, 22.0, 42.0, 13.0, 1.0, 28.0, 25.0, 4.0, 11.0, 21.0, 6.0, 74.0, 29.0, 4.0, 7.0, 43.0, 29.0, 5.0, 4.0, 10.0, 25.0, 51.0, 17.0, 54.0, 15.0, 10.0, 11.0, 27.0, 9.0, 3.0, 13.0, 14.0, 44.0, 15.0, 6.0, 23.0, 7.0, 19.0, 55.0, 9.0, 2.0, 21.0, 8.0, 7.0, 1.0, 7.0, 11.0, 21.0, 24.0, 25.0, 28.0, 70.0, 49.0, 33.0, 4.0, 95.0, 13.0, 11.0, 40.0, 13.0, 50.0, 25.0, 8.0, 32.0, 83.0, 26.0, 10.0, 12.0, 11.0, 4.0, 2.0, 12.0, 42.0, 16.0, 20.0, 10.0, 9.0, 14.0, 4.0, 1.0, 11.0, 29.0, 12.0, 10.0, 24.0, 31.0, 18.0, 2.0, 8.0, 38.0, 15.0, 27.0, 19.0, 11.0, 21.0, 67.0, 16.0, 36.0, 14.0, 18.0, 1.0, 2.0, 13.0, 3.0, 19.0, 28.0, 18.0, 5.0, 12.0, 8.0, 45.0, 9.0, 1.0, 15.0, 11.0, 30.0, 30.0, 41.0, 10.0, 43.0, 3.0, 16.0, 4.0, 30.0, 4.0, 7.0, 5.0, 6.0, 8.0, 20.0, 23.0, 6.0, 10.0, 14.0, 50.0, 8.0, 5.0, 9.0, 8.0, 7.0, 33.0, 14.0, 11.0, 24.0, 37.0, 6.0, 6.0, 13.0, 10.0, 17.0, 27.0, 22.0, 4.0, 3.0, 17.0, 13.0, 13.0, 10.0, 26.0, 10.0, 8.0, 2.0, 12.0, 15.0, 36.0, 6.0, 7.0, 3.0, 10.0, 3.0, 19.0, 29.0, 25.0, 36.0, 2.0, 7.0, 14.0, 24.0, 20.0, 33.0, 38.0, 32.0, 14.0, 32.0, 14.0, 1.0, 6.0, 42.0, 10.0, 85.0, 44.0, 9.0, 8.0, 5.0, 10.0, 29.0, 67.0, 56.0, 7.0, 2.0, 10.0, 45.0, 18.0, 14.0, 5.0, 33.0, 22.0, 22.0, 1.0, 13.0, 17.0, 11.0, 30.0, 9.0, 4.0, 16.0, 2.0, 87.0, 15.0, 90.0, 51.0, 13.0, 7.0, 14.0, 47.0, 16.0, 9.0, 15.0, 10.0, 23.0, 17.0, 6.0, 11.0, 13.0, 49.0, 12.0, 38.0, 13.0, 21.0, 11.0, 13.0, 1.0, 10.0, 1.0, 11.0, 37.0, 10.0, 10.0, 22.0, 70.0, 11.0, 11.0, 2.0, 9.0, 11.0, 25.0, 8.0, 2.0, 18.0, 19.0, 31.0, 10.0, 4.0, 20.0, 4.0, 13.0, 36.0, 13.0, 30.0, 23.0, 16.0, 65.0, 9.0, 37.0, 30.0, 1.0, 8.0, 34.0, 11.0, 21.0, 1.0, 10.0, 5.0, 6.0, 3.0, 58.0, 16.0, 9.0, 3.0, 8.0, 2.0, 26.0, 31.0, 8.0, 29.0, 19.0, 8.0, 7.0, 8.0, 8.0, 1.0, 16.0, 15.0, 12.0, 7.0, 5.0, 15.0, 44.0, 3.0, 3.0, 18.0, 13.0, 10.0, 11.0, 8.0, 42.0, 10.0, 3.0, 3.0, 1.0, 76.0, 17.0, 34.0, 25.0, 9.0, 49.0, 1.0, 1.0, 2.0, 31.0, 13.0, 36.0, 22.0, 29.0, 36.0, 40.0, 6.0, 4.0, 16.0, 4.0, 5.0, 22.0, 21.0, 14.0, 8.0, 7.0, 29.0, 11.0, 1.0, 17.0, 20.0, 2.0, 16.0, 1.0, 2.0, 8.0, 12.0, 34.0, 7.0, 8.0, 17.0, 12.0, 12.0, 40.0, 22.0, 1.0, 15.0, 54.0, 14.0, 34.0, 25.0, 13.0, 10.0, 27.0, 5.0, 3.0, 56.0, 13.0, 30.0, 49.0, 7.0, 33.0, 24.0, 9.0, 17.0, 8.0, 2.0, 9.0, 4.0, 4.0, 23.0, 34.0, 5.0, 13.0, 1.0, 25.0, 2.0, 39.0, 4.0, 14.0, 1.0, 8.0, 4.0, 17.0, 31.0, 19.0, 4.0, 7.0, 11.0, 9.0, 14.0, 6.0, 13.0, 2.0, 36.0, 28.0, 44.0, 27.0, 2.0, 19.0, 7.0, 16.0, 22.0, 4.0, 51.0, 10.0, 1.0, 49.0, 8.0, 10.0, 41.0, 5.0, 15.0, 12.0, 11.0, 11.0, 33.0, 80.0, 60.0, 21.0, 3.0, 24.0, 10.0, 33.0, 11.0, 28.0, 17.0, 20.0, 2.0, 30.0, 26.0, 25.0, 18.0, 6.0, 26.0, 41.0, 27.0, 21.0, 4.0, 73.0, 9.0, 8.0, 3.0, 31.0, 67.0, 29.0, 14.0, 61.0, 6.0, 1.0, 1.0, 11.0, 14.0, 28.0, 1.0, 4.0, 10.0, 35.0, 11.0, 13.0, 7.0, 9.0, 10.0, 28.0, 3.0, 13.0, 41.0, 40.0, 3.0, 3.0, 20.0, 1.0, 17.0, 24.0, 15.0, 11.0, 5.0, 4.0, 3.0, 7.0, 6.0, 4.0, 2.0, 67.0, 1.0, 23.0, 2.0, 19.0, 8.0, 62.0, 4.0, 2.0, 1.0, 29.0, 10.0, 4.0, 3.0, 10.0, 20.0, 19.0, 2.0, 23.0, 54.0, 11.0, 24.0, 3.0, 5.0, 30.0, 10.0, 15.0, 1.0, 24.0, 4.0, 35.0, 4.0, 4.0, 42.0, 9.0, 11.0, 10.0, 25.0, 22.0, 23.0, 8.0, 40.0, 1.0, 8.0, 67.0, 6.0, 9.0, 2.0, 2.0, 49.0, 13.0, 10.0, 3.0, 24.0, 23.0, 1.0, 17.0, 8.0, 11.0, 32.0, 3.0, 6.0, 8.0, 14.0, 20.0, 17.0, 8.0, 11.0, 2.0, 47.0, 4.0, 26.0, 58.0, 2.0, 1.0, 14.0, 11.0, 11.0, 4.0, 31.0, 16.0, 10.0, 3.0, 7.0, 10.0, 28.0, 6.0, 6.0, 42.0, 17.0, 32.0, 26.0, 18.0, 17.0, 65.0, 104.0, 5.0, 6.0, 37.0, 34.0, 26.0, 5.0, 48.0, 12.0, 10.0, 7.0, 17.0, 66.0, 9.0, 49.0, 11.0, 24.0, 31.0, 1.0, 3.0, 80.0, 47.0, 96.0, 1.0, 19.0, 11.0, 8.0, 17.0, 11.0, 6.0, 25.0, 56.0, 5.0, 49.0, 19.0, 9.0, 39.0, 1.0, 4.0, 36.0, 38.0, 33.0, 4.0, 9.0, 43.0, 36.0, 129.0, 7.0, 12.0, 19.0, 15.0, 20.0, 30.0, 32.0, 2.0, 7.0, 8.0, 130.0, 1.0, 50.0, 36.0, 2.0, 3.0, 30.0, 27.0, 8.0, 12.0, 8.0, 8.0, 8.0, 27.0, 10.0, 16.0, 23.0, 9.0, 43.0, 28.0, 4.0, 44.0, 56.0, 11.0, 2.0, 20.0, 28.0, 34.0, 12.0, 8.0, 1.0, 9.0, 3.0, 7.0, 48.0, 21.0, 51.0, 32.0, 5.0, 1.0, 9.0, 10.0, 15.0, 9.0, 16.0, 9.0, 13.0, 7.0, 51.0, 1.0, 23.0, 9.0, 22.0, 3.0, 11.0, 14.0, 8.0, 8.0, 8.0, 14.0, 40.0, 3.0, 12.0, 26.0, 8.0, 10.0, 1.0, 11.0, 21.0, 16.0, 18.0, 50.0, 18.0, 10.0, 17.0, 4.0, 25.0, 5.0, 32.0, 16.0, 15.0, 5.0, 12.0, 13.0, 28.0, 18.0, 7.0, 6.0, 28.0, 76.0, 9.0, 33.0, 3.0, 34.0, 66.0, 20.0, 15.0, 19.0, 9.0, 6.0, 9.0, 32.0, 47.0, 24.0, 30.0, 2.0, 38.0, 4.0, 25.0, 24.0, 35.0, 20.0, 58.0, 34.0, 1.0, 9.0, 15.0, 11.0, 8.0, 17.0, 7.0, 9.0, 14.0, 14.0, 36.0, 12.0, 14.0, 7.0, 42.0, 12.0, 26.0, 24.0, 10.0, 21.0, 11.0, 14.0, 13.0, 3.0, 10.0, 165.0, 22.0, 4.0, 7.0, 8.0, 8.0, 6.0, 5.0, 23.0, 17.0, 3.0, 8.0, 45.0, 35.0, 3.0, 25.0, 8.0, 19.0, 28.0, 19.0, 7.0, 19.0, 22.0, 25.0, 16.0, 14.0, 16.0, 12.0, 11.0, 8.0, 26.0, 40.0, 6.0, 16.0, 61.0, 4.0, 1.0, 15.0, 3.0, 18.0, 32.0, 2.0, 11.0, 15.0, 24.0, 6.0, 1.0, 16.0, 11.0, 10.0, 1.0, 27.0, 9.0, 13.0, 49.0, 36.0, 6.0, 7.0, 3.0, 28.0, 1.0, 3.0, 20.0, 37.0, 7.0, 6.0, 29.0, 13.0, 24.0, 18.0, 7.0, 15.0, 19.0, 20.0, 13.0, 6.0, 2.0, 31.0, 10.0, 18.0, 26.0, 12.0, 24.0, 13.0, 9.0, 13.0, 91.0, 28.0, 56.0, 72.0, 26.0, 7.0, 14.0, 21.0, 6.0, 26.0, 28.0, 16.0, 3.0, 24.0, 7.0, 13.0, 19.0, 25.0, 8.0, 91.0, 24.0, 4.0, 20.0, 28.0, 19.0, 19.0, 32.0, 67.0, 20.0, 2.0, 23.0, 7.0, 6.0, 17.0, 8.0, 11.0, 14.0, 19.0, 21.0, 2.0, 2.0, 34.0, 29.0, 46.0, 3.0, 29.0, 32.0, 3.0, 37.0, 26.0, 38.0, 10.0, 3.0, 27.0, 107.0, 21.0, 46.0, 23.0, 7.0, 6.0, 3.0, 9.0, 16.0, 28.0, 3.0, 3.0, 15.0, 9.0, 4.0, 5.0, 7.0, 8.0, 40.0, 5.0, 46.0, 23.0, 34.0, 17.0, 19.0, 35.0, 7.0, 13.0, 30.0, 2.0, 18.0, 19.0, 3.0, 25.0, 20.0, 23.0, 100.0, 7.0, 39.0, 13.0, 3.0, 12.0, 34.0, 16.0, 7.0, 1.0, 9.0, 19.0, 87.0, 9.0, 25.0, 18.0, 33.0, 44.0, 10.0, 1.0, 4.0, 8.0, 12.0, 6.0, 12.0, 10.0, 64.0, 31.0, 11.0, 46.0, 6.0, 42.0, 13.0, 46.0, 27.0, 25.0, 2.0, 33.0, 15.0, 11.0, 16.0, 27.0, 9.0, 5.0, 22.0, 60.0, 65.0, 5.0, 10.0, 15.0, 29.0, 32.0, 6.0, 33.0, 5.0, 5.0, 22.0, 13.0, 33.0, 25.0, 11.0, 37.0, 14.0, 10.0, 1.0, 27.0, 59.0, 14.0, 4.0, 26.0, 79.0, 15.0, 37.0, 21.0, 10.0, 39.0, 1.0, 33.0, 56.0, 6.0, 9.0, 8.0, 26.0, 8.0, 6.0, 14.0, 9.0, 7.0, 9.0, 6.0, 25.0, 1.0, 30.0, 8.0, 1.0, 10.0, 39.0, 4.0, 22.0, 2.0, 19.0, 8.0, 24.0, 30.0, 3.0, 20.0, 4.0, 34.0, 26.0, 32.0, 12.0, 13.0, 16.0, 2.0, 3.0, 30.0, 16.0, 9.0, 3.0, 28.0, 7.0, 12.0, 4.0, 65.0, 10.0, 58.0, 5.0, 7.0, 1.0, 66.0, 1.0, 14.0, 27.0, 8.0, 26.0, 61.0, 90.0, 22.0, 6.0, 15.0, 50.0, 3.0, 3.0, 72.0, 36.0, 55.0, 22.0, 10.0, 11.0, 1.0, 23.0, 31.0, 69.0, 20.0, 13.0, 12.0, 21.0, 2.0, 4.0, 1.0, 13.0, 12.0, 11.0, 15.0, 5.0, 42.0, 39.0, 4.0, 11.0, 4.0, 10.0, 4.0, 2.0, 6.0, 22.0, 55.0, 2.0, 4.0, 5.0, 16.0, 72.0, 11.0, 6.0, 3.0, 10.0, 20.0, 12.0, 41.0, 8.0, 5.0, 10.0, 11.0, 9.0, 11.0, 23.0, 35.0, 35.0, 12.0, 33.0, 25.0, 50.0, 9.0, 23.0, 11.0, 6.0, 1.0, 8.0, 46.0, 62.0, 13.0, 1.0, 4.0, 21.0, 18.0, 6.0, 35.0, 3.0, 31.0, 2.0, 34.0, 23.0, 4.0, 2.0, 54.0, 9.0, 9.0, 7.0, 11.0, 55.0, 10.0, 8.0, 17.0, 11.0, 12.0, 61.0, 65.0, 56.0, 68.0, 17.0, 5.0, 22.0, 8.0, 28.0, 13.0, 5.0, 49.0, 21.0, 6.0, 22.0, 31.0, 5.0, 29.0, 22.0, 12.0, 15.0, 12.0, 4.0, 13.0, 14.0, 1.0, 7.0, 29.0, 4.0, 39.0, 21.0, 5.0, 1.0, 61.0, 1.0, 6.0, 11.0, 32.0, 16.0, 9.0, 87.0, 4.0, 11.0, 10.0, 4.0, 10.0, 9.0, 18.0, 11.0, 106.0, 10.0, 23.0, 42.0, 42.0, 11.0, 3.0, 5.0, 1.0, 68.0, 47.0, 15.0, 45.0, 11.0, 3.0, 20.0, 11.0, 20.0, 9.0, 33.0, 13.0, 18.0, 14.0, 29.0, 13.0, 24.0, 3.0, 4.0, 8.0, 14.0, 4.0, 3.0, 40.0, 33.0, 10.0, 29.0, 3.0, 6.0, 7.0, 14.0, 19.0, 1.0, 10.0, 4.0, 91.0, 18.0, 41.0, 16.0, 52.0, 48.0, 35.0, 16.0, 50.0, 7.0, 39.0, 17.0, 3.0, 5.0, 69.0, 8.0, 8.0, 21.0, 10.0, 23.0, 7.0, 16.0, 16.0, 38.0, 9.0, 4.0, 3.0, 3.0, 18.0, 23.0, 12.0, 10.0, 34.0, 10.0, 9.0, 3.0, 33.0, 2.0, 49.0, 14.0, 28.0, 5.0, 41.0, 5.0, 7.0, 11.0, 33.0, 9.0, 16.0, 15.0, 36.0, 35.0, 37.0, 16.0, 19.0, 64.0, 26.0, 43.0, 52.0, 7.0, 17.0, 13.0, 17.0, 22.0, 20.0, 7.0, 28.0, 10.0, 13.0, 36.0, 7.0, 10.0, 11.0, 9.0, 9.0, 43.0, 21.0, 21.0, 9.0, 23.0, 62.0, 47.0, 42.0, 3.0, 1.0, 15.0, 21.0, 9.0, 13.0, 35.0, 50.0, 13.0, 20.0, 10.0, 46.0, 1.0, 3.0, 41.0, 25.0, 8.0, 5.0, 33.0, 72.0, 86.0, 28.0, 20.0, 4.0, 21.0, 4.0, 11.0, 21.0, 11.0, 26.0, 13.0, 9.0, 2.0, 75.0, 11.0, 8.0, 60.0, 3.0, 15.0, 4.0, 6.0, 6.0, 9.0, 94.0, 11.0, 23.0, 16.0, 3.0, 9.0, 5.0, 10.0, 6.0, 11.0, 2.0, 1.0, 24.0, 38.0, 8.0, 30.0, 2.0, 8.0, 91.0, 6.0, 6.0, 1.0, 2.0, 36.0, 7.0, 8.0, 1.0, 11.0, 14.0, 32.0, 6.0, 13.0, 6.0, 9.0, 14.0, 3.0, 15.0, 62.0, 4.0, 4.0, 61.0, 34.0, 25.0, 4.0, 32.0, 11.0, 17.0, 4.0, 12.0, 1.0, 12.0, 3.0, 23.0, 35.0, 36.0, 9.0, 4.0, 20.0, 3.0, 1.0, 30.0, 59.0, 21.0, 74.0, 32.0, 3.0, 6.0, 5.0, 46.0, 8.0, 6.0, 21.0, 35.0, 1.0, 10.0, 10.0, 4.0, 13.0, 10.0, 8.0, 14.0, 24.0, 3.0, 32.0, 8.0, 13.0, 3.0, 14.0, 3.0, 19.0, 36.0, 6.0, 26.0, 17.0, 89.0, 28.0, 4.0, 113.0, 9.0, 27.0, 10.0, 30.0, 2.0, 29.0, 13.0, 14.0, 5.0, 26.0, 3.0, 61.0, 24.0, 10.0, 23.0, 7.0, 7.0, 29.0, 25.0, 24.0, 1.0, 47.0, 40.0, 18.0, 8.0, 32.0, 12.0, 4.0, 12.0, 39.0, 10.0, 32.0, 11.0, 53.0, 4.0, 28.0, 1.0, 26.0, 32.0, 65.0, 9.0, 1.0, 19.0, 1.0, 9.0, 9.0, 29.0, 21.0, 11.0, 19.0, 17.0, 38.0, 4.0, 4.0, 38.0, 3.0, 10.0, 53.0, 9.0, 13.0, 44.0, 66.0, 64.0, 4.0, 14.0, 7.0, 13.0, 33.0, 22.0, 18.0, 12.0, 11.0, 7.0, 53.0, 4.0, 51.0, 14.0, 7.0, 9.0, 15.0, 11.0, 14.0, 13.0, 48.0, 57.0, 10.0, 48.0, 55.0, 2.0, 2.0, 9.0, 2.0, 61.0, 7.0, 3.0, 14.0, 22.0, 4.0, 29.0, 14.0, 1.0, 4.0, 11.0, 9.0, 1.0, 53.0, 9.0, 53.0, 13.0, 11.0, 6.0, 30.0, 23.0, 22.0, 16.0, 5.0, 48.0, 33.0, 28.0, 18.0, 33.0, 18.0, 14.0, 6.0, 6.0, 11.0, 4.0, 17.0, 25.0, 24.0, 31.0, 1.0, 80.0, 8.0, 105.0, 12.0, 1.0, 12.0, 7.0, 12.0, 28.0, 49.0, 3.0, 12.0, 25.0, 3.0, 1.0, 9.0, 2.0, 19.0, 4.0, 39.0, 4.0, 1.0, 106.0, 2.0, 8.0, 30.0, 48.0, 11.0, 28.0, 8.0, 15.0, 58.0, 25.0, 18.0, 47.0, 25.0, 50.0, 4.0, 71.0, 18.0, 15.0, 4.0, 6.0, 10.0, 20.0, 9.0, 13.0, 2.0, 4.0, 19.0, 15.0, 8.0, 21.0, 7.0, 3.0, 8.0, 15.0, 10.0, 36.0, 16.0, 24.0, 18.0, 18.0, 39.0, 8.0, 20.0, 4.0, 21.0, 10.0, 14.0, 14.0, 4.0, 5.0, 18.0, 10.0, 20.0, 30.0, 26.0, 72.0, 18.0, 4.0, 4.0, 4.0, 6.0, 14.0, 21.0, 8.0, 24.0, 15.0, 34.0, 15.0, 3.0, 19.0, 7.0, 24.0, 14.0, 91.0, 42.0, 19.0, 32.0, 5.0, 3.0, 18.0, 39.0, 15.0, 31.0, 36.0, 10.0, 13.0, 11.0, 12.0, 32.0, 14.0, 43.0, 30.0, 10.0, 12.0, 41.0, 12.0, 9.0, 38.0, 7.0, 9.0, 2.0, 1.0, 33.0, 1.0, 2.0, 36.0, 2.0, 13.0, 2.0, 5.0, 12.0, 9.0, 28.0, 13.0, 9.0, 7.0, 6.0, 61.0, 1.0, 44.0, 14.0, 16.0, 79.0, 2.0, 5.0, 88.0, 25.0, 2.0, 1.0, 28.0, 12.0, 20.0, 28.0, 21.0, 38.0, 3.0, 36.0, 11.0, 11.0, 26.0, 2.0, 14.0, 4.0, 9.0, 19.0, 13.0, 14.0, 3.0, 16.0, 48.0, 22.0, 46.0, 8.0, 15.0, 9.0, 15.0, 12.0, 13.0, 10.0, 7.0, 41.0, 7.0, 12.0, 29.0, 5.0, 7.0, 34.0, 6.0, 30.0, 9.0, 8.0, 75.0, 26.0, 27.0, 39.0, 44.0, 2.0, 34.0, 84.0, 10.0, 25.0, 10.0, 31.0, 42.0, 23.0, 29.0, 95.0, 14.0, 8.0, 8.0, 7.0, 7.0, 3.0, 42.0, 17.0, 16.0, 2.0, 20.0, 11.0, 1.0, 35.0, 11.0, 49.0, 11.0, 1.0, 51.0, 4.0, 8.0, 24.0, 3.0, 19.0, 73.0, 51.0, 37.0, 10.0, 11.0, 3.0, 16.0, 18.0, 15.0, 33.0, 1.0, 85.0, 23.0, 1.0, 10.0, 4.0, 19.0, 17.0, 8.0, 20.0, 58.0, 7.0, 3.0, 10.0, 40.0, 6.0, 8.0, 12.0, 2.0, 14.0, 27.0, 37.0, 4.0, 15.0, 24.0, 21.0, 3.0, 20.0, 1.0, 28.0, 42.0, 16.0, 22.0, 5.0, 4.0, 22.0, 12.0, 10.0, 26.0, 19.0, 4.0, 20.0, 3.0, 17.0, 29.0, 14.0, 1.0, 13.0, 2.0, 45.0, 33.0, 8.0, 50.0, 60.0, 14.0, 22.0, 35.0, 18.0, 20.0, 53.0, 21.0, 11.0, 10.0, 30.0, 11.0, 11.0, 35.0, 3.0, 1.0, 34.0, 22.0, 15.0, 4.0, 18.0, 14.0, 13.0, 35.0, 6.0, 51.0, 13.0, 4.0, 29.0, 1.0, 3.0, 25.0, 134.0, 1.0, 25.0, 9.0, 23.0, 3.0, 2.0, 7.0, 10.0, 7.0, 31.0, 108.0, 7.0, 9.0, 28.0, 66.0, 22.0, 25.0, 15.0, 3.0, 58.0, 28.0, 11.0, 15.0, 22.0, 4.0, 18.0, 46.0, 9.0, 26.0, 1.0, 18.0, 21.0, 6.0, 13.0, 23.0, 2.0, 10.0, 3.0, 3.0, 24.0, 36.0, 14.0, 22.0, 1.0, 15.0, 13.0, 11.0, 10.0, 51.0, 33.0, 14.0, 11.0, 7.0, 43.0, 1.0, 4.0, 10.0, 46.0, 65.0, 5.0, 39.0, 5.0, 16.0, 30.0, 2.0, 1.0, 57.0, 25.0, 53.0, 51.0, 49.0, 15.0, 22.0, 75.0, 2.0, 14.0, 4.0, 7.0, 10.0, 26.0, 9.0, 13.0, 3.0, 12.0, 1.0, 12.0, 5.0, 34.0, 10.0, 2.0, 18.0, 12.0, 11.0, 55.0, 8.0, 8.0, 52.0, 31.0, 43.0, 4.0, 53.0, 16.0, 3.0, 33.0, 15.0, 18.0, 10.0, 3.0, 17.0, 46.0, 6.0, 2.0, 23.0, 3.0, 43.0, 2.0, 13.0, 36.0, 4.0, 17.0, 3.0, 51.0, 9.0, 6.0, 19.0, 19.0, 18.0, 27.0, 66.0, 8.0, 50.0, 38.0, 12.0, 24.0, 9.0, 37.0, 34.0, 4.0, 8.0, 7.0, 8.0, 43.0, 14.0, 4.0, 38.0, 26.0, 28.0, 21.0, 11.0, 25.0, 3.0, 13.0, 3.0, 32.0, 9.0, 53.0, 17.0, 2.0, 8.0, 5.0, 26.0, 7.0, 48.0, 9.0, 27.0, 41.0, 25.0, 27.0, 9.0, 5.0, 13.0, 1.0, 3.0, 44.0, 8.0, 8.0, 14.0, 63.0, 35.0, 31.0, 11.0, 24.0, 11.0, 36.0, 9.0, 24.0, 1.0, 3.0, 50.0, 22.0, 20.0, 17.0, 11.0, 40.0, 46.0, 21.0, 84.0, 2.0, 12.0, 6.0, 66.0, 16.0, 21.0, 21.0, 3.0, 23.0, 16.0, 14.0, 1.0, 20.0, 25.0, 4.0, 2.0, 1.0, 21.0, 26.0, 54.0, 24.0, 4.0, 11.0, 10.0, 6.0, 32.0, 9.0, 2.0, 30.0, 8.0, 19.0, 9.0, 11.0, 11.0, 15.0, 8.0, 3.0, 14.0, 11.0, 5.0, 11.0, 5.0, 12.0, 2.0, 1.0, 25.0, 4.0, 16.0, 7.0, 9.0, 4.0, 69.0, 18.0, 25.0, 14.0, 3.0, 27.0, 12.0, 9.0, 17.0, 17.0, 13.0, 8.0, 5.0, 46.0, 10.0, 9.0, 15.0, 4.0, 4.0, 12.0, 1.0, 30.0, 1.0, 35.0, 9.0, 5.0, 72.0, 59.0, 17.0, 7.0, 11.0, 17.0, 8.0, 39.0, 6.0, 52.0, 8.0, 15.0, 26.0, 30.0, 2.0, 9.0, 4.0, 3.0, 2.0, 20.0, 27.0, 1.0, 5.0, 11.0, 65.0, 40.0, 55.0, 8.0, 8.0, 86.0, 90.0, 70.0, 2.0, 27.0, 31.0, 55.0, 11.0, 30.0, 8.0, 14.0, 17.0, 5.0, 11.0, 10.0, 4.0, 2.0, 8.0, 27.0, 56.0, 18.0, 59.0, 3.0, 10.0, 39.0, 30.0, 10.0, 59.0, 1.0, 11.0, 6.0, 6.0, 26.0, 95.0, 7.0, 27.0, 20.0, 11.0, 4.0, 34.0, 115.0, 21.0, 45.0, 8.0, 24.0, 7.0, 1.0, 7.0, 33.0, 10.0, 1.0, 18.0, 8.0, 2.0, 9.0, 7.0, 6.0, 75.0, 11.0] 

traffic times
 [16.0, 15.0, 12.0, 22.0, 12.0, 20.0, 22.0, 1.0, 8.0, 11.0, 7.0, 26.0, 7.0, 39.0, 10.0, 3.0, 1.0, 7.0, 11.0, 28.0, 6.0, 9.0, 1.0, 9.0, 21.0, 6.0, 12.0, 33.0, 16.0, 56.0, 2.0, 12.0, 12.0, 82.0, 11.0, 13.0, 23.0, 49.0, 23.0, 23.0, 13.0, 3.0, 46.0, 26.0, 22.0, 15.0, 20.0, 15.0, 4.0, 36.0, 7.0, 28.0, 2.0, 33.0, 15.0, 6.0, 24.0, 27.0, 11.0, 9.0, 13.0, 14.0, 7.0, 11.0, 16.0, 117.0, 20.0, 56.0, 15.0, 16.0, 13.0, 4.0, 18.0, 12.0, 15.0, 32.0, 3.0, 16.0, 7.0, 67.0, 14.0, 35.0, 16.0, 34.0, 9.0, 1.0, 23.0, 31.0, 13.0, 10.0, 1.0, 45.0, 38.0, 17.0, 33.0, 11.0, 3.0, 1.0, 8.0, 1.0, 10.0, 1.0, 19.0, 48.0, 11.0, 12.0, 17.0, 11.0, 20.0, 3.0, 44.0, 4.0, 5.0, 3.0, 15.0, 27.0, 1.0, 20.0, 7.0, 23.0, 29.0, 14.0, 23.0, 60.0, 22.0, 16.0, 7.0, 26.0, 8.0, 15.0, 1.0, 15.0, 38.0, 29.0, 3.0, 18.0, 11.0, 12.0, 15.0, 27.0, 11.0, 30.0, 7.0, 11.0, 13.0, 12.0, 7.0, 18.0, 12.0, 4.0, 35.0, 3.0, 13.0, 18.0, 21.0, 24.0, 3.0, 7.0, 4.0, 8.0, 8.0, 35.0, 10.0, 1.0, 49.0, 1.0, 7.0, 1.0, 18.0, 43.0, 23.0, 10.0, 1.0, 10.0, 3.0, 2.0, 18.0, 23.0, 6.0, 14.0, 34.0, 35.0, 19.0, 24.0, 5.0, 25.0, 1.0, 25.0, 14.0, 19.0, 1.0, 8.0, 8.0, 33.0, 24.0, 22.0, 1.0, 14.0, 9.0, 24.0, 12.0, 26.0, 62.0, 6.0, 16.0, 13.0, 67.0, 1.0, 15.0, 25.0, 8.0, 1.0, 15.0, 19.0, 35.0, 23.0, 16.0, 20.0, 4.0, 11.0, 33.0, 12.0, 31.0, 7.0, 12.0, 19.0, 10.0, 15.0, 61.0, 27.0, 33.0, 1.0, 18.0, 24.0, 31.0, 17.0, 11.0, 12.0, 18.0, 23.0, 12.0, 15.0, 24.0, 9.0, 10.0, 23.0, 77.0, 35.0, 21.0, 27.0, 27.0, 24.0, 1.0, 33.0, 28.0, 2.0, 13.0, 24.0, 17.0, 25.0, 17.0, 52.0, 8.0, 16.0, 14.0, 12.0, 21.0, 23.0, 28.0, 36.0, 1.0, 1.0, 8.0, 8.0, 7.0, 15.0, 21.0, 3.0, 37.0, 34.0, 8.0, 12.0, 12.0, 20.0, 6.0, 18.0, 12.0, 2.0, 9.0, 21.0, 34.0, 38.0, 19.0, 12.0, 4.0, 11.0, 14.0, 15.0, 13.0, 10.0, 44.0, 15.0, 7.0, 13.0, 32.0, 3.0, 10.0, 6.0, 1.0, 37.0, 11.0, 14.0, 50.0, 11.0, 5.0, 6.0, 16.0, 14.0, 15.0, 5.0, 1.0, 28.0, 19.0, 30.0, 5.0, 6.0, 14.0, 12.0, 17.0, 12.0, 13.0, 26.0, 5.0, 6.0, 2.0, 5.0, 11.0, 25.0, 46.0, 28.0, 18.0, 2.0, 24.0, 12.0, 21.0, 16.0, 29.0, 10.0, 16.0, 9.0, 18.0, 13.0, 5.0, 14.0, 3.0, 5.0, 23.0, 13.0, 24.0, 30.0, 46.0, 9.0, 35.0, 3.0, 11.0, 14.0, 27.0, 24.0, 13.0, 19.0, 9.0, 52.0, 24.0, 2.0, 3.0, 10.0, 30.0, 5.0, 3.0, 3.0, 25.0, 1.0, 3.0, 16.0, 15.0, 11.0, 13.0, 18.0, 32.0, 9.0, 20.0, 7.0, 3.0, 1.0, 12.0, 10.0, 17.0, 6.0, 38.0, 3.0, 24.0, 37.0, 13.0, 21.0, 1.0, 31.0, 14.0, 12.0, 13.0, 36.0, 27.0, 5.0, 10.0, 5.0, 9.0, 1.0, 1.0, 3.0, 2.0, 14.0, 38.0, 6.0, 10.0, 43.0, 14.0, 38.0, 22.0, 12.0, 6.0, 5.0, 11.0, 17.0, 28.0, 3.0, 9.0, 18.0, 29.0, 7.0, 60.0, 6.0, 15.0, 56.0, 16.0, 17.0, 11.0, 2.0, 6.0, 11.0, 3.0, 46.0, 2.0, 18.0, 6.0, 5.0, 10.0, 1.0, 31.0, 20.0, 78.0, 4.0, 17.0, 84.0, 47.0, 28.0, 51.0, 30.0, 16.0, 13.0, 37.0, 35.0, 42.0, 7.0, 17.0, 13.0, 4.0, 8.0, 34.0, 37.0, 1.0, 28.0, 21.0, 55.0, 10.0, 24.0, 4.0, 11.0, 38.0, 19.0, 5.0, 1.0, 25.0, 1.0, 7.0, 2.0, 11.0, 11.0, 14.0, 18.0, 12.0, 11.0, 19.0, 4.0, 12.0, 16.0, 15.0, 30.0, 10.0, 2.0, 51.0, 6.0, 14.0, 5.0, 1.0, 11.0, 23.0, 10.0, 6.0, 14.0, 6.0, 15.0, 10.0, 59.0, 6.0, 97.0, 14.0, 9.0, 14.0, 32.0, 42.0, 14.0, 41.0, 11.0, 19.0, 26.0, 56.0, 51.0, 3.0, 28.0, 17.0, 16.0, 30.0, 6.0, 13.0, 31.0, 9.0, 13.0, 9.0, 89.0, 28.0, 17.0, 48.0, 10.0, 42.0, 25.0, 23.0, 7.0, 4.0, 8.0, 39.0, 25.0, 88.0, 12.0, 136.0, 3.0, 12.0, 17.0, 21.0, 53.0, 91.0, 7.0, 31.0, 4.0, 3.0, 13.0, 3.0, 38.0, 16.0, 21.0, 1.0, 13.0, 40.0, 18.0, 33.0, 9.0, 7.0, 17.0, 16.0, 10.0, 42.0, 16.0, 3.0, 7.0, 7.0, 9.0, 4.0, 18.0, 7.0, 24.0, 13.0, 26.0, 17.0, 6.0, 1.0, 25.0, 20.0, 30.0, 7.0, 41.0, 13.0, 12.0, 15.0, 1.0, 39.0, 20.0, 1.0, 6.0, 60.0, 17.0, 29.0, 21.0, 32.0, 42.0, 9.0, 1.0, 25.0, 14.0, 24.0, 1.0, 14.0, 18.0, 28.0, 12.0, 32.0, 10.0, 43.0, 8.0, 1.0, 3.0, 84.0, 11.0, 1.0, 17.0, 9.0, 4.0, 15.0, 55.0, 14.0, 13.0, 51.0, 6.0, 3.0, 30.0, 28.0, 4.0, 6.0, 20.0, 22.0, 9.0, 28.0, 10.0, 4.0, 17.0, 15.0, 9.0, 17.0, 11.0, 7.0, 31.0, 8.0, 26.0, 7.0, 34.0, 5.0, 45.0, 1.0, 56.0, 23.0, 31.0, 14.0, 2.0, 5.0, 5.0, 22.0, 16.0, 18.0, 7.0, 3.0, 16.0, 34.0, 40.0, 29.0, 17.0, 80.0, 26.0, 45.0, 18.0, 14.0, 11.0, 34.0, 15.0, 3.0, 27.0, 49.0, 19.0, 7.0, 22.0, 16.0, 36.0, 7.0, 1.0, 7.0, 7.0, 1.0, 5.0, 1.0, 40.0, 34.0, 6.0, 52.0, 32.0, 6.0, 10.0, 19.0, 5.0, 2.0, 15.0, 4.0, 12.0, 14.0, 14.0, 13.0, 8.0, 48.0, 11.0, 32.0, 17.0, 6.0, 17.0, 13.0, 9.0, 4.0, 3.0, 21.0, 72.0, 3.0, 23.0, 27.0, 39.0, 11.0, 3.0, 61.0, 23.0, 49.0, 18.0, 13.0, 5.0, 5.0, 21.0, 8.0, 5.0, 21.0, 15.0, 5.0, 34.0, 7.0, 2.0, 3.0, 15.0, 32.0, 41.0, 7.0, 7.0, 49.0, 30.0, 23.0, 44.0, 5.0, 17.0, 7.0, 14.0, 21.0, 15.0, 1.0, 7.0, 18.0, 24.0, 1.0, 14.0, 3.0, 5.0, 51.0, 17.0, 15.0, 27.0, 12.0, 12.0, 13.0, 18.0, 21.0, 7.0, 7.0, 25.0, 8.0, 2.0, 5.0, 22.0, 26.0, 1.0, 6.0, 19.0, 47.0, 18.0, 16.0, 7.0, 57.0, 10.0, 23.0, 56.0, 16.0, 7.0, 3.0, 1.0, 3.0, 7.0, 64.0, 42.0, 12.0, 20.0, 16.0, 10.0, 25.0, 10.0, 21.0, 15.0, 17.0, 15.0, 20.0, 60.0, 4.0, 7.0, 36.0, 15.0, 2.0, 48.0, 52.0, 1.0, 9.0, 1.0, 20.0, 12.0, 9.0, 19.0, 74.0, 17.0, 9.0, 22.0, 14.0, 2.0, 20.0, 13.0, 10.0, 20.0, 15.0, 25.0, 1.0, 3.0, 25.0, 6.0, 59.0, 45.0, 14.0, 16.0, 2.0, 31.0, 19.0, 5.0, 22.0, 33.0, 6.0, 30.0, 48.0, 34.0, 2.0, 32.0, 40.0, 3.0, 11.0, 16.0, 12.0, 5.0, 6.0, 19.0, 17.0, 29.0, 12.0, 10.0, 22.0, 20.0, 50.0, 17.0, 13.0, 11.0, 21.0, 7.0, 11.0, 3.0, 31.0, 54.0, 9.0, 16.0, 10.0, 29.0, 27.0, 7.0, 3.0, 1.0, 35.0, 22.0, 1.0, 28.0, 44.0, 6.0, 18.0, 17.0, 20.0, 24.0, 1.0, 3.0, 4.0, 2.0, 35.0, 1.0, 17.0, 5.0, 33.0, 22.0, 11.0, 34.0, 12.0, 5.0, 23.0, 8.0, 2.0, 27.0, 73.0, 78.0, 12.0, 7.0, 1.0, 49.0, 11.0, 14.0, 16.0, 30.0, 18.0, 48.0, 32.0, 2.0, 3.0, 4.0, 48.0, 19.0, 35.0, 5.0, 18.0, 35.0, 15.0, 22.0, 30.0, 23.0, 17.0, 15.0, 37.0, 20.0, 15.0, 1.0, 21.0, 32.0, 2.0, 27.0, 17.0, 11.0, 48.0, 14.0, 29.0, 65.0, 11.0, 8.0, 16.0, 24.0, 27.0, 13.0, 43.0, 2.0, 7.0, 3.0, 25.0, 61.0, 28.0, 12.0, 36.0, 7.0, 1.0, 9.0, 16.0, 3.0, 27.0, 42.0, 6.0, 1.0, 40.0, 7.0, 52.0, 32.0, 5.0, 25.0, 1.0, 2.0, 13.0, 4.0, 3.0, 22.0, 18.0, 32.0, 20.0, 34.0, 25.0, 62.0, 7.0, 1.0, 12.0, 5.0, 18.0, 3.0, 19.0, 27.0, 32.0, 15.0, 12.0, 44.0, 32.0, 8.0, 11.0, 4.0, 8.0, 7.0, 18.0, 13.0, 48.0, 28.0, 1.0, 6.0, 58.0, 13.0, 2.0, 13.0, 2.0, 28.0, 20.0, 7.0, 13.0, 1.0, 3.0, 12.0, 2.0, 37.0, 47.0, 14.0, 11.0, 3.0, 7.0, 9.0, 42.0, 14.0, 6.0, 20.0, 16.0, 3.0, 1.0, 6.0, 13.0, 8.0, 20.0, 1.0, 32.0, 12.0, 54.0, 8.0, 6.0, 8.0, 12.0, 6.0, 13.0, 7.0, 35.0, 15.0, 4.0, 2.0, 1.0, 4.0, 10.0, 9.0, 9.0, 12.0, 12.0, 15.0, 6.0, 3.0, 27.0, 41.0, 21.0, 10.0, 33.0, 23.0, 16.0, 22.0, 18.0, 15.0, 25.0, 71.0, 5.0, 52.0, 28.0, 4.0, 1.0, 10.0, 15.0, 12.0, 5.0, 46.0, 8.0, 7.0, 35.0, 2.0, 8.0, 30.0, 23.0, 9.0, 3.0, 3.0, 3.0, 22.0, 9.0, 7.0, 30.0, 43.0, 16.0, 3.0, 13.0, 9.0, 4.0, 9.0, 51.0, 12.0, 24.0, 4.0, 6.0, 9.0, 50.0, 15.0, 26.0, 6.0, 8.0, 8.0, 1.0, 11.0, 42.0, 8.0, 6.0, 27.0, 15.0, 13.0, 6.0, 31.0, 24.0, 19.0, 10.0, 93.0, 27.0, 13.0, 54.0, 3.0, 26.0, 23.0, 25.0, 6.0, 31.0, 1.0, 21.0, 6.0, 39.0, 26.0, 15.0, 14.0, 33.0, 14.0, 25.0, 3.0, 20.0, 62.0, 7.0, 2.0, 9.0, 3.0, 8.0, 23.0, 25.0, 19.0, 12.0, 12.0, 17.0, 7.0, 31.0, 15.0, 10.0, 42.0, 15.0, 15.0, 46.0, 4.0, 24.0, 39.0, 8.0, 51.0, 5.0, 1.0, 25.0, 14.0, 3.0, 5.0, 37.0, 9.0, 40.0, 1.0, 11.0, 13.0, 9.0, 7.0, 16.0, 1.0, 9.0, 2.0, 1.0, 14.0, 17.0, 25.0, 16.0, 4.0, 12.0, 24.0, 2.0, 28.0, 13.0, 18.0, 4.0, 1.0, 2.0, 60.0, 16.0, 14.0, 25.0, 24.0, 1.0, 11.0, 15.0, 16.0, 1.0, 45.0, 6.0, 28.0, 20.0, 9.0, 32.0, 7.0, 19.0, 11.0, 35.0, 35.0, 7.0, 9.0, 38.0, 6.0, 6.0, 32.0, 44.0, 46.0, 31.0, 1.0, 24.0, 11.0, 22.0, 21.0, 22.0, 32.0, 17.0, 4.0, 6.0, 13.0, 16.0, 4.0, 3.0, 44.0, 19.0, 5.0, 33.0, 15.0, 6.0, 19.0, 28.0, 17.0, 17.0, 8.0, 54.0, 8.0, 5.0, 39.0, 31.0, 10.0, 6.0, 13.0, 20.0, 4.0, 25.0, 8.0, 8.0, 16.0, 36.0, 12.0, 35.0, 65.0, 33.0, 11.0, 20.0, 11.0, 11.0, 14.0, 7.0, 3.0, 7.0, 29.0, 1.0, 30.0, 18.0, 22.0, 49.0, 7.0, 41.0, 11.0, 8.0, 6.0, 26.0, 4.0, 1.0, 14.0, 26.0, 22.0, 7.0, 6.0, 54.0, 67.0, 11.0, 5.0, 14.0, 23.0, 16.0, 15.0, 8.0, 8.0, 26.0, 23.0, 5.0, 19.0, 7.0, 3.0, 54.0, 12.0, 8.0, 16.0, 32.0, 28.0, 3.0, 9.0, 11.0, 12.0, 23.0, 24.0, 11.0, 101.0, 1.0, 22.0, 20.0, 1.0, 38.0, 32.0, 27.0, 7.0, 26.0, 17.0, 3.0, 34.0, 3.0, 11.0, 19.0, 33.0, 2.0, 6.0, 15.0, 7.0, 13.0, 52.0, 16.0, 37.0, 14.0, 49.0, 4.0, 24.0, 18.0, 5.0, 11.0, 7.0, 16.0, 6.0, 12.0, 10.0, 58.0, 13.0, 16.0, 12.0, 64.0, 23.0, 2.0, 17.0, 13.0, 18.0, 8.0, 7.0, 21.0, 11.0, 1.0, 11.0, 23.0, 14.0, 69.0, 15.0, 19.0, 78.0, 27.0, 30.0, 55.0, 2.0, 21.0, 35.0, 7.0, 5.0, 45.0, 1.0, 22.0, 7.0, 29.0, 36.0, 66.0, 24.0, 40.0, 15.0, 65.0, 7.0, 3.0, 5.0, 24.0, 7.0, 19.0, 21.0, 8.0, 45.0, 6.0, 39.0, 13.0, 38.0, 7.0, 11.0, 73.0, 13.0, 7.0, 1.0, 3.0, 14.0, 8.0, 10.0, 1.0, 13.0, 88.0, 1.0, 16.0, 45.0, 6.0, 18.0, 33.0, 21.0, 10.0, 10.0, 14.0, 18.0, 8.0, 16.0, 2.0, 29.0, 23.0, 14.0, 76.0, 33.0, 85.0, 1.0, 8.0, 31.0, 32.0, 4.0, 3.0, 12.0, 11.0, 7.0, 2.0, 43.0, 16.0, 25.0, 13.0, 29.0, 33.0, 1.0, 1.0, 11.0, 11.0, 10.0, 3.0, 14.0, 17.0, 22.0, 2.0, 1.0, 6.0, 13.0, 44.0, 35.0, 7.0, 13.0, 37.0, 4.0, 32.0, 2.0, 20.0, 9.0, 2.0, 3.0, 9.0, 26.0, 3.0, 8.0, 36.0, 1.0, 1.0, 14.0, 22.0, 22.0, 24.0, 10.0, 30.0, 12.0, 13.0, 2.0, 32.0, 46.0, 8.0, 13.0, 61.0, 23.0, 1.0, 11.0, 1.0, 14.0, 8.0, 7.0, 7.0, 28.0, 5.0, 14.0, 16.0, 39.0, 20.0, 13.0, 15.0, 44.0, 13.0, 11.0, 6.0, 12.0, 5.0] 

total times
 [16.0, 15.0, 43.0, 10.0, 13.0, 27.0, 12.0, 7.0, 22.0, 12.0, 20.0, 22.0, 1.0, 32.0, 4.0, 44.0, 8.0, 11.0, 7.0, 1.0, 24.0, 6.0, 26.0, 9.0, 4.0, 31.0, 5.0, 8.0, 11.0, 7.0, 39.0, 10.0, 7.0, 34.0, 5.0, 10.0, 1.0, 7.0, 20.0, 12.0, 61.0, 13.0, 22.0, 7.0, 9.0, 11.0, 28.0, 6.0, 1.0, 15.0, 1.0, 17.0, 64.0, 40.0, 11.0, 103.0, 28.0, 9.0, 1.0, 23.0, 25.0, 9.0, 22.0, 3.0, 4.0, 20.0, 34.0, 8.0, 10.0, 4.0, 23.0, 12.0, 33.0, 4.0, 9.0, 28.0, 14.0, 6.0, 43.0, 16.0, 56.0, 3.0, 8.0, 36.0, 80.0, 2.0, 61.0, 9.0, 12.0, 82.0, 29.0, 11.0, 13.0, 11.0, 24.0, 23.0, 49.0, 31.0, 46.0, 34.0, 12.0, 20.0, 9.0, 10.0, 28.0, 4.0, 13.0, 7.0, 46.0, 4.0, 26.0, 36.0, 9.0, 22.0, 15.0, 74.0, 4.0, 5.0, 15.0, 10.0, 4.0, 36.0, 47.0, 7.0, 12.0, 28.0, 15.0, 2.0, 1.0, 17.0, 33.0, 15.0, 39.0, 6.0, 10.0, 24.0, 27.0, 1.0, 1.0, 31.0, 5.0, 11.0, 3.0, 9.0, 3.0, 76.0, 14.0, 13.0, 19.0, 3.0, 20.0, 3.0, 9.0, 92.0, 10.0, 4.0, 14.0, 26.0, 7.0, 10.0, 18.0, 7.0, 11.0, 16.0, 12.0, 117.0, 11.0, 38.0, 20.0, 56.0, 15.0, 24.0, 26.0, 16.0, 13.0, 1.0, 38.0, 11.0, 4.0, 18.0, 24.0, 12.0, 3.0, 14.0, 15.0, 42.0, 36.0, 43.0, 7.0, 8.0, 33.0, 16.0, 7.0, 13.0, 59.0, 4.0, 12.0, 2.0, 7.0, 67.0, 14.0, 14.0, 35.0, 77.0, 3.0, 16.0, 34.0, 21.0, 9.0, 1.0, 31.0, 26.0, 23.0, 5.0, 23.0, 5.0, 1.0, 25.0, 31.0, 13.0, 64.0, 10.0, 1.0, 21.0, 2.0, 33.0, 1.0, 53.0, 2.0, 24.0, 18.0, 45.0, 38.0, 4.0, 51.0, 10.0, 17.0, 42.0, 29.0, 16.0, 11.0, 33.0, 11.0, 22.0, 12.0, 36.0, 16.0, 3.0, 21.0, 34.0, 1.0, 11.0, 23.0, 1.0, 10.0, 14.0, 35.0, 20.0, 3.0, 1.0, 1.0, 4.0, 1.0, 8.0, 19.0, 10.0, 48.0, 6.0, 46.0, 5.0, 2.0, 11.0, 7.0, 26.0, 22.0, 12.0, 17.0, 11.0, 20.0, 17.0, 9.0, 5.0, 42.0, 1.0, 6.0, 6.0, 17.0, 30.0, 5.0, 44.0, 6.0, 9.0, 3.0, 40.0, 22.0, 4.0, 10.0, 2.0, 8.0, 3.0, 19.0, 20.0, 13.0, 20.0, 27.0, 1.0, 20.0, 40.0, 7.0, 6.0, 16.0, 43.0, 31.0, 29.0, 14.0, 26.0, 3.0, 60.0, 78.0, 16.0, 7.0, 7.0, 1.0, 26.0, 52.0, 11.0, 22.0, 1.0, 61.0, 41.0, 12.0, 33.0, 8.0, 15.0, 14.0, 23.0, 14.0, 1.0, 28.0, 13.0, 4.0, 6.0, 13.0, 14.0, 38.0, 7.0, 29.0, 44.0, 3.0, 18.0, 28.0, 6.0, 9.0, 11.0, 22.0, 11.0, 13.0, 11.0, 12.0, 15.0, 20.0, 11.0, 27.0, 29.0, 7.0, 53.0, 16.0, 35.0, 30.0, 2.0, 27.0, 16.0, 1.0, 11.0, 42.0, 35.0, 6.0, 15.0, 24.0, 8.0, 12.0, 1.0, 16.0, 11.0, 11.0, 17.0, 12.0, 15.0, 18.0, 12.0, 4.0, 23.0, 3.0, 21.0, 12.0, 35.0, 27.0, 14.0, 13.0, 18.0, 17.0, 5.0, 21.0, 18.0, 24.0, 1.0, 3.0, 21.0, 7.0, 42.0, 56.0, 45.0, 4.0, 8.0, 12.0, 8.0, 35.0, 17.0, 49.0, 10.0, 1.0, 65.0, 1.0, 1.0, 58.0, 10.0, 7.0, 14.0, 14.0, 43.0, 3.0, 59.0, 13.0, 45.0, 51.0, 1.0, 18.0, 43.0, 17.0, 9.0, 9.0, 6.0, 26.0, 2.0, 2.0, 23.0, 30.0, 22.0, 5.0, 16.0, 23.0, 9.0, 10.0, 5.0, 1.0, 3.0, 13.0, 30.0, 39.0, 4.0, 4.0, 21.0, 1.0, 28.0, 3.0, 2.0, 22.0, 6.0, 23.0, 6.0, 14.0, 18.0, 34.0, 37.0, 19.0, 3.0, 24.0, 5.0, 191.0, 32.0, 59.0, 15.0, 33.0, 54.0, 13.0, 25.0, 20.0, 21.0, 6.0, 14.0, 38.0, 19.0, 1.0, 8.0, 68.0, 49.0, 8.0, 33.0, 24.0, 10.0, 36.0, 9.0, 6.0, 22.0, 26.0, 1.0, 24.0, 8.0, 14.0, 11.0, 55.0, 49.0, 24.0, 47.0, 12.0, 1.0, 9.0, 13.0, 26.0, 8.0, 22.0, 42.0, 62.0, 6.0, 13.0, 16.0, 1.0, 28.0, 13.0, 67.0, 25.0, 4.0, 11.0, 21.0, 1.0, 6.0, 74.0, 29.0, 4.0, 15.0, 7.0, 25.0, 8.0, 1.0, 15.0, 19.0, 43.0, 29.0, 35.0, 23.0, 5.0, 4.0, 16.0, 20.0, 10.0, 25.0, 51.0, 17.0, 4.0, 54.0, 15.0, 33.0, 15.0, 10.0, 11.0, 12.0, 27.0, 39.0, 9.0, 3.0, 7.0, 12.0, 19.0, 10.0, 13.0, 15.0, 14.0, 61.0, 44.0, 15.0, 27.0, 33.0, 6.0, 1.0, 23.0, 7.0, 19.0, 18.0, 55.0, 9.0, 26.0, 31.0, 17.0, 11.0, 14.0, 18.0, 23.0, 21.0, 8.0, 7.0, 12.0, 15.0, 24.0, 9.0, 10.0, 1.0, 7.0, 11.0, 21.0, 24.0, 23.0, 25.0, 28.0, 147.0, 49.0, 35.0, 33.0, 4.0, 21.0, 27.0, 27.0, 24.0, 1.0, 95.0, 13.0, 11.0, 40.0, 33.0, 13.0, 28.0, 50.0, 25.0, 8.0, 32.0, 2.0, 13.0, 24.0, 83.0, 17.0, 26.0, 10.0, 12.0, 11.0, 29.0, 19.0, 12.0, 42.0, 16.0, 52.0, 20.0, 8.0, 34.0, 9.0, 14.0, 14.0, 4.0, 1.0, 11.0, 29.0, 12.0, 14.0, 10.0, 24.0, 31.0, 18.0, 2.0, 8.0, 21.0, 38.0, 15.0, 23.0, 27.0, 19.0, 11.0, 21.0, 67.0, 28.0, 16.0, 36.0, 36.0, 14.0, 1.0, 19.0, 1.0, 2.0, 13.0, 11.0, 8.0, 7.0, 15.0, 21.0, 22.0, 37.0, 34.0, 28.0, 18.0, 8.0, 5.0, 12.0, 12.0, 8.0, 45.0, 9.0, 1.0, 15.0, 11.0, 30.0, 12.0, 20.0, 36.0, 41.0, 22.0, 12.0, 10.0, 43.0, 3.0, 16.0, 4.0, 30.0, 4.0, 2.0, 16.0, 5.0, 6.0, 8.0, 20.0, 23.0, 21.0, 34.0, 6.0, 38.0, 38.0, 12.0, 4.0, 32.0, 50.0, 8.0, 5.0, 9.0, 14.0, 15.0, 16.0, 10.0, 44.0, 15.0, 8.0, 7.0, 7.0, 33.0, 14.0, 31.0, 24.0, 37.0, 6.0, 6.0, 13.0, 52.0, 17.0, 27.0, 3.0, 22.0, 4.0, 13.0, 3.0, 17.0, 13.0, 13.0, 10.0, 26.0, 10.0, 8.0, 8.0, 2.0, 5.0, 12.0, 15.0, 37.0, 11.0, 36.0, 6.0, 7.0, 3.0, 10.0, 14.0, 3.0, 19.0, 52.0, 11.0, 29.0, 5.0, 31.0, 36.0, 2.0, 7.0, 16.0, 14.0, 14.0, 15.0, 24.0, 20.0, 33.0, 5.0, 1.0, 38.0, 36.0, 32.0, 22.0, 14.0, 32.0, 14.0, 30.0, 5.0, 1.0, 6.0, 6.0, 42.0, 14.0, 10.0, 12.0, 85.0, 44.0, 9.0, 17.0, 8.0, 5.0, 12.0, 13.0, 10.0, 29.0, 67.0, 26.0, 56.0, 5.0, 6.0, 7.0, 2.0, 2.0, 5.0, 11.0, 25.0, 10.0, 45.0, 18.0, 46.0, 31.0, 14.0, 18.0, 2.0, 5.0, 33.0, 26.0, 22.0, 15.0, 22.0, 1.0, 13.0, 25.0, 16.0, 17.0, 11.0, 30.0, 9.0, 4.0, 16.0, 29.0, 10.0, 2.0, 87.0, 15.0, 90.0, 51.0, 13.0, 16.0, 9.0, 18.0, 13.0, 7.0, 14.0, 47.0, 8.0, 16.0, 9.0, 15.0, 10.0, 23.0, 17.0, 6.0, 11.0, 14.0, 25.0, 9.0, 49.0, 12.0, 38.0, 23.0, 13.0, 37.0, 30.0, 46.0, 9.0, 65.0, 11.0, 16.0, 1.0, 11.0, 14.0, 27.0, 24.0, 10.0, 1.0, 17.0, 19.0, 11.0, 9.0, 37.0, 10.0, 10.0, 52.0, 22.0, 70.0, 24.0, 11.0, 11.0, 4.0, 5.0, 9.0, 11.0, 10.0, 30.0, 25.0, 8.0, 7.0, 18.0, 19.0, 31.0, 10.0, 4.0, 20.0, 4.0, 13.0, 48.0, 3.0, 13.0, 30.0, 28.0, 1.0, 23.0, 16.0, 65.0, 9.0, 37.0, 3.0, 30.0, 1.0, 8.0, 16.0, 34.0, 33.0, 11.0, 21.0, 1.0, 13.0, 18.0, 10.0, 5.0, 6.0, 3.0, 58.0, 16.0, 32.0, 9.0, 9.0, 20.0, 10.0, 3.0, 1.0, 12.0, 10.0, 8.0, 17.0, 6.0, 38.0, 3.0, 2.0, 26.0, 61.0, 37.0, 8.0, 29.0, 19.0, 8.0, 7.0, 13.0, 8.0, 8.0, 1.0, 21.0, 16.0, 15.0, 1.0, 31.0, 33.0, 12.0, 7.0, 5.0, 15.0, 44.0, 3.0, 3.0, 18.0, 13.0, 23.0, 36.0, 27.0, 24.0, 8.0, 10.0, 5.0, 42.0, 9.0, 1.0, 1.0, 10.0, 3.0, 3.0, 1.0, 76.0, 17.0, 34.0, 25.0, 9.0, 49.0, 1.0, 1.0, 2.0, 31.0, 24.0, 36.0, 22.0, 29.0, 11.0, 36.0, 40.0, 6.0, 4.0, 14.0, 38.0, 16.0, 6.0, 4.0, 12.0, 5.0, 22.0, 43.0, 14.0, 21.0, 14.0, 8.0, 38.0, 7.0, 22.0, 12.0, 29.0, 11.0, 1.0, 6.0, 8.0, 17.0, 20.0, 11.0, 2.0, 16.0, 1.0, 2.0, 8.0, 12.0, 34.0, 17.0, 7.0, 28.0, 11.0, 9.0, 17.0, 18.0, 29.0, 12.0, 7.0, 12.0, 40.0, 22.0, 1.0, 60.0, 15.0, 6.0, 18.0, 54.0, 56.0, 14.0, 16.0, 17.0, 11.0, 34.0, 25.0, 13.0, 21.0, 6.0, 27.0, 5.0, 11.0, 3.0, 56.0, 13.0, 30.0, 3.0, 46.0, 60.0, 7.0, 33.0, 24.0, 9.0, 17.0, 8.0, 20.0, 6.0, 5.0, 10.0, 2.0, 1.0, 9.0, 31.0, 20.0, 78.0, 4.0, 4.0, 23.0, 34.0, 4.0, 17.0, 84.0, 47.0, 5.0, 13.0, 35.0, 1.0, 51.0, 25.0, 2.0, 39.0, 34.0, 16.0, 14.0, 13.0, 1.0, 37.0, 8.0, 4.0, 35.0, 17.0, 31.0, 19.0, 42.0, 4.0, 7.0, 17.0, 13.0, 4.0, 7.0, 25.0, 34.0, 9.0, 14.0, 6.0, 13.0, 37.0, 1.0, 30.0, 21.0, 36.0, 28.0, 44.0, 55.0, 10.0, 27.0, 2.0, 19.0, 24.0, 4.0, 7.0, 16.0, 22.0, 11.0, 4.0, 51.0, 10.0, 1.0, 38.0, 19.0, 49.0, 8.0, 10.0, 41.0, 5.0, 5.0, 15.0, 12.0, 11.0, 3.0, 11.0, 33.0, 25.0, 80.0, 60.0, 21.0, 4.0, 3.0, 24.0, 7.0, 5.0, 11.0, 10.0, 54.0, 11.0, 28.0, 17.0, 20.0, 14.0, 2.0, 18.0, 12.0, 16.0, 30.0, 19.0, 38.0, 25.0, 12.0, 18.0, 6.0, 26.0, 41.0, 52.0, 21.0, 15.0, 4.0, 103.0, 10.0, 2.0, 52.0, 10.0, 9.0, 8.0, 3.0, 31.0, 67.0, 29.0, 14.0, 14.0, 76.0, 1.0, 15.0, 6.0, 1.0, 1.0, 11.0, 14.0, 27.0, 28.0, 1.0, 10.0, 4.0, 10.0, 35.0, 11.0, 6.0, 13.0, 7.0, 9.0, 14.0, 6.0, 10.0, 28.0, 18.0, 10.0, 13.0, 41.0, 40.0, 62.0, 6.0, 3.0, 97.0, 20.0, 1.0, 17.0, 14.0, 9.0, 24.0, 15.0, 11.0, 26.0, 4.0, 32.0, 42.0, 3.0, 14.0, 41.0, 7.0, 6.0, 4.0, 13.0, 67.0, 20.0, 26.0, 23.0, 56.0, 2.0, 51.0, 19.0, 8.0, 62.0, 4.0, 2.0, 3.0, 1.0, 29.0, 28.0, 10.0, 21.0, 3.0, 10.0, 20.0, 19.0, 26.0, 30.0, 23.0, 6.0, 54.0, 11.0, 24.0, 3.0, 5.0, 13.0, 31.0, 9.0, 13.0, 12.0, 89.0, 30.0, 10.0, 28.0, 15.0, 1.0, 21.0, 24.0, 53.0, 10.0, 4.0, 85.0, 25.0, 23.0, 11.0, 4.0, 8.0, 53.0, 4.0, 42.0, 9.0, 11.0, 10.0, 25.0, 25.0, 118.0, 23.0, 12.0, 8.0, 140.0, 3.0, 12.0, 17.0, 40.0, 1.0, 8.0, 67.0, 37.0, 9.0, 2.0, 53.0, 2.0, 49.0, 91.0, 13.0, 9.0, 10.0, 3.0, 24.0, 23.0, 1.0, 31.0, 4.0, 17.0, 11.0, 13.0, 3.0, 38.0, 16.0, 11.0, 32.0, 21.0, 4.0, 6.0, 8.0, 14.0, 20.0, 13.0, 17.0, 40.0, 18.0, 50.0, 9.0, 9.0, 7.0, 11.0, 17.0, 16.0, 2.0, 47.0, 16.0, 4.0, 43.0, 16.0, 26.0, 3.0, 58.0, 2.0, 1.0, 7.0, 10.0, 9.0, 14.0, 11.0, 13.0, 11.0, 4.0, 31.0, 18.0, 16.0, 10.0, 18.0, 24.0, 7.0, 13.0, 26.0, 17.0, 10.0, 44.0, 6.0, 1.0, 6.0, 25.0, 42.0, 20.0, 30.0, 7.0, 17.0, 32.0, 26.0, 68.0, 17.0, 13.0, 65.0, 104.0, 5.0, 6.0, 37.0, 34.0, 12.0, 15.0, 5.0, 41.0, 26.0, 20.0, 1.0, 5.0, 48.0, 12.0, 10.0, 7.0, 17.0, 72.0, 9.0, 49.0, 11.0, 91.0, 31.0, 1.0, 17.0, 3.0, 118.0, 21.0, 40.0, 42.0, 47.0, 96.0, 9.0, 1.0, 5.0, 25.0, 19.0, 11.0, 8.0, 17.0, 11.0, 28.0, 25.0, 56.0, 24.0, 15.0, 49.0, 19.0, 9.0, 39.0, 14.0, 1.0, 4.0, 36.0, 38.0, 33.0, 4.0, 9.0, 18.0, 33.0, 43.0, 12.0, 32.0, 36.0, 10.0, 43.0, 129.0, 7.0, 12.0, 19.0, 15.0, 20.0, 44.0, 32.0, 1.0, 8.0, 91.0, 11.0, 1.0, 17.0, 11.0, 2.0, 20.0, 15.0, 8.0, 130.0, 64.0, 14.0, 13.0, 51.0, 50.0, 6.0, 48.0, 2.0, 3.0, 30.0, 30.0, 64.0, 4.0, 8.0, 12.0, 6.0, 8.0, 8.0, 20.0, 30.0, 27.0, 9.0, 10.0, 16.0, 28.0, 10.0, 23.0, 4.0, 9.0, 43.0, 17.0, 28.0, 4.0, 44.0, 56.0, 11.0, 2.0, 20.0, 28.0, 15.0, 9.0, 17.0, 11.0, 34.0, 12.0, 7.0, 8.0, 41.0, 9.0, 8.0, 31.0, 3.0, 7.0, 7.0, 34.0, 62.0, 21.0, 51.0, 45.0, 32.0, 5.0, 1.0, 9.0, 10.0, 15.0, 1.0, 9.0, 16.0, 9.0, 13.0, 7.0, 51.0, 63.0, 23.0, 31.0, 25.0, 23.0, 2.0, 5.0, 5.0, 9.0, 50.0, 3.0, 11.0, 14.0, 8.0, 8.0, 16.0, 18.0, 7.0, 8.0, 14.0, 40.0, 3.0, 12.0, 29.0, 24.0, 10.0, 1.0, 11.0, 21.0, 16.0, 34.0, 40.0, 18.0, 50.0, 18.0, 10.0, 29.0, 17.0, 80.0, 26.0, 17.0, 45.0, 22.0, 25.0, 14.0, 5.0, 32.0, 16.0, 15.0, 5.0, 12.0, 11.0, 13.0, 28.0, 18.0, 7.0, 6.0, 28.0, 34.0, 76.0, 9.0, 33.0, 18.0, 37.0, 66.0, 27.0, 49.0, 19.0, 7.0, 20.0, 15.0, 29.0, 19.0, 9.0, 16.0, 6.0, 9.0, 78.0, 7.0, 1.0, 47.0, 24.0, 30.0, 2.0, 38.0, 4.0, 25.0, 24.0, 7.0, 35.0, 11.0, 20.0, 1.0, 5.0, 58.0, 1.0, 34.0, 1.0, 9.0, 40.0, 15.0, 11.0, 8.0, 17.0, 7.0, 34.0, 9.0, 14.0, 14.0, 36.0, 12.0, 14.0, 14.0, 52.0, 7.0, 42.0, 12.0, 26.0, 32.0, 24.0, 10.0, 6.0, 21.0, 11.0, 14.0, 10.0, 13.0, 3.0, 10.0, 165.0, 27.0, 5.0, 22.0, 4.0, 7.0, 2.0, 8.0, 8.0, 6.0, 15.0, 5.0, 4.0, 19.0, 14.0, 14.0, 23.0, 17.0, 3.0, 8.0, 13.0, 45.0, 8.0, 56.0, 11.0, 76.0, 17.0, 3.0, 25.0, 6.0, 25.0, 19.0, 13.0, 16.0, 8.0, 28.0, 19.0, 7.0, 19.0, 3.0, 22.0, 25.0, 21.0, 72.0, 16.0, 3.0, 23.0, 27.0, 39.0, 11.0, 14.0, 16.0, 12.0, 11.0, 8.0, 5.0, 61.0, 23.0, 26.0, 40.0, 6.0, 16.0, 61.0, 49.0, 4.0, 18.0, 1.0, 13.0, 15.0, 3.0, 18.0, 6.0, 32.0, 2.0, 5.0, 21.0, 11.0, 15.0, 24.0, 6.0, 1.0, 16.0, 11.0, 10.0, 1.0, 27.0, 9.0, 12.0, 13.0, 49.0, 5.0, 36.0, 21.0, 6.0, 15.0, 7.0, 3.0, 28.0, 1.0, 9.0, 3.0, 20.0, 37.0, 7.0, 6.0, 29.0, 13.0, 34.0, 7.0, 24.0, 18.0, 7.0, 15.0, 2.0, 19.0, 20.0, 13.0, 6.0, 3.0, 2.0, 15.0, 32.0, 31.0, 10.0, 18.0, 41.0, 26.0, 7.0, 12.0, 9.0, 24.0, 13.0, 9.0, 13.0, 91.0, 28.0, 49.0, 30.0, 56.0, 72.0, 23.0, 26.0, 44.0, 7.0, 5.0, 17.0, 7.0, 14.0, 14.0, 21.0, 6.0, 21.0, 26.0, 28.0, 15.0, 1.0, 16.0, 3.0, 24.0, 22.0, 18.0, 24.0, 13.0, 19.0, 1.0, 14.0, 25.0, 8.0, 91.0, 24.0, 4.0, 3.0, 5.0, 20.0, 28.0, 19.0, 51.0, 17.0, 15.0, 19.0, 32.0, 67.0, 52.0, 12.0, 2.0, 23.0, 12.0, 7.0, 13.0, 18.0, 6.0, 17.0, 8.0, 11.0, 14.0, 21.0, 19.0, 7.0, 21.0, 7.0, 2.0, 2.0, 34.0, 29.0, 46.0, 25.0, 3.0, 29.0, 32.0, 3.0, 37.0, 26.0, 38.0, 10.0, 3.0, 8.0, 2.0, 5.0, 27.0, 22.0, 133.0, 21.0, 46.0, 23.0, 1.0, 7.0, 6.0, 9.0, 22.0, 3.0, 47.0, 9.0, 34.0, 16.0, 7.0, 57.0, 28.0, 10.0, 25.0, 59.0, 16.0, 3.0, 15.0, 12.0, 9.0, 4.0, 10.0, 1.0, 5.0, 7.0, 8.0, 3.0, 40.0, 7.0, 5.0, 46.0, 23.0, 34.0, 64.0, 17.0, 42.0, 19.0, 35.0, 12.0, 7.0, 20.0, 16.0, 13.0, 13.0, 25.0, 10.0, 21.0, 30.0, 15.0, 2.0, 18.0, 19.0, 3.0, 20.0, 25.0, 15.0, 20.0, 23.0, 100.0, 7.0, 20.0, 108.0, 13.0, 4.0, 3.0, 12.0, 7.0, 36.0, 34.0, 15.0, 16.0, 7.0, 1.0, 9.0, 30.0, 48.0, 87.0, 9.0, 25.0, 52.0, 1.0, 18.0, 9.0, 1.0, 33.0, 44.0, 10.0, 1.0, 4.0, 20.0, 8.0, 12.0, 6.0, 12.0, 30.0, 19.0, 74.0, 17.0, 13.0, 22.0, 10.0, 14.0, 6.0, 64.0, 31.0, 20.0, 11.0, 67.0, 10.0, 20.0, 17.0, 6.0, 42.0, 13.0, 46.0, 27.0, 25.0, 25.0, 2.0, 1.0, 33.0, 7.0, 25.0, 15.0, 11.0, 6.0, 16.0, 27.0, 9.0, 59.0, 45.0, 5.0, 22.0, 60.0, 65.0, 5.0, 10.0, 15.0, 29.0, 32.0, 6.0, 33.0, 28.0, 5.0, 16.0, 6.0, 31.0, 41.0, 13.0, 33.0, 25.0, 11.0, 37.0, 5.0, 14.0, 10.0, 1.0, 27.0, 59.0, 14.0, 4.0, 26.0, 79.0, 15.0, 37.0, 22.0, 21.0, 43.0, 6.0, 30.0, 39.0, 48.0, 1.0, 33.0, 56.0, 6.0, 9.0, 50.0, 2.0, 26.0, 8.0, 6.0, 54.0, 9.0, 40.0, 7.0, 9.0, 6.0, 38.0, 1.0, 30.0, 8.0, 1.0, 11.0, 18.0, 12.0, 10.0, 5.0, 39.0, 4.0, 6.0, 22.0, 19.0, 2.0, 19.0, 8.0, 24.0, 30.0, 3.0, 17.0, 29.0, 12.0, 20.0, 4.0, 34.0, 10.0, 26.0, 32.0, 12.0, 13.0, 16.0, 2.0, 3.0, 30.0, 16.0, 9.0, 22.0, 3.0, 28.0, 7.0, 12.0, 20.0, 50.0, 17.0, 17.0, 65.0, 10.0, 58.0, 5.0, 11.0, 21.0, 7.0, 7.0, 11.0, 1.0, 66.0, 11.0, 31.0, 54.0, 14.0, 27.0, 8.0, 9.0, 26.0, 61.0, 16.0, 90.0, 22.0, 6.0, 15.0, 10.0, 29.0, 50.0, 3.0, 3.0, 27.0, 72.0, 36.0, 7.0, 55.0, 3.0, 1.0, 22.0, 10.0, 11.0, 1.0, 23.0, 35.0, 22.0, 1.0, 31.0, 69.0, 28.0, 20.0, 13.0, 12.0, 21.0, 44.0, 2.0, 4.0, 16.0, 13.0, 12.0, 11.0, 15.0, 5.0, 18.0, 17.0, 42.0, 39.0, 4.0, 20.0, 35.0, 4.0, 10.0, 1.0, 16.0, 8.0, 4.0, 6.0, 22.0, 55.0, 2.0, 35.0, 4.0, 5.0, 16.0, 1.0, 72.0, 11.0, 6.0, 3.0, 10.0, 20.0, 12.0, 17.0, 8.0, 41.0, 8.0, 5.0, 10.0, 33.0, 22.0, 18.0, 11.0, 9.0, 11.0, 23.0, 35.0, 34.0, 35.0, 12.0, 33.0, 12.0, 25.0, 5.0, 50.0, 9.0, 23.0, 23.0, 8.0, 11.0, 2.0, 27.0, 6.0, 73.0, 1.0, 8.0, 124.0, 12.0, 7.0, 1.0, 49.0, 62.0, 11.0, 13.0, 1.0, 18.0, 16.0, 21.0, 18.0, 30.0, 18.0, 48.0, 6.0, 35.0, 3.0, 31.0, 32.0, 2.0, 34.0, 23.0, 4.0, 12.0, 54.0, 3.0, 9.0, 9.0, 19.0, 11.0, 55.0, 10.0, 8.0, 17.0, 11.0, 12.0, 61.0, 48.0, 19.0, 35.0, 65.0, 61.0, 68.0, 43.0, 5.0, 22.0, 35.0, 15.0, 8.0, 28.0, 22.0, 13.0, 30.0, 5.0, 49.0, 21.0, 6.0, 22.0, 31.0, 23.0, 5.0, 29.0, 22.0, 17.0, 12.0, 15.0, 15.0, 12.0, 4.0, 13.0, 37.0, 14.0, 1.0, 7.0, 20.0, 15.0, 1.0, 21.0, 32.0, 29.0, 2.0, 4.0, 27.0, 17.0, 11.0, 48.0, 39.0, 21.0, 5.0, 14.0, 29.0, 65.0, 11.0, 8.0, 1.0, 61.0, 16.0, 1.0, 6.0, 11.0, 56.0, 16.0, 27.0, 9.0, 87.0, 4.0, 13.0, 43.0, 2.0, 7.0, 11.0, 10.0, 3.0, 28.0, 61.0, 4.0, 10.0, 28.0, 9.0, 15.0, 36.0, 18.0, 11.0, 113.0, 1.0, 10.0, 9.0, 23.0, 42.0, 20.0, 42.0, 3.0, 11.0, 3.0, 27.0, 5.0, 1.0, 42.0, 6.0, 68.0, 47.0, 1.0, 15.0, 45.0, 11.0, 3.0, 20.0, 11.0, 20.0, 9.0, 40.0, 33.0, 13.0, 18.0, 14.0, 7.0, 52.0, 29.0, 32.0, 5.0, 13.0, 25.0, 24.0, 3.0, 4.0, 8.0, 14.0, 4.0, 3.0, 40.0, 1.0, 2.0, 33.0, 10.0, 13.0, 29.0, 4.0, 3.0, 6.0, 3.0, 24.0, 21.0, 7.0, 14.0, 19.0, 32.0, 30.0, 10.0, 4.0, 34.0, 91.0, 18.0, 25.0, 62.0, 41.0, 16.0, 7.0, 1.0, 12.0, 5.0, 52.0, 18.0, 59.0, 19.0, 35.0, 27.0, 16.0, 50.0, 7.0, 39.0, 17.0, 32.0, 3.0, 5.0, 69.0, 8.0, 8.0, 21.0, 15.0, 10.0, 12.0, 23.0, 7.0, 16.0, 16.0, 38.0, 44.0, 32.0, 8.0, 9.0, 4.0, 3.0, 3.0, 18.0, 11.0, 4.0, 23.0, 8.0, 12.0, 7.0, 28.0, 34.0, 10.0, 9.0, 16.0, 33.0, 2.0, 48.0, 28.0, 49.0, 14.0, 1.0, 6.0, 61.0, 13.0, 30.0, 13.0, 5.0, 41.0, 5.0, 7.0, 22.0, 33.0, 37.0, 16.0, 20.0, 15.0, 36.0, 35.0, 37.0, 16.0, 7.0, 20.0, 20.0, 64.0, 8.0, 26.0, 43.0, 12.0, 54.0, 37.0, 7.0, 17.0, 13.0, 47.0, 14.0, 11.0, 3.0, 11.0, 17.0, 22.0, 20.0, 9.0, 7.0, 42.0, 14.0, 6.0, 28.0, 10.0, 20.0, 16.0, 13.0, 36.0, 7.0, 10.0, 11.0, 9.0, 9.0, 43.0, 21.0, 33.0, 1.0, 9.0, 23.0, 6.0, 62.0, 13.0, 47.0, 42.0, 3.0, 8.0, 20.0, 1.0, 15.0, 21.0, 9.0, 1.0, 32.0, 13.0, 35.0, 12.0, 50.0, 54.0, 13.0, 20.0, 8.0, 10.0, 6.0, 46.0, 8.0, 1.0, 12.0, 3.0, 41.0, 6.0, 17.0, 25.0, 8.0, 5.0, 33.0, 7.0, 35.0, 72.0, 110.0, 28.0, 4.0, 20.0, 2.0, 1.0, 4.0, 4.0, 10.0, 9.0, 21.0, 4.0, 11.0, 21.0, 11.0, 26.0, 9.0, 13.0, 9.0, 2.0, 75.0, 31.0, 8.0, 60.0, 12.0, 3.0, 15.0, 15.0, 4.0, 6.0, 6.0, 6.0, 9.0, 94.0, 11.0, 23.0, 3.0, 16.0, 3.0, 9.0, 5.0, 10.0, 27.0, 41.0, 21.0, 10.0, 33.0, 6.0, 11.0, 25.0, 1.0, 24.0, 38.0, 8.0, 30.0, 16.0, 22.0, 18.0, 15.0, 27.0, 71.0, 8.0, 91.0, 6.0, 6.0, 1.0, 2.0, 5.0, 36.0, 7.0, 8.0, 1.0, 11.0, 14.0, 32.0, 52.0, 6.0, 13.0, 6.0, 9.0, 28.0, 4.0, 5.0, 14.0, 3.0, 10.0, 15.0, 62.0, 29.0, 4.0, 61.0, 34.0, 25.0, 12.0, 9.0, 4.0, 32.0, 11.0, 17.0, 46.0, 8.0, 7.0, 4.0, 12.0, 1.0, 39.0, 2.0, 12.0, 3.0, 23.0, 35.0, 36.0, 9.0, 4.0, 20.0, 8.0, 3.0, 1.0, 30.0, 59.0, 30.0, 23.0, 12.0, 3.0, 21.0, 74.0, 32.0, 3.0, 6.0, 5.0, 46.0, 8.0, 6.0, 21.0, 35.0, 3.0, 11.0, 22.0, 10.0, 10.0, 4.0, 9.0, 13.0, 10.0, 8.0, 7.0, 33.0, 14.0, 24.0, 3.0, 32.0, 8.0, 13.0, 3.0, 14.0, 43.0, 16.0, 3.0, 3.0, 19.0, 36.0, 6.0, 26.0, 13.0, 9.0, 21.0, 9.0, 89.0, 51.0, 28.0, 4.0, 12.0, 113.0, 9.0, 58.0, 10.0, 30.0, 2.0, 29.0, 4.0, 13.0, 14.0, 5.0, 26.0, 3.0, 61.0, 8.0, 24.0, 10.0, 23.0, 7.0, 7.0, 9.0, 29.0, 26.0, 24.0, 1.0, 47.0, 50.0, 40.0, 15.0, 18.0, 8.0, 32.0, 26.0, 6.0, 8.0, 12.0, 8.0, 4.0, 1.0, 12.0, 11.0, 39.0, 10.0, 42.0, 32.0, 11.0, 53.0, 4.0, 28.0, 10.0, 6.0, 1.0, 27.0, 26.0, 32.0, 65.0, 9.0, 1.0, 19.0, 1.0, 15.0, 9.0, 9.0, 29.0, 13.0, 27.0, 11.0, 19.0, 17.0, 38.0, 35.0, 4.0, 38.0, 24.0, 19.0, 3.0, 10.0, 53.0, 10.0, 93.0, 9.0, 27.0, 13.0, 13.0, 54.0, 44.0, 69.0, 64.0, 26.0, 23.0, 4.0, 14.0, 7.0, 13.0, 33.0, 22.0, 18.0, 12.0, 29.0, 11.0, 7.0, 6.0, 53.0, 4.0, 51.0, 14.0, 31.0, 7.0, 1.0, 1.0, 9.0, 15.0, 11.0, 21.0, 14.0, 13.0, 6.0, 48.0, 57.0, 10.0, 48.0, 43.0, 55.0, 2.0, 2.0, 9.0, 26.0, 15.0, 2.0, 61.0, 7.0, 3.0, 14.0, 14.0, 33.0, 22.0, 4.0, 29.0, 14.0, 14.0, 25.0, 3.0, 1.0, 4.0, 11.0, 9.0, 1.0, 53.0, 20.0, 62.0, 9.0, 7.0, 53.0, 13.0, 11.0, 6.0, 2.0, 30.0, 23.0, 22.0, 16.0, 5.0, 9.0, 48.0, 3.0, 9.0, 33.0, 23.0, 28.0, 18.0, 25.0, 33.0, 18.0, 14.0, 6.0, 6.0, 11.0, 4.0, 17.0, 25.0, 19.0, 12.0, 24.0, 43.0, 1.0, 17.0, 80.0, 8.0, 105.0, 12.0, 1.0, 12.0, 7.0, 7.0, 12.0, 28.0, 31.0, 15.0, 10.0, 42.0, 49.0, 15.0, 3.0, 15.0, 12.0, 25.0, 46.0, 3.0, 1.0, 4.0, 24.0, 9.0, 2.0, 39.0, 8.0, 19.0, 4.0, 51.0, 39.0, 5.0, 4.0, 1.0, 106.0, 2.0, 8.0, 1.0, 30.0, 48.0, 25.0, 11.0, 28.0, 8.0, 14.0, 3.0, 5.0, 37.0, 15.0, 58.0, 25.0, 18.0, 47.0, 25.0, 50.0, 4.0, 9.0, 71.0, 18.0, 15.0, 4.0, 6.0, 40.0, 10.0, 20.0, 9.0, 13.0, 3.0, 15.0, 13.0, 19.0, 15.0, 9.0, 8.0, 21.0, 7.0, 7.0, 3.0, 16.0, 8.0, 5.0, 15.0, 19.0, 36.0, 16.0, 24.0, 18.0, 18.0, 2.0, 39.0, 8.0, 20.0, 1.0, 14.0, 4.0, 21.0, 10.0, 14.0, 40.0, 25.0, 4.0, 5.0, 16.0, 18.0, 10.0, 20.0, 42.0, 26.0, 72.0, 18.0, 12.0, 24.0, 4.0, 2.0, 28.0, 4.0, 17.0, 18.0, 6.0, 14.0, 4.0, 21.0, 8.0, 24.0, 15.0, 34.0, 15.0, 3.0, 19.0, 7.0, 24.0, 14.0, 91.0, 1.0, 42.0, 19.0, 32.0, 5.0, 3.0, 5.0, 18.0, 60.0, 39.0, 15.0, 16.0, 31.0, 14.0, 25.0, 36.0, 24.0, 10.0, 13.0, 11.0, 1.0, 12.0, 32.0, 11.0, 15.0, 14.0, 43.0, 16.0, 1.0, 30.0, 45.0, 10.0, 12.0, 47.0, 12.0, 9.0, 38.0, 28.0, 7.0, 9.0, 20.0, 2.0, 9.0, 1.0, 33.0, 1.0, 2.0, 36.0, 2.0, 13.0, 2.0, 5.0, 12.0, 9.0, 32.0, 15.0, 19.0, 11.0, 35.0, 35.0, 7.0, 37.0, 13.0, 9.0, 7.0, 54.0, 61.0, 1.0, 44.0, 14.0, 6.0, 16.0, 79.0, 2.0, 5.0, 94.0, 32.0, 44.0, 46.0, 25.0, 2.0, 1.0, 31.0, 28.0, 12.0, 1.0, 24.0, 11.0, 20.0, 28.0, 21.0, 38.0, 3.0, 36.0, 22.0, 21.0, 11.0, 11.0, 26.0, 2.0, 14.0, 22.0, 4.0, 32.0, 9.0, 19.0, 13.0, 14.0, 3.0, 17.0, 16.0, 48.0, 22.0, 46.0, 8.0, 4.0, 6.0, 13.0, 15.0, 16.0, 9.0, 15.0, 12.0, 13.0, 10.0, 4.0, 7.0, 3.0, 44.0, 19.0, 5.0, 33.0, 15.0, 41.0, 7.0, 12.0, 6.0, 19.0, 28.0, 29.0, 19.0, 5.0, 7.0, 34.0, 6.0, 30.0, 17.0, 9.0, 8.0, 54.0, 8.0, 75.0, 26.0, 27.0, 14.0, 44.0, 39.0, 44.0, 31.0, 2.0, 34.0, 10.0, 84.0, 6.0, 10.0, 25.0, 32.0, 59.0, 4.0, 42.0, 25.0, 23.0, 29.0, 95.0, 14.0, 16.0, 8.0, 8.0, 16.0, 7.0, 36.0, 7.0, 12.0, 3.0, 42.0, 17.0, 16.0, 35.0, 2.0, 20.0, 65.0, 52.0, 1.0, 35.0, 11.0, 20.0, 11.0, 11.0, 11.0, 72.0, 11.0, 1.0, 51.0, 4.0, 8.0, 24.0, 3.0, 19.0, 73.0, 7.0, 51.0, 3.0, 37.0, 10.0, 9.0, 29.0, 5.0, 11.0, 34.0, 21.0, 16.0, 18.0, 15.0, 22.0, 82.0, 7.0, 41.0, 1.0, 96.0, 31.0, 7.0, 10.0, 4.0, 19.0, 26.0, 4.0, 17.0, 8.0, 20.0, 1.0, 58.0, 7.0, 14.0, 3.0, 10.0, 26.0, 22.0, 40.0, 6.0, 8.0, 12.0, 2.0, 7.0, 20.0, 27.0, 37.0, 4.0, 54.0, 15.0, 67.0, 24.0, 11.0, 21.0, 8.0, 20.0, 15.0, 28.0, 42.0, 23.0, 16.0, 22.0, 5.0, 16.0, 19.0, 22.0, 12.0, 10.0, 8.0, 26.0, 19.0, 26.0, 4.0, 23.0, 25.0, 19.0, 3.0, 17.0, 29.0, 7.0, 14.0, 13.0, 13.0, 56.0, 45.0, 33.0, 12.0, 8.0, 50.0, 8.0, 16.0, 60.0, 14.0, 22.0, 76.0, 28.0, 30.0, 29.0, 11.0, 53.0, 21.0, 11.0, 10.0, 12.0, 30.0, 11.0, 44.0, 35.0, 3.0, 24.0, 11.0, 101.0, 1.0, 1.0, 34.0, 22.0, 22.0, 20.0, 1.0, 38.0, 41.0, 15.0, 4.0, 18.0, 14.0, 27.0, 13.0, 35.0, 6.0, 7.0, 51.0, 13.0, 4.0, 29.0, 26.0, 19.0, 1.0, 3.0, 25.0, 3.0, 34.0, 134.0, 13.0, 25.0, 20.0, 19.0, 23.0, 3.0, 2.0, 7.0, 10.0, 7.0, 33.0, 31.0, 108.0, 7.0, 9.0, 28.0, 66.0, 11.0, 6.0, 15.0, 22.0, 25.0, 15.0, 10.0, 13.0, 52.0, 58.0, 28.0, 11.0, 16.0, 37.0, 15.0, 45.0, 4.0, 18.0, 46.0, 9.0, 26.0, 49.0, 4.0, 1.0, 18.0, 21.0, 6.0, 13.0, 23.0, 2.0, 10.0, 3.0, 3.0, 24.0, 43.0, 18.0, 36.0, 5.0, 14.0, 22.0, 1.0, 15.0, 24.0, 25.0, 10.0, 51.0, 33.0, 14.0, 11.0, 16.0, 6.0, 12.0, 7.0, 43.0, 1.0, 4.0, 10.0, 10.0, 46.0, 65.0, 5.0, 39.0, 58.0, 5.0, 13.0, 16.0, 12.0, 16.0, 64.0, 30.0, 23.0, 5.0, 2.0, 1.0, 57.0, 25.0, 53.0, 21.0, 13.0, 51.0, 49.0, 15.0, 22.0, 75.0, 2.0, 14.0, 18.0, 8.0, 7.0, 4.0, 7.0, 10.0, 26.0, 9.0, 13.0, 21.0, 14.0, 1.0, 11.0, 12.0, 1.0, 12.0, 5.0, 24.0, 34.0, 10.0, 2.0, 18.0, 12.0, 11.0, 14.0, 69.0, 15.0, 19.0, 55.0, 78.0, 8.0, 8.0, 27.0, 52.0, 31.0, 43.0, 4.0, 53.0, 30.0, 55.0, 16.0, 3.0, 33.0, 2.0, 15.0, 18.0, 10.0, 3.0, 17.0, 46.0, 6.0, 2.0, 23.0, 3.0, 21.0, 43.0, 2.0, 13.0, 35.0, 36.0, 11.0, 17.0, 3.0, 51.0, 5.0, 9.0, 45.0, 6.0, 29.0, 25.0, 19.0, 18.0, 27.0, 73.0, 29.0, 36.0, 8.0, 50.0, 38.0, 12.0, 24.0, 9.0, 37.0, 66.0, 24.0, 34.0, 40.0, 19.0, 8.0, 66.0, 7.0, 7.0, 8.0, 43.0, 14.0, 4.0, 38.0, 26.0, 40.0, 5.0, 24.0, 7.0, 19.0, 21.0, 22.0, 8.0, 11.0, 25.0, 45.0, 6.0, 3.0, 13.0, 48.0, 3.0, 32.0, 13.0, 9.0, 53.0, 17.0, 2.0, 8.0, 38.0, 7.0, 5.0, 26.0, 7.0, 48.0, 9.0, 27.0, 41.0, 25.0, 47.0, 9.0, 5.0, 73.0, 13.0, 1.0, 3.0, 57.0, 8.0, 8.0, 14.0, 63.0, 7.0, 35.0, 31.0, 1.0, 3.0, 11.0, 14.0, 24.0, 11.0, 8.0, 36.0, 9.0, 24.0, 10.0, 1.0, 3.0, 50.0, 22.0, 20.0, 17.0, 11.0, 1.0, 13.0, 88.0, 5.0, 16.0, 40.0, 46.0, 45.0, 21.0, 6.0, 84.0, 2.0, 18.0, 12.0, 33.0, 6.0, 21.0, 14.0, 10.0, 14.0, 22.0, 66.0, 16.0, 8.0, 21.0, 21.0, 18.0, 5.0, 33.0, 23.0, 14.0, 23.0, 80.0, 16.0, 14.0, 1.0, 20.0, 25.0, 4.0, 2.0, 33.0, 86.0, 21.0, 1.0, 26.0, 54.0, 24.0, 8.0, 4.0, 31.0, 32.0, 11.0, 10.0, 6.0, 32.0, 9.0, 2.0, 6.0, 3.0, 30.0, 12.0, 8.0, 19.0, 9.0, 11.0, 18.0, 6.0, 43.0, 11.0, 15.0, 8.0, 16.0, 25.0, 3.0, 14.0, 11.0, 13.0, 5.0, 11.0, 5.0, 12.0, 2.0, 1.0, 29.0, 25.0, 4.0, 33.0, 16.0, 7.0, 9.0, 4.0, 69.0, 18.0, 25.0, 24.0, 1.0, 14.0, 11.0, 27.0, 12.0, 9.0, 17.0, 17.0, 13.0, 8.0, 10.0, 3.0, 5.0, 14.0, 46.0, 10.0, 17.0, 9.0, 15.0, 22.0, 6.0, 4.0, 12.0, 1.0, 30.0, 1.0, 46.0, 9.0, 5.0, 72.0, 6.0, 13.0, 59.0, 17.0, 44.0, 7.0, 11.0, 17.0, 8.0, 39.0, 6.0, 35.0, 52.0, 8.0, 15.0, 26.0, 30.0, 7.0, 13.0, 2.0, 47.0, 8.0, 32.0, 11.0, 4.0, 3.0, 23.0, 9.0, 12.0, 20.0, 3.0, 27.0, 9.0, 1.0, 5.0, 11.0, 65.0, 30.0, 52.0, 8.0, 55.0, 8.0, 8.0, 36.0, 86.0, 90.0, 70.0, 2.0, 27.0, 1.0, 31.0, 56.0, 11.0, 30.0, 14.0, 22.0, 8.0, 14.0, 39.0, 5.0, 11.0, 10.0, 24.0, 4.0, 10.0, 30.0, 2.0, 12.0, 8.0, 27.0, 13.0, 56.0, 18.0, 59.0, 5.0, 37.0, 46.0, 8.0, 10.0, 13.0, 39.0, 30.0, 61.0, 10.0, 59.0, 23.0, 1.0, 1.0, 11.0, 11.0, 1.0, 14.0, 6.0, 6.0, 26.0, 8.0, 95.0, 7.0, 7.0, 7.0, 27.0, 20.0, 11.0, 4.0, 34.0, 28.0, 115.0, 5.0, 14.0, 16.0, 39.0, 21.0, 45.0, 20.0, 13.0, 8.0, 15.0, 24.0, 7.0, 1.0, 7.0, 33.0, 10.0, 1.0, 18.0, 8.0, 2.0, 9.0, 7.0, 6.0, 44.0, 75.0, 13.0, 30.0, 10.0, 12.0, 5.0] 

MGT times
 [16.0, 15.0, 43.0, 10.0, 13.0, 27.0, 12.0, 7.0, 22.0, 12.0, 20.0, 22.0, 1.0, 32.0, 4.0, 44.0, 8.0, 11.0, 7.0, 1.0, 24.0, 6.0, 26.0, 9.0, 4.0, 31.0, 5.0, 8.0, 11.0, 7.0, 39.0, 10.0, 7.0, 34.0, 5.0, 10.0, 1.0, 7.0, 20.0, 12.0, 61.0, 13.0, 22.0, 7.0, 9.0, 11.0, 28.0, 6.0, 1.0, 15.0, 1.0, 17.0, 64.0, 40.0, 11.0, 103.0, 28.0, 9.0, 1.0, 23.0, 25.0, 9.0, 22.0, 3.0, 4.0, 20.0, 34.0, 8.0, 10.0, 4.0, 23.0, 12.0, 33.0, 4.0, 9.0, 28.0, 14.0, 6.0, 43.0, 16.0, 56.0, 3.0, 8.0, 36.0, 80.0, 2.0, 61.0, 9.0, 12.0, 82.0, 29.0, 11.0, 13.0, 11.0, 24.0, 23.0, 49.0, 31.0, 46.0, 34.0, 12.0, 20.0, 9.0, 10.0, 28.0, 4.0, 13.0, 7.0, 46.0, 4.0, 26.0, 36.0, 9.0, 22.0, 15.0, 74.0, 4.0, 5.0, 15.0, 10.0, 4.0, 36.0, 47.0, 7.0, 12.0, 28.0, 15.0, 2.0, 1.0, 17.0, 33.0, 15.0, 39.0, 6.0, 10.0, 24.0, 27.0, 1.0, 1.0, 31.0, 5.0, 11.0, 3.0, 9.0, 3.0, 76.0, 14.0, 13.0, 19.0, 3.0, 20.0, 3.0, 9.0, 92.0, 10.0, 4.0, 14.0, 26.0, 7.0, 10.0, 18.0, 7.0, 11.0, 16.0, 12.0, 117.0, 11.0, 38.0, 20.0, 56.0, 15.0, 24.0, 26.0, 16.0, 13.0, 1.0, 38.0, 11.0, 4.0, 18.0, 24.0, 12.0, 3.0, 14.0, 15.0, 42.0, 36.0, 43.0, 7.0, 8.0, 33.0, 16.0, 7.0, 13.0, 59.0, 4.0, 12.0, 2.0, 7.0, 67.0, 14.0, 14.0, 35.0, 77.0, 3.0, 16.0, 34.0, 21.0, 9.0, 1.0, 31.0, 26.0, 23.0, 5.0, 23.0, 5.0, 1.0, 25.0, 31.0, 13.0, 64.0, 10.0, 1.0, 21.0, 2.0, 33.0, 1.0, 53.0, 2.0, 24.0, 18.0, 45.0, 38.0, 4.0, 51.0, 10.0, 17.0, 42.0, 29.0, 16.0, 11.0, 33.0, 11.0, 22.0, 12.0, 36.0, 16.0, 3.0, 21.0, 34.0, 1.0, 11.0, 23.0, 1.0, 10.0, 14.0, 35.0, 20.0, 3.0, 1.0, 1.0, 4.0, 1.0, 8.0, 19.0, 10.0, 48.0, 6.0, 46.0, 5.0, 2.0, 11.0, 7.0, 26.0, 22.0, 12.0, 16.0, 11.0, 20.0, 17.0, 9.0, 5.0, 42.0, 1.0, 6.0, 6.0, 17.0, 30.0, 5.0, 44.0, 6.0, 9.0, 3.0, 40.0, 22.0, 4.0, 10.0, 2.0, 8.0, 3.0, 19.0, 20.0, 13.0, 20.0, 27.0, 1.0, 20.0, 40.0, 7.0, 6.0, 16.0, 43.0, 31.0, 29.0, 14.0, 26.0, 3.0, 60.0, 71.0, 16.0, 7.0, 7.0, 1.0, 26.0, 52.0, 11.0, 22.0, 1.0, 61.0, 41.0, 12.0, 33.0, 8.0, 15.0, 14.0, 23.0, 14.0, 1.0, 28.0, 13.0, 4.0, 6.0, 13.0, 14.0, 38.0, 7.0, 29.0, 44.0, 3.0, 18.0, 28.0, 6.0, 9.0, 11.0, 22.0, 11.0, 13.0, 11.0, 12.0, 15.0, 20.0, 11.0, 27.0, 29.0, 7.0, 53.0, 16.0, 35.0, 30.0, 2.0, 27.0, 16.0, 1.0, 11.0, 42.0, 35.0, 6.0, 15.0, 24.0, 8.0, 12.0, 1.0, 16.0, 11.0, 11.0, 17.0, 12.0, 15.0, 18.0, 12.0, 4.0, 23.0, 3.0, 21.0, 12.0, 35.0, 27.0, 14.0, 13.0, 18.0, 17.0, 5.0, 21.0, 18.0, 24.0, 1.0, 3.0, 21.0, 7.0, 42.0, 56.0, 45.0, 4.0, 8.0, 12.0, 8.0, 35.0, 17.0, 49.0, 10.0, 1.0, 65.0, 1.0, 1.0, 58.0, 10.0, 7.0, 14.0, 14.0, 43.0, 3.0, 59.0, 13.0, 45.0, 51.0, 1.0, 18.0, 43.0, 17.0, 9.0, 9.0, 6.0, 26.0, 2.0, 2.0, 23.0, 30.0, 22.0, 5.0, 16.0, 23.0, 9.0, 10.0, 5.0, 1.0, 3.0, 13.0, 30.0, 39.0, 4.0, 4.0, 21.0, 1.0, 28.0, 3.0, 2.0, 22.0, 6.0, 23.0, 6.0, 14.0, 18.0, 34.0, 37.0, 19.0, 3.0, 24.0, 5.0, 191.0, 32.0, 59.0, 15.0, 33.0, 54.0, 13.0, 25.0, 20.0, 21.0, 6.0, 14.0, 38.0, 19.0, 1.0, 8.0, 68.0, 49.0, 8.0, 33.0, 24.0, 10.0, 36.0, 9.0, 6.0, 22.0, 26.0, 1.0, 24.0, 8.0, 14.0, 11.0, 55.0, 49.0, 24.0, 47.0, 12.0, 1.0, 9.0, 13.0, 26.0, 8.0, 22.0, 42.0, 62.0, 6.0, 13.0, 16.0, 1.0, 28.0, 13.0, 67.0, 25.0, 4.0, 11.0, 21.0, 1.0, 6.0, 74.0, 29.0, 4.0, 15.0, 7.0, 25.0, 8.0, 1.0, 15.0, 19.0, 43.0, 29.0, 35.0, 23.0, 5.0, 4.0, 16.0, 20.0, 10.0, 25.0, 51.0, 17.0, 4.0, 54.0, 15.0, 33.0, 15.0, 10.0, 11.0, 12.0, 27.0, 39.0, 9.0, 3.0, 7.0, 12.0, 19.0, 10.0, 13.0, 15.0, 14.0, 61.0, 44.0, 15.0, 27.0, 33.0, 6.0, 1.0, 23.0, 7.0, 19.0, 18.0, 55.0, 9.0, 26.0, 31.0, 17.0, 11.0, 14.0, 18.0, 23.0, 21.0, 8.0, 7.0, 12.0, 15.0, 24.0, 9.0, 10.0, 1.0, 7.0, 11.0, 21.0, 24.0, 23.0, 25.0, 28.0, 147.0, 49.0, 35.0, 33.0, 4.0, 21.0, 27.0, 27.0, 24.0, 1.0, 95.0, 13.0, 11.0, 40.0, 33.0, 13.0, 28.0, 50.0, 25.0, 8.0, 32.0, 2.0, 13.0, 24.0, 83.0, 17.0, 26.0, 10.0, 12.0, 11.0, 29.0, 19.0, 12.0, 42.0, 16.0, 52.0, 20.0, 8.0, 34.0, 9.0, 14.0, 14.0, 4.0, 1.0, 11.0, 29.0, 12.0, 14.0, 10.0, 24.0, 31.0, 18.0, 2.0, 8.0, 21.0, 38.0, 15.0, 23.0, 27.0, 19.0, 11.0, 21.0, 67.0, 28.0, 16.0, 36.0, 36.0, 14.0, 1.0, 19.0, 1.0, 2.0, 13.0, 11.0, 8.0, 7.0, 15.0, 21.0, 22.0, 37.0, 34.0, 28.0, 18.0, 8.0, 5.0, 12.0, 12.0, 8.0, 45.0, 9.0, 1.0, 15.0, 11.0, 30.0, 12.0, 20.0, 36.0, 41.0, 22.0, 12.0, 10.0, 43.0, 3.0, 16.0, 4.0, 30.0, 4.0, 2.0, 16.0, 5.0, 6.0, 8.0, 20.0, 23.0, 21.0, 34.0, 6.0, 38.0, 38.0, 12.0, 4.0, 32.0, 50.0, 8.0, 5.0, 9.0, 14.0, 15.0, 16.0, 10.0, 44.0, 15.0, 8.0, 7.0, 7.0, 33.0, 14.0, 31.0, 24.0, 37.0, 6.0, 6.0, 13.0, 52.0, 17.0, 27.0, 3.0, 22.0, 4.0, 13.0, 3.0, 17.0, 13.0, 13.0, 10.0, 26.0, 10.0, 8.0, 8.0, 2.0, 5.0, 12.0, 15.0, 37.0, 11.0, 36.0, 6.0, 7.0, 3.0, 10.0, 14.0, 3.0, 19.0, 52.0, 11.0, 29.0, 5.0, 31.0, 36.0, 2.0, 7.0, 16.0, 14.0, 14.0, 15.0, 24.0, 20.0, 33.0, 5.0, 1.0, 38.0, 36.0, 32.0, 22.0, 14.0, 32.0, 14.0, 30.0, 5.0, 1.0, 6.0, 6.0, 42.0, 14.0, 10.0, 12.0, 85.0, 44.0, 9.0, 17.0, 8.0, 5.0, 12.0, 13.0, 10.0, 29.0, 67.0, 26.0, 56.0, 5.0, 6.0, 7.0, 2.0, 2.0, 5.0, 11.0, 25.0, 10.0, 45.0, 18.0, 46.0, 31.0, 14.0, 18.0, 2.0, 5.0, 33.0, 26.0, 22.0, 15.0, 22.0, 1.0, 13.0, 25.0, 16.0, 17.0, 11.0, 30.0, 9.0, 4.0, 16.0, 29.0, 10.0, 2.0, 87.0, 15.0, 90.0, 51.0, 13.0, 16.0, 9.0, 18.0, 13.0, 7.0, 14.0, 47.0, 8.0, 16.0, 9.0, 15.0, 10.0, 23.0, 17.0, 6.0, 11.0, 14.0, 25.0, 9.0, 49.0, 12.0, 38.0, 23.0, 13.0, 37.0, 30.0, 46.0, 9.0, 65.0, 11.0, 16.0, 1.0, 11.0, 14.0, 27.0, 24.0, 10.0, 1.0, 17.0, 19.0, 11.0, 9.0, 37.0, 10.0, 10.0, 52.0, 22.0, 70.0, 24.0, 11.0, 11.0, 4.0, 5.0, 9.0, 11.0, 10.0, 30.0, 25.0, 8.0, 7.0, 18.0, 19.0, 31.0, 10.0, 4.0, 20.0, 4.0, 13.0, 48.0, 3.0, 13.0, 30.0, 28.0, 1.0, 23.0, 16.0, 65.0, 9.0, 37.0, 3.0, 30.0, 1.0, 8.0, 16.0, 34.0, 33.0, 11.0, 21.0, 1.0, 13.0, 18.0, 10.0, 5.0, 6.0, 3.0, 58.0, 16.0, 32.0, 9.0, 9.0, 20.0, 10.0, 3.0, 1.0, 12.0, 10.0, 8.0, 17.0, 6.0, 38.0, 3.0, 2.0, 26.0, 61.0, 37.0, 8.0, 29.0, 19.0, 8.0, 7.0, 13.0, 8.0, 8.0, 1.0, 21.0, 16.0, 15.0, 1.0, 31.0, 33.0, 12.0, 7.0, 5.0, 15.0, 44.0, 3.0, 3.0, 18.0, 13.0, 23.0, 36.0, 27.0, 24.0, 8.0, 10.0, 5.0, 42.0, 9.0, 1.0, 1.0, 10.0, 3.0, 3.0, 1.0, 76.0, 17.0, 34.0, 25.0, 9.0, 49.0, 1.0, 1.0, 2.0, 31.0, 24.0, 36.0, 22.0, 29.0, 11.0, 36.0, 40.0, 6.0, 4.0, 14.0, 38.0, 16.0, 6.0, 4.0, 12.0, 5.0, 22.0, 43.0, 14.0, 21.0, 14.0, 8.0, 38.0, 7.0, 22.0, 12.0, 29.0, 11.0, 1.0, 6.0, 8.0, 17.0, 20.0, 11.0, 2.0, 16.0, 1.0, 2.0, 8.0, 12.0, 34.0, 17.0, 7.0, 28.0, 11.0, 9.0, 17.0, 18.0, 29.0, 12.0, 7.0, 12.0, 40.0, 22.0, 1.0, 60.0, 15.0, 6.0, 18.0, 54.0, 56.0, 14.0, 16.0, 17.0, 11.0, 34.0, 25.0, 13.0, 21.0, 6.0, 27.0, 5.0, 11.0, 3.0, 56.0, 13.0, 30.0, 3.0, 46.0, 60.0, 7.0, 33.0, 24.0, 9.0, 17.0, 8.0, 19.0, 6.0, 5.0, 10.0, 2.0, 1.0, 9.0, 31.0, 20.0, 78.0, 4.0, 4.0, 23.0, 34.0, 4.0, 17.0, 84.0, 47.0, 5.0, 13.0, 35.0, 1.0, 51.0, 25.0, 2.0, 39.0, 34.0, 16.0, 14.0, 13.0, 1.0, 37.0, 8.0, 4.0, 35.0, 17.0, 31.0, 19.0, 42.0, 4.0, 7.0, 17.0, 13.0, 4.0, 7.0, 25.0, 34.0, 9.0, 14.0, 6.0, 13.0, 37.0, 1.0, 30.0, 21.0, 36.0, 28.0, 44.0, 55.0, 10.0, 27.0, 2.0, 19.0, 24.0, 4.0, 7.0, 16.0, 22.0, 11.0, 4.0, 51.0, 10.0, 1.0, 38.0, 19.0, 49.0, 8.0, 10.0, 41.0, 5.0, 5.0, 15.0, 12.0, 11.0, 3.0, 11.0, 33.0, 25.0, 80.0, 60.0, 21.0, 4.0, 3.0, 24.0, 7.0, 5.0, 11.0, 10.0, 54.0, 11.0, 28.0, 17.0, 20.0, 14.0, 2.0, 18.0, 12.0, 16.0, 30.0, 19.0, 38.0, 25.0, 12.0, 18.0, 6.0, 26.0, 41.0, 52.0, 21.0, 15.0, 4.0, 103.0, 10.0, 2.0, 52.0, 10.0, 9.0, 8.0, 3.0, 31.0, 67.0, 29.0, 14.0, 14.0, 76.0, 1.0, 15.0, 6.0, 1.0, 1.0, 11.0, 14.0, 27.0, 28.0, 1.0, 10.0, 4.0, 10.0, 35.0, 11.0, 6.0, 13.0, 7.0, 9.0, 14.0, 6.0, 10.0, 28.0, 18.0, 10.0, 13.0, 41.0, 40.0, 62.0, 6.0, 3.0, 97.0, 20.0, 1.0, 17.0, 14.0, 9.0, 24.0, 15.0, 11.0, 26.0, 4.0, 32.0, 42.0, 3.0, 14.0, 41.0, 7.0, 6.0, 4.0, 13.0, 67.0, 20.0, 26.0, 23.0, 56.0, 2.0, 51.0, 19.0, 8.0, 62.0, 4.0, 2.0, 3.0, 1.0, 29.0, 28.0, 10.0, 21.0, 3.0, 10.0, 20.0, 19.0, 26.0, 30.0, 23.0, 6.0, 54.0, 11.0, 24.0, 3.0, 5.0, 13.0, 31.0, 9.0, 13.0, 12.0, 89.0, 30.0, 10.0, 28.0, 15.0, 1.0, 21.0, 24.0, 53.0, 10.0, 4.0, 85.0, 25.0, 23.0, 11.0, 4.0, 8.0, 53.0, 4.0, 42.0, 9.0, 11.0, 10.0, 25.0, 25.0, 118.0, 23.0, 12.0, 8.0, 140.0, 3.0, 12.0, 17.0, 40.0, 1.0, 8.0, 67.0, 37.0, 9.0, 2.0, 53.0, 2.0, 49.0, 91.0, 13.0, 9.0, 10.0, 3.0, 24.0, 23.0, 1.0, 31.0, 4.0, 17.0, 11.0, 13.0, 3.0, 38.0, 16.0, 11.0, 32.0, 21.0, 4.0, 6.0, 8.0, 14.0, 20.0, 13.0, 17.0, 40.0, 18.0, 50.0, 9.0, 9.0, 7.0, 11.0, 17.0, 16.0, 2.0, 47.0, 16.0, 4.0, 43.0, 16.0, 26.0, 3.0, 58.0, 2.0, 1.0, 7.0, 10.0, 9.0, 14.0, 11.0, 13.0, 11.0, 4.0, 31.0, 18.0, 16.0, 10.0, 18.0, 24.0, 7.0, 13.0, 26.0, 17.0, 10.0, 44.0, 6.0, 1.0, 6.0, 25.0, 42.0, 20.0, 30.0, 7.0, 17.0, 32.0, 26.0, 68.0, 17.0, 13.0, 65.0, 104.0, 5.0, 6.0, 37.0, 34.0, 12.0, 15.0, 5.0, 41.0, 26.0, 20.0, 1.0, 5.0, 48.0, 12.0, 10.0, 7.0, 17.0, 72.0, 9.0, 49.0, 11.0, 91.0, 31.0, 1.0, 17.0, 3.0, 118.0, 21.0, 40.0, 42.0, 47.0, 96.0, 9.0, 1.0, 5.0, 25.0, 19.0, 11.0, 8.0, 17.0, 11.0, 28.0, 25.0, 56.0, 24.0, 15.0, 49.0, 19.0, 9.0, 39.0, 14.0, 1.0, 4.0, 36.0, 38.0, 33.0, 4.0, 9.0, 18.0, 33.0, 43.0, 12.0, 32.0, 36.0, 10.0, 43.0, 129.0, 7.0, 12.0, 19.0, 15.0, 20.0, 44.0, 32.0, 1.0, 8.0, 91.0, 11.0, 1.0, 17.0, 11.0, 2.0, 20.0, 15.0, 8.0, 130.0, 64.0, 14.0, 13.0, 51.0, 50.0, 6.0, 48.0, 2.0, 3.0, 30.0, 30.0, 64.0, 4.0, 8.0, 12.0, 6.0, 8.0, 8.0, 20.0, 30.0, 27.0, 9.0, 10.0, 16.0, 28.0, 10.0, 23.0, 4.0, 9.0, 43.0, 17.0, 28.0, 4.0, 44.0, 56.0, 11.0, 2.0, 20.0, 28.0, 15.0, 9.0, 17.0, 11.0, 34.0, 12.0, 7.0, 8.0, 41.0, 9.0, 8.0, 31.0, 3.0, 7.0, 7.0, 34.0, 62.0, 21.0, 51.0, 45.0, 32.0, 5.0, 1.0, 9.0, 10.0, 15.0, 1.0, 9.0, 16.0, 9.0, 13.0, 7.0, 51.0, 63.0, 23.0, 31.0, 25.0, 23.0, 2.0, 5.0, 5.0, 9.0, 50.0, 3.0, 11.0, 14.0, 8.0, 8.0, 16.0, 18.0, 7.0, 8.0, 14.0, 40.0, 3.0, 12.0, 29.0, 24.0, 10.0, 1.0, 11.0, 21.0, 16.0, 34.0, 40.0, 18.0, 50.0, 18.0, 10.0, 29.0, 17.0, 80.0, 26.0, 17.0, 45.0, 22.0, 25.0, 14.0, 5.0, 32.0, 16.0, 15.0, 5.0, 12.0, 11.0, 13.0, 28.0, 18.0, 7.0, 6.0, 28.0, 34.0, 76.0, 9.0, 33.0, 18.0, 37.0, 66.0, 27.0, 49.0, 19.0, 7.0, 20.0, 15.0, 29.0, 19.0, 9.0, 16.0, 6.0, 9.0, 78.0, 7.0, 1.0, 47.0, 24.0, 30.0, 2.0, 38.0, 4.0, 25.0, 24.0, 7.0, 35.0, 11.0, 20.0, 1.0, 5.0, 58.0, 1.0, 34.0, 1.0, 9.0, 40.0, 15.0, 11.0, 8.0, 17.0, 7.0, 34.0, 9.0, 14.0, 14.0, 36.0, 12.0, 14.0, 14.0, 52.0, 7.0, 42.0, 12.0, 26.0, 32.0, 24.0, 10.0, 6.0, 21.0, 11.0, 14.0, 10.0, 13.0, 3.0, 10.0, 165.0, 27.0, 5.0, 22.0, 4.0, 7.0, 2.0, 8.0, 8.0, 6.0, 15.0, 5.0, 4.0, 19.0, 14.0, 14.0, 23.0, 17.0, 3.0, 8.0, 13.0, 45.0, 8.0, 56.0, 11.0, 76.0, 17.0, 3.0, 25.0, 6.0, 25.0, 19.0, 13.0, 16.0, 8.0, 28.0, 19.0, 7.0, 19.0, 3.0, 22.0, 25.0, 21.0, 72.0, 16.0, 3.0, 23.0, 27.0, 39.0, 11.0, 14.0, 16.0, 12.0, 11.0, 8.0, 5.0, 61.0, 23.0, 26.0, 40.0, 6.0, 16.0, 61.0, 49.0, 4.0, 18.0, 1.0, 13.0, 15.0, 3.0, 18.0, 6.0, 32.0, 2.0, 5.0, 21.0, 11.0, 15.0, 24.0, 6.0, 1.0, 16.0, 11.0, 10.0, 1.0, 27.0, 9.0, 12.0, 13.0, 49.0, 5.0, 36.0, 21.0, 6.0, 15.0, 7.0, 3.0, 28.0, 1.0, 9.0, 3.0, 20.0, 37.0, 7.0, 6.0, 29.0, 13.0, 34.0, 7.0, 24.0, 18.0, 7.0, 15.0, 2.0, 19.0, 20.0, 13.0, 6.0, 3.0, 2.0, 15.0, 32.0, 31.0, 10.0, 18.0, 41.0, 26.0, 7.0, 12.0, 9.0, 24.0, 13.0, 9.0, 13.0, 91.0, 28.0, 49.0, 30.0, 56.0, 72.0, 23.0, 26.0, 44.0, 7.0, 5.0, 17.0, 7.0, 14.0, 14.0, 21.0, 6.0, 21.0, 26.0, 28.0, 15.0, 1.0, 16.0, 3.0, 24.0, 22.0, 18.0, 24.0, 13.0, 19.0, 1.0, 14.0, 25.0, 8.0, 91.0, 24.0, 4.0, 3.0, 5.0, 20.0, 28.0, 19.0, 51.0, 17.0, 15.0, 19.0, 32.0, 67.0, 42.0, 12.0, 2.0, 23.0, 12.0, 7.0, 13.0, 18.0, 6.0, 17.0, 8.0, 11.0, 14.0, 21.0, 19.0, 7.0, 21.0, 7.0, 2.0, 2.0, 34.0, 29.0, 46.0, 25.0, 3.0, 29.0, 32.0, 3.0, 37.0, 26.0, 38.0, 10.0, 3.0, 8.0, 2.0, 5.0, 27.0, 22.0, 133.0, 21.0, 46.0, 23.0, 1.0, 7.0, 6.0, 9.0, 22.0, 3.0, 47.0, 9.0, 34.0, 16.0, 7.0, 57.0, 28.0, 10.0, 25.0, 59.0, 16.0, 3.0, 15.0, 12.0, 9.0, 4.0, 10.0, 1.0, 5.0, 7.0, 8.0, 3.0, 40.0, 7.0, 5.0, 46.0, 23.0, 34.0, 64.0, 17.0, 42.0, 19.0, 35.0, 12.0, 7.0, 20.0, 16.0, 13.0, 13.0, 25.0, 10.0, 21.0, 30.0, 15.0, 2.0, 18.0, 19.0, 3.0, 20.0, 25.0, 15.0, 20.0, 23.0, 100.0, 7.0, 20.0, 108.0, 13.0, 4.0, 3.0, 12.0, 7.0, 36.0, 34.0, 15.0, 16.0, 7.0, 1.0, 9.0, 30.0, 48.0, 87.0, 9.0, 25.0, 52.0, 1.0, 18.0, 9.0, 1.0, 33.0, 44.0, 10.0, 1.0, 4.0, 20.0, 8.0, 12.0, 6.0, 12.0, 30.0, 19.0, 74.0, 17.0, 13.0, 22.0, 10.0, 14.0, 6.0, 64.0, 31.0, 20.0, 11.0, 67.0, 10.0, 20.0, 17.0, 6.0, 42.0, 13.0, 46.0, 27.0, 25.0, 25.0, 2.0, 1.0, 33.0, 7.0, 25.0, 15.0, 11.0, 6.0, 16.0, 27.0, 9.0, 59.0, 45.0, 5.0, 22.0, 60.0, 65.0, 5.0, 10.0, 15.0, 29.0, 32.0, 6.0, 33.0, 28.0, 5.0, 16.0, 6.0, 31.0, 41.0, 13.0, 33.0, 25.0, 11.0, 37.0, 5.0, 14.0, 10.0, 1.0, 27.0, 59.0, 14.0, 4.0, 26.0, 79.0, 15.0, 37.0, 22.0, 21.0, 43.0, 6.0, 30.0, 39.0, 48.0, 1.0, 33.0, 56.0, 6.0, 9.0, 50.0, 2.0, 26.0, 8.0, 6.0, 54.0, 9.0, 40.0, 7.0, 9.0, 6.0, 38.0, 1.0, 30.0, 8.0, 1.0, 11.0, 18.0, 12.0, 10.0, 5.0, 39.0, 4.0, 6.0, 22.0, 19.0, 2.0, 19.0, 8.0, 24.0, 30.0, 3.0, 17.0, 29.0, 12.0, 20.0, 4.0, 34.0, 10.0, 26.0, 32.0, 12.0, 13.0, 16.0, 2.0, 3.0, 30.0, 16.0, 9.0, 22.0, 3.0, 28.0, 7.0, 12.0, 20.0, 50.0, 17.0, 17.0, 65.0, 10.0, 58.0, 5.0, 11.0, 21.0, 7.0, 7.0, 11.0, 1.0, 66.0, 11.0, 31.0, 54.0, 14.0, 27.0, 8.0, 9.0, 26.0, 61.0, 16.0, 90.0, 22.0, 6.0, 15.0, 10.0, 29.0, 50.0, 3.0, 3.0, 27.0, 72.0, 36.0, 7.0, 55.0, 3.0, 1.0, 22.0, 10.0, 11.0, 1.0, 23.0, 33.0, 22.0, 1.0, 31.0, 69.0, 28.0, 20.0, 13.0, 12.0, 21.0, 44.0, 2.0, 4.0, 16.0, 13.0, 12.0, 11.0, 15.0, 5.0, 18.0, 17.0, 42.0, 39.0, 4.0, 20.0, 35.0, 4.0, 10.0, 1.0, 16.0, 8.0, 4.0, 6.0, 22.0, 55.0, 2.0, 35.0, 4.0, 5.0, 16.0, 1.0, 72.0, 11.0, 6.0, 3.0, 10.0, 20.0, 12.0, 17.0, 8.0, 41.0, 8.0, 5.0, 10.0, 33.0, 22.0, 18.0, 11.0, 9.0, 11.0, 23.0, 35.0, 34.0, 35.0, 12.0, 33.0, 12.0, 25.0, 5.0, 50.0, 9.0, 23.0, 23.0, 8.0, 11.0, 2.0, 27.0, 6.0, 73.0, 1.0, 8.0, 124.0, 12.0, 7.0, 1.0, 49.0, 62.0, 11.0, 13.0, 1.0, 18.0, 16.0, 21.0, 18.0, 30.0, 18.0, 48.0, 6.0, 35.0, 3.0, 31.0, 32.0, 2.0, 34.0, 23.0, 4.0, 12.0, 54.0, 3.0, 9.0, 9.0, 19.0, 11.0, 55.0, 10.0, 8.0, 17.0, 11.0, 12.0, 61.0, 48.0, 19.0, 35.0, 65.0, 61.0, 68.0, 43.0, 5.0, 22.0, 35.0, 15.0, 8.0, 28.0, 22.0, 13.0, 30.0, 5.0, 49.0, 21.0, 6.0, 22.0, 31.0, 23.0, 5.0, 29.0, 22.0, 17.0, 12.0, 15.0, 15.0, 12.0, 4.0, 13.0, 37.0, 14.0, 1.0, 7.0, 20.0, 15.0, 1.0, 21.0, 32.0, 29.0, 2.0, 4.0, 27.0, 17.0, 11.0, 48.0, 39.0, 21.0, 5.0, 14.0, 29.0, 65.0, 11.0, 8.0, 1.0, 61.0, 16.0, 1.0, 6.0, 11.0, 56.0, 16.0, 27.0, 9.0, 87.0, 4.0, 13.0, 43.0, 2.0, 7.0, 11.0, 10.0, 3.0, 28.0, 61.0, 4.0, 10.0, 28.0, 9.0, 15.0, 36.0, 18.0, 11.0, 113.0, 1.0, 10.0, 9.0, 23.0, 42.0, 20.0, 42.0, 3.0, 11.0, 3.0, 27.0, 5.0, 1.0, 42.0, 6.0, 68.0, 47.0, 1.0, 15.0, 45.0, 11.0, 3.0, 20.0, 11.0, 20.0, 9.0, 40.0, 33.0, 13.0, 18.0, 14.0, 7.0, 52.0, 29.0, 32.0, 5.0, 13.0, 25.0, 24.0, 3.0, 4.0, 8.0, 14.0, 4.0, 3.0, 40.0, 1.0, 2.0, 33.0, 10.0, 13.0, 29.0, 4.0, 3.0, 6.0, 3.0, 24.0, 21.0, 7.0, 14.0, 19.0, 32.0, 30.0, 10.0, 4.0, 34.0, 91.0, 18.0, 25.0, 62.0, 41.0, 16.0, 7.0, 1.0, 12.0, 5.0, 52.0, 18.0, 59.0, 19.0, 35.0, 27.0, 16.0, 50.0, 7.0, 39.0, 17.0, 32.0, 3.0, 5.0, 69.0, 8.0, 8.0, 21.0, 15.0, 10.0, 12.0, 23.0, 7.0, 16.0, 16.0, 38.0, 44.0, 32.0, 8.0, 9.0, 4.0, 3.0, 3.0, 18.0, 11.0, 4.0, 23.0, 8.0, 12.0, 7.0, 28.0, 34.0, 10.0, 9.0, 16.0, 33.0, 2.0, 48.0, 28.0, 49.0, 14.0, 1.0, 6.0, 61.0, 13.0, 30.0, 13.0, 5.0, 41.0, 5.0, 7.0, 22.0, 33.0, 37.0, 16.0, 20.0, 15.0, 36.0, 35.0, 37.0, 16.0, 7.0, 20.0, 20.0, 64.0, 8.0, 26.0, 43.0, 12.0, 54.0, 37.0, 7.0, 17.0, 13.0, 46.0, 14.0, 11.0, 3.0, 11.0, 17.0, 22.0, 20.0, 9.0, 7.0, 42.0, 14.0, 6.0, 28.0, 10.0, 20.0, 16.0, 13.0, 36.0, 7.0, 10.0, 11.0, 9.0, 9.0, 43.0, 21.0, 33.0, 1.0, 9.0, 23.0, 6.0, 62.0, 13.0, 47.0, 42.0, 3.0, 8.0, 20.0, 1.0, 15.0, 21.0, 9.0, 1.0, 32.0, 13.0, 35.0, 12.0, 50.0, 54.0, 13.0, 20.0, 8.0, 10.0, 6.0, 46.0, 8.0, 1.0, 12.0, 3.0, 41.0, 6.0, 17.0, 25.0, 8.0, 5.0, 33.0, 7.0, 35.0, 72.0, 110.0, 28.0, 4.0, 20.0, 2.0, 1.0, 4.0, 4.0, 10.0, 9.0, 21.0, 4.0, 11.0, 21.0, 11.0, 26.0, 9.0, 13.0, 9.0, 2.0, 75.0, 31.0, 8.0, 60.0, 12.0, 3.0, 15.0, 15.0, 4.0, 6.0, 6.0, 6.0, 9.0, 94.0, 11.0, 23.0, 3.0, 16.0, 3.0, 9.0, 5.0, 10.0, 27.0, 41.0, 21.0, 10.0, 33.0, 6.0, 11.0, 25.0, 1.0, 24.0, 38.0, 8.0, 30.0, 16.0, 22.0, 18.0, 15.0, 27.0, 71.0, 8.0, 91.0, 6.0, 6.0, 1.0, 2.0, 5.0, 36.0, 7.0, 8.0, 1.0, 11.0, 14.0, 32.0, 52.0, 6.0, 13.0, 6.0, 9.0, 28.0, 4.0, 5.0, 14.0, 3.0, 10.0, 15.0, 62.0, 29.0, 4.0, 61.0, 34.0, 25.0, 12.0, 9.0, 4.0, 32.0, 11.0, 17.0, 46.0, 8.0, 7.0, 4.0, 12.0, 1.0, 39.0, 2.0, 12.0, 3.0, 23.0, 35.0, 36.0, 9.0, 4.0, 20.0, 8.0, 3.0, 1.0, 30.0, 59.0, 30.0, 23.0, 12.0, 3.0, 21.0, 74.0, 32.0, 3.0, 6.0, 5.0, 46.0, 8.0, 6.0, 21.0, 35.0, 3.0, 11.0, 22.0, 10.0, 10.0, 4.0, 9.0, 13.0, 10.0, 8.0, 7.0, 33.0, 14.0, 24.0, 3.0, 32.0, 8.0, 13.0, 3.0, 14.0, 43.0, 16.0, 3.0, 3.0, 19.0, 36.0, 6.0, 26.0, 13.0, 9.0, 21.0, 9.0, 89.0, 51.0, 28.0, 4.0, 12.0, 113.0, 9.0, 58.0, 10.0, 30.0, 2.0, 29.0, 4.0, 13.0, 14.0, 5.0, 26.0, 3.0, 61.0, 8.0, 24.0, 10.0, 23.0, 7.0, 7.0, 9.0, 29.0, 26.0, 24.0, 1.0, 47.0, 50.0, 40.0, 15.0, 18.0, 8.0, 32.0, 26.0, 6.0, 8.0, 12.0, 8.0, 4.0, 1.0, 12.0, 11.0, 39.0, 10.0, 42.0, 32.0, 11.0, 53.0, 4.0, 28.0, 10.0, 6.0, 1.0, 27.0, 26.0, 32.0, 65.0, 9.0, 1.0, 19.0, 1.0, 15.0, 9.0, 9.0, 29.0, 13.0, 27.0, 11.0, 19.0, 17.0, 38.0, 35.0, 4.0, 38.0, 24.0, 19.0, 3.0, 10.0, 53.0, 10.0, 93.0, 9.0, 27.0, 13.0, 13.0, 54.0, 44.0, 69.0, 64.0, 26.0, 23.0, 4.0, 14.0, 7.0, 13.0, 33.0, 22.0, 18.0, 12.0, 29.0, 11.0, 7.0, 6.0, 53.0, 4.0, 51.0, 14.0, 31.0, 7.0, 1.0, 1.0, 9.0, 15.0, 11.0, 21.0, 14.0, 13.0, 6.0, 48.0, 57.0, 10.0, 48.0, 43.0, 55.0, 2.0, 2.0, 9.0, 26.0, 15.0, 2.0, 61.0, 7.0, 3.0, 14.0, 14.0, 33.0, 22.0, 4.0, 29.0, 14.0, 14.0, 25.0, 3.0, 1.0, 4.0, 11.0, 9.0, 1.0, 53.0, 20.0, 62.0, 9.0, 7.0, 53.0, 13.0, 11.0, 6.0, 2.0, 30.0, 23.0, 22.0, 16.0, 5.0, 9.0, 48.0, 3.0, 9.0, 33.0, 23.0, 28.0, 18.0, 25.0, 33.0, 18.0, 14.0, 6.0, 6.0, 11.0, 4.0, 17.0, 25.0, 19.0, 12.0, 24.0, 43.0, 1.0, 17.0, 80.0, 8.0, 105.0, 12.0, 1.0, 12.0, 7.0, 7.0, 12.0, 28.0, 31.0, 15.0, 10.0, 42.0, 49.0, 15.0, 3.0, 15.0, 12.0, 25.0, 46.0, 3.0, 1.0, 4.0, 24.0, 9.0, 2.0, 39.0, 8.0, 19.0, 4.0, 51.0, 39.0, 5.0, 4.0, 1.0, 106.0, 2.0, 8.0, 1.0, 30.0, 48.0, 25.0, 11.0, 28.0, 8.0, 14.0, 3.0, 5.0, 37.0, 15.0, 58.0, 25.0, 18.0, 47.0, 25.0, 50.0, 4.0, 9.0, 71.0, 18.0, 15.0, 4.0, 6.0, 40.0, 10.0, 20.0, 9.0, 13.0, 3.0, 15.0, 13.0, 19.0, 15.0, 9.0, 8.0, 21.0, 7.0, 7.0, 3.0, 16.0, 8.0, 5.0, 15.0, 19.0, 36.0, 16.0, 24.0, 18.0, 18.0, 2.0, 39.0, 8.0, 20.0, 1.0, 14.0, 4.0, 21.0, 10.0, 14.0, 40.0, 25.0, 4.0, 5.0, 16.0, 18.0, 10.0, 20.0, 42.0, 26.0, 72.0, 18.0, 12.0, 24.0, 4.0, 2.0, 28.0, 4.0, 17.0, 18.0, 6.0, 14.0, 4.0, 21.0, 8.0, 24.0, 15.0, 34.0, 15.0, 3.0, 19.0, 7.0, 24.0, 14.0, 91.0, 1.0, 42.0, 19.0, 32.0, 5.0, 3.0, 5.0, 18.0, 60.0, 39.0, 15.0, 16.0, 31.0, 14.0, 25.0, 36.0, 24.0, 10.0, 13.0, 11.0, 1.0, 12.0, 32.0, 11.0, 15.0, 14.0, 43.0, 16.0, 1.0, 30.0, 45.0, 10.0, 12.0, 47.0, 12.0, 9.0, 38.0, 28.0, 7.0, 9.0, 20.0, 2.0, 9.0, 1.0, 33.0, 1.0, 2.0, 36.0, 2.0, 13.0, 2.0, 5.0, 12.0, 9.0, 32.0, 15.0, 19.0, 11.0, 35.0, 35.0, 7.0, 37.0, 13.0, 9.0, 7.0, 54.0, 61.0, 1.0, 44.0, 14.0, 6.0, 16.0, 79.0, 2.0, 5.0, 94.0, 32.0, 44.0, 46.0, 25.0, 2.0, 1.0, 31.0, 28.0, 12.0, 1.0, 24.0, 11.0, 20.0, 28.0, 21.0, 38.0, 3.0, 36.0, 22.0, 21.0, 11.0, 11.0, 26.0, 2.0, 14.0, 22.0, 4.0, 32.0, 9.0, 19.0, 13.0, 14.0, 3.0, 17.0, 16.0, 48.0, 22.0, 46.0, 8.0, 4.0, 6.0, 13.0, 15.0, 16.0, 9.0, 15.0, 12.0, 13.0, 10.0, 4.0, 7.0, 3.0, 44.0, 19.0, 5.0, 33.0, 15.0, 41.0, 7.0, 12.0, 6.0, 19.0, 28.0, 29.0, 19.0, 5.0, 7.0, 34.0, 6.0, 30.0, 17.0, 9.0, 8.0, 54.0, 8.0, 75.0, 26.0, 27.0, 14.0, 44.0, 39.0, 44.0, 31.0, 2.0, 34.0, 10.0, 84.0, 6.0, 10.0, 25.0, 32.0, 59.0, 4.0, 42.0, 25.0, 23.0, 29.0, 95.0, 14.0, 16.0, 8.0, 8.0, 16.0, 7.0, 36.0, 7.0, 12.0, 3.0, 42.0, 17.0, 16.0, 35.0, 2.0, 20.0, 65.0, 52.0, 1.0, 35.0, 11.0, 20.0, 11.0, 11.0, 11.0, 72.0, 11.0, 1.0, 51.0, 4.0, 8.0, 24.0, 3.0, 19.0, 73.0, 7.0, 51.0, 3.0, 37.0, 10.0, 9.0, 29.0, 5.0, 11.0, 34.0, 21.0, 16.0, 18.0, 15.0, 22.0, 82.0, 7.0, 41.0, 1.0, 96.0, 31.0, 7.0, 10.0, 4.0, 19.0, 26.0, 4.0, 17.0, 8.0, 20.0, 1.0, 58.0, 7.0, 14.0, 3.0, 10.0, 26.0, 22.0, 40.0, 6.0, 8.0, 12.0, 2.0, 7.0, 20.0, 27.0, 37.0, 4.0, 54.0, 15.0, 67.0, 24.0, 11.0, 21.0, 8.0, 20.0, 15.0, 28.0, 42.0, 23.0, 16.0, 22.0, 5.0, 16.0, 19.0, 22.0, 12.0, 10.0, 8.0, 26.0, 19.0, 26.0, 4.0, 23.0, 25.0, 19.0, 3.0, 17.0, 29.0, 7.0, 14.0, 13.0, 13.0, 56.0, 45.0, 33.0, 12.0, 8.0, 50.0, 8.0, 16.0, 60.0, 14.0, 22.0, 76.0, 28.0, 30.0, 29.0, 11.0, 53.0, 21.0, 11.0, 10.0, 12.0, 30.0, 11.0, 44.0, 35.0, 3.0, 24.0, 11.0, 101.0, 1.0, 1.0, 34.0, 22.0, 22.0, 20.0, 1.0, 38.0, 41.0, 15.0, 4.0, 18.0, 14.0, 27.0, 13.0, 35.0, 6.0, 7.0, 51.0, 13.0, 4.0, 29.0, 26.0, 19.0, 1.0, 3.0, 25.0, 3.0, 34.0, 134.0, 13.0, 25.0, 20.0, 19.0, 23.0, 3.0, 2.0, 7.0, 10.0, 7.0, 33.0, 31.0, 108.0, 7.0, 9.0, 28.0, 66.0, 11.0, 6.0, 15.0, 22.0, 25.0, 15.0, 10.0, 13.0, 52.0, 58.0, 28.0, 11.0, 16.0, 37.0, 15.0, 45.0, 4.0, 18.0, 46.0, 9.0, 26.0, 49.0, 4.0, 1.0, 18.0, 21.0, 6.0, 13.0, 23.0, 2.0, 10.0, 3.0, 3.0, 24.0, 43.0, 18.0, 36.0, 5.0, 14.0, 22.0, 1.0, 15.0, 24.0, 25.0, 10.0, 51.0, 33.0, 14.0, 11.0, 16.0, 6.0, 12.0, 7.0, 43.0, 1.0, 4.0, 10.0, 10.0, 46.0, 65.0, 5.0, 39.0, 58.0, 5.0, 13.0, 16.0, 12.0, 16.0, 64.0, 30.0, 23.0, 5.0, 2.0, 1.0, 57.0, 25.0, 53.0, 21.0, 13.0, 51.0, 49.0, 15.0, 22.0, 75.0, 2.0, 14.0, 18.0, 8.0, 7.0, 4.0, 7.0, 10.0, 26.0, 9.0, 13.0, 21.0, 14.0, 1.0, 11.0, 12.0, 1.0, 12.0, 5.0, 24.0, 34.0, 10.0, 2.0, 18.0, 12.0, 11.0, 14.0, 69.0, 15.0, 19.0, 55.0, 78.0, 8.0, 8.0, 27.0, 52.0, 31.0, 43.0, 4.0, 53.0, 30.0, 55.0, 16.0, 3.0, 33.0, 2.0, 15.0, 18.0, 10.0, 3.0, 17.0, 46.0, 6.0, 2.0, 23.0, 3.0, 21.0, 43.0, 2.0, 13.0, 35.0, 36.0, 11.0, 17.0, 3.0, 51.0, 5.0, 9.0, 45.0, 6.0, 29.0, 25.0, 19.0, 18.0, 27.0, 73.0, 29.0, 36.0, 8.0, 50.0, 38.0, 12.0, 24.0, 9.0, 37.0, 66.0, 24.0, 34.0, 40.0, 19.0, 8.0, 66.0, 7.0, 7.0, 8.0, 43.0, 14.0, 4.0, 38.0, 26.0, 40.0, 5.0, 24.0, 7.0, 19.0, 21.0, 22.0, 8.0, 11.0, 25.0, 45.0, 6.0, 3.0, 13.0, 48.0, 3.0, 32.0, 13.0, 9.0, 53.0, 17.0, 2.0, 8.0, 38.0, 7.0, 5.0, 26.0, 7.0, 48.0, 9.0, 27.0, 41.0, 25.0, 47.0, 9.0, 5.0, 73.0, 13.0, 1.0, 3.0, 57.0, 8.0, 8.0, 14.0, 63.0, 7.0, 35.0, 31.0, 1.0, 3.0, 11.0, 14.0, 24.0, 11.0, 8.0, 36.0, 9.0, 24.0, 10.0, 1.0, 3.0, 50.0, 22.0, 20.0, 17.0, 11.0, 1.0, 13.0, 88.0, 5.0, 16.0, 40.0, 46.0, 45.0, 21.0, 6.0, 84.0, 2.0, 18.0, 12.0, 33.0, 6.0, 21.0, 14.0, 10.0, 14.0, 22.0, 66.0, 16.0, 8.0, 21.0, 21.0, 18.0, 5.0, 33.0, 23.0, 14.0, 23.0, 80.0, 16.0, 14.0, 1.0, 20.0, 25.0, 4.0, 2.0, 33.0, 86.0, 21.0, 1.0, 26.0, 54.0, 24.0, 8.0, 4.0, 31.0, 32.0, 11.0, 10.0, 6.0, 32.0, 9.0, 2.0, 6.0, 3.0, 30.0, 12.0, 8.0, 19.0, 9.0, 11.0, 18.0, 6.0, 43.0, 11.0, 15.0, 8.0, 16.0, 25.0, 3.0, 14.0, 11.0, 13.0, 5.0, 11.0, 5.0, 12.0, 2.0, 1.0, 29.0, 25.0, 4.0, 33.0, 16.0, 7.0, 9.0, 4.0, 69.0, 18.0, 25.0, 24.0, 1.0, 14.0, 11.0, 27.0, 12.0, 9.0, 17.0, 17.0, 13.0, 8.0, 10.0, 3.0, 5.0, 14.0, 46.0, 10.0, 17.0, 9.0, 15.0, 22.0, 6.0, 4.0, 12.0, 1.0, 30.0, 1.0, 46.0, 9.0, 5.0, 72.0, 6.0, 13.0, 59.0, 17.0, 44.0, 7.0, 11.0, 17.0, 8.0, 39.0, 6.0, 35.0, 52.0, 8.0, 15.0, 26.0, 30.0, 7.0, 13.0, 2.0, 47.0, 8.0, 32.0, 11.0, 4.0, 3.0, 23.0, 9.0, 12.0, 20.0, 3.0, 27.0, 9.0, 1.0, 5.0, 11.0, 65.0, 30.0, 52.0, 8.0, 55.0, 8.0, 8.0, 36.0, 86.0, 90.0, 70.0, 2.0, 27.0, 1.0, 31.0, 56.0, 11.0, 30.0, 14.0, 22.0, 8.0, 14.0, 39.0, 5.0, 11.0, 10.0, 24.0, 4.0, 10.0, 30.0, 2.0, 12.0, 8.0, 27.0, 13.0, 56.0, 18.0, 59.0, 5.0, 37.0, 46.0, 8.0, 10.0, 13.0, 39.0, 30.0, 61.0, 10.0, 59.0, 23.0, 1.0, 1.0, 11.0, 11.0, 1.0, 14.0, 6.0, 6.0, 26.0, 8.0, 95.0, 7.0, 7.0, 7.0, 27.0, 20.0, 11.0, 4.0, 34.0, 28.0, 115.0, 5.0, 14.0, 16.0, 39.0, 21.0, 45.0, 20.0, 13.0, 8.0, 15.0, 24.0, 7.0, 1.0, 7.0, 33.0, 10.0, 1.0, 18.0, 8.0, 2.0, 9.0, 7.0, 6.0, 44.0, 75.0, 13.0, 30.0, 10.0, 12.0, 5.0] 

SGT times
 [1.0, 7.0, 1.0, 10.0, 2.0, 1.0]
